timeStamp,elapsed,label,responseCode,responseMessage,threadName,dataType,success,failureMessage,bytes,sentBytes,grpThreads,allThreads,URL,Latency,IdleTime,Connect
1774386490804,915,1 - Acessar Home,200,OK,Teste de Carga - 250 usuarios 1-13,text,true,,4757,120,35,35,https://www.blazedemo.com/,898,0,633
1774386491085,634,1 - Acessar Home,200,OK,Teste de Carga - 250 usuarios 1-20,text,true,,4757,120,35,35,https://www.blazedemo.com/,619,0,356
1774386490684,1035,1 - Acessar Home,200,OK,Teste de Carga - 250 usuarios 1-10,text,true,,4757,120,35,35,https://www.blazedemo.com/,1013,0,756
1774386491044,676,1 - Acessar Home,200,OK,Teste de Carga - 250 usuarios 1-19,text,true,,4757,120,35,35,https://www.blazedemo.com/,665,0,400
1774386490569,1159,1 - Acessar Home,200,OK,Teste de Carga - 250 usuarios 1-1,text,true,,4757,120,36,36,https://www.blazedemo.com/,1147,0,875
1774386490844,894,1 - Acessar Home,200,OK,Teste de Carga - 250 usuarios 1-14,text,true,,4757,120,36,36,https://www.blazedemo.com/,882,0,597
1774386490643,1099,1 - Acessar Home,200,OK,Teste de Carga - 250 usuarios 1-9,text,true,,4757,120,36,36,https://www.blazedemo.com/,1087,0,788
1774386490884,860,1 - Acessar Home,200,OK,Teste de Carga - 250 usuarios 1-15,text,true,,4757,120,36,36,https://www.blazedemo.com/,813,0,555
1774386491156,589,1 - Acessar Home,200,OK,Teste de Carga - 250 usuarios 1-21,text,true,,4757,120,36,36,https://www.blazedemo.com/,578,0,272
1774386490964,785,1 - Acessar Home,200,OK,Teste de Carga - 250 usuarios 1-17,text,true,,4757,120,36,36,https://www.blazedemo.com/,772,0,482
1774386490569,1181,1 - Acessar Home,200,OK,Teste de Carga - 250 usuarios 1-6,text,true,,4757,120,36,36,https://www.blazedemo.com/,1169,0,859
1774386490570,1184,1 - Acessar Home,200,OK,Teste de Carga - 250 usuarios 1-5,text,true,,4757,120,36,36,https://www.blazedemo.com/,1173,0,880
1774386490569,1188,1 - Acessar Home,200,OK,Teste de Carga - 250 usuarios 1-2,text,true,,4757,120,36,36,https://www.blazedemo.com/,1174,0,859
1774386490570,1190,1 - Acessar Home,200,OK,Teste de Carga - 250 usuarios 1-4,text,true,,4757,120,36,36,https://www.blazedemo.com/,1178,0,881
1774386490569,1200,1 - Acessar Home,200,OK,Teste de Carga - 250 usuarios 1-7,text,true,,4757,120,37,37,https://www.blazedemo.com/,1189,0,860
1774386490724,1049,1 - Acessar Home,200,OK,Teste de Carga - 250 usuarios 1-11,text,true,,4757,120,37,37,https://www.blazedemo.com/,1037,0,723
1774386491325,453,1 - Acessar Home,200,OK,Teste de Carga - 250 usuarios 1-26,text,true,,4757,120,37,37,https://www.blazedemo.com/,441,0,170
1774386490764,1021,1 - Acessar Home,200,OK,Teste de Carga - 250 usuarios 1-12,text,true,,4757,120,37,37,https://www.blazedemo.com/,1010,0,675
1774386491204,593,1 - Acessar Home,200,OK,Teste de Carga - 250 usuarios 1-23,text,true,,4757,120,37,37,https://www.blazedemo.com/,582,0,232
1774386491166,634,1 - Acessar Home,200,OK,Teste de Carga - 250 usuarios 1-22,text,true,,4757,120,37,37,https://www.blazedemo.com/,623,0,276
1774386491003,802,1 - Acessar Home,200,OK,Teste de Carga - 250 usuarios 1-18,text,true,,4757,120,38,38,https://www.blazedemo.com/,791,0,435
1774386490603,1206,1 - Acessar Home,200,OK,Teste de Carga - 250 usuarios 1-8,text,true,,4757,120,38,38,https://www.blazedemo.com/,1195,0,839
1774386491441,382,1 - Acessar Home,200,OK,Teste de Carga - 250 usuarios 1-27,text,true,,4757,120,38,38,https://www.blazedemo.com/,372,0,139
1774386490925,931,1 - Acessar Home,200,OK,Teste de Carga - 250 usuarios 1-16,text,true,,4757,120,39,39,https://www.blazedemo.com/,919,0,517
1774386490569,1331,1 - Acessar Home,200,OK,Teste de Carga - 250 usuarios 1-3,text,true,,4757,120,40,40,https://www.blazedemo.com/,1319,0,881
1774386491484,434,1 - Acessar Home,200,OK,Teste de Carga - 250 usuarios 1-30,text,true,,4757,120,40,40,https://www.blazedemo.com/,422,0,135
1774386491452,516,1 - Acessar Home,200,OK,Teste de Carga - 250 usuarios 1-28,text,true,,4757,120,42,42,https://www.blazedemo.com/,504,0,167
1774386491524,453,1 - Acessar Home,200,OK,Teste de Carga - 250 usuarios 1-31,text,true,,4757,120,42,42,https://www.blazedemo.com/,441,0,142
1774386491723,262,2 - Escolher Voo,200,OK,Teste de Carga - 250 usuarios 1-20,text,true,,7381,250,42,42,https://www.blazedemo.com/reserve.php,242,0,0
1774386491283,740,1 - Acessar Home,200,OK,Teste de Carga - 250 usuarios 1-25,text,true,,4757,120,43,43,https://www.blazedemo.com/,728,0,174
1774386491742,287,2 - Escolher Voo,200,OK,Teste de Carga - 250 usuarios 1-9,text,true,,7381,250,43,43,https://www.blazedemo.com/reserve.php,267,0,0
1774386491745,285,2 - Escolher Voo,200,OK,Teste de Carga - 250 usuarios 1-15,text,true,,7381,250,43,43,https://www.blazedemo.com/reserve.php,266,0,0
1774386491729,315,2 - Escolher Voo,200,OK,Teste de Carga - 250 usuarios 1-1,text,true,,7381,250,44,44,https://www.blazedemo.com/reserve.php,299,0,0
1774386491723,326,2 - Escolher Voo,200,OK,Teste de Carga - 250 usuarios 1-10,text,true,,7381,250,44,44,https://www.blazedemo.com/reserve.php,305,0,0
1774386491806,254,2 - Escolher Voo,200,OK,Teste de Carga - 250 usuarios 1-18,text,true,,7381,250,44,44,https://www.blazedemo.com/reserve.php,237,0,0
1774386491738,322,2 - Escolher Voo,200,OK,Teste de Carga - 250 usuarios 1-14,text,true,,7381,250,44,44,https://www.blazedemo.com/reserve.php,303,0,0
1774386491723,345,2 - Escolher Voo,200,OK,Teste de Carga - 250 usuarios 1-19,text,true,,7381,250,44,44,https://www.blazedemo.com/reserve.php,325,0,0
1774386491798,272,2 - Escolher Voo,200,OK,Teste de Carga - 250 usuarios 1-23,text,true,,7381,250,44,44,https://www.blazedemo.com/reserve.php,254,0,0
1774386491747,324,2 - Escolher Voo,200,OK,Teste de Carga - 250 usuarios 1-21,text,true,,7381,250,44,44,https://www.blazedemo.com/reserve.php,309,0,0
1774386491643,429,1 - Acessar Home,200,OK,Teste de Carga - 250 usuarios 1-34,text,true,,4757,120,44,44,https://www.blazedemo.com/,416,0,143
1774386491604,474,1 - Acessar Home,200,OK,Teste de Carga - 250 usuarios 1-33,text,true,,4757,120,44,44,https://www.blazedemo.com/,462,0,145
1774386491824,258,2 - Escolher Voo,200,OK,Teste de Carga - 250 usuarios 1-27,text,true,,7381,250,45,45,https://www.blazedemo.com/reserve.php,237,0,0
1774386491810,279,2 - Escolher Voo,200,OK,Teste de Carga - 250 usuarios 1-8,text,true,,7381,250,45,45,https://www.blazedemo.com/reserve.php,264,0,0
1774386491757,337,2 - Escolher Voo,200,OK,Teste de Carga - 250 usuarios 1-2,text,true,,7381,250,45,45,https://www.blazedemo.com/reserve.php,317,0,0
1774386491562,538,1 - Acessar Home,200,OK,Teste de Carga - 250 usuarios 1-32,text,true,,4757,120,45,45,https://www.blazedemo.com/,528,0,143
1774386491755,349,2 - Escolher Voo,200,OK,Teste de Carga - 250 usuarios 1-5,text,true,,7381,250,45,45,https://www.blazedemo.com/reserve.php,335,0,0
1774386491774,332,2 - Escolher Voo,200,OK,Teste de Carga - 250 usuarios 1-11,text,true,,7381,250,45,45,https://www.blazedemo.com/reserve.php,313,0,0
1774386491801,308,2 - Escolher Voo,200,OK,Teste de Carga - 250 usuarios 1-22,text,true,,7381,250,45,45,https://www.blazedemo.com/reserve.php,288,0,0
1774386491448,676,1 - Acessar Home,200,OK,Teste de Carga - 250 usuarios 1-29,text,true,,4757,120,46,46,https://www.blazedemo.com/,666,0,145
1774386491243,889,1 - Acessar Home,200,OK,Teste de Carga - 250 usuarios 1-24,text,true,,4757,120,46,46,https://www.blazedemo.com/,878,0,576
1774386491778,356,2 - Escolher Voo,200,OK,Teste de Carga - 250 usuarios 1-26,text,true,,7381,250,46,46,https://www.blazedemo.com/reserve.php,337,0,0
1774386491750,387,2 - Escolher Voo,200,OK,Teste de Carga - 250 usuarios 1-17,text,true,,7381,250,46,46,https://www.blazedemo.com/reserve.php,370,0,0
1774386491786,356,2 - Escolher Voo,200,OK,Teste de Carga - 250 usuarios 1-12,text,true,,7381,250,46,46,https://www.blazedemo.com/reserve.php,334,0,0
1774386491857,295,2 - Escolher Voo,200,OK,Teste de Carga - 250 usuarios 1-16,text,true,,7381,250,46,46,https://www.blazedemo.com/reserve.php,274,0,0
1774386491723,446,2 - Escolher Voo,200,OK,Teste de Carga - 250 usuarios 1-13,text,true,,7381,250,47,47,https://www.blazedemo.com/reserve.php,427,0,0
1774386491901,272,2 - Escolher Voo,200,OK,Teste de Carga - 250 usuarios 1-3,text,true,,7381,250,47,47,https://www.blazedemo.com/reserve.php,256,0,0
1774386491681,503,1 - Acessar Home,200,OK,Teste de Carga - 250 usuarios 1-35,text,true,,4757,120,47,47,https://www.blazedemo.com/,491,0,153
1774386491751,434,2 - Escolher Voo,200,OK,Teste de Carga - 250 usuarios 1-6,text,true,,7381,250,47,47,https://www.blazedemo.com/reserve.php,418,0,0
1774386491770,418,2 - Escolher Voo,200,OK,Teste de Carga - 250 usuarios 1-7,text,true,,7381,250,47,47,https://www.blazedemo.com/reserve.php,402,0,0
1774386491760,431,2 - Escolher Voo,200,OK,Teste de Carga - 250 usuarios 1-4,text,true,,7381,250,47,47,https://www.blazedemo.com/reserve.php,410,0,0
1774386491919,286,2 - Escolher Voo,200,OK,Teste de Carga - 250 usuarios 1-30,text,true,,7381,250,48,48,https://www.blazedemo.com/reserve.php,266,0,0
1774386491722,484,1 - Acessar Home,200,OK,Teste de Carga - 250 usuarios 1-36,text,true,,4757,120,48,48,https://www.blazedemo.com/,473,0,134
1774386491763,445,1 - Acessar Home,200,OK,Teste de Carga - 250 usuarios 1-37,text,true,,4757,120,48,48,https://www.blazedemo.com/,433,0,134
1774386491977,295,2 - Escolher Voo,200,OK,Teste de Carga - 250 usuarios 1-31,text,true,,7381,250,49,49,https://www.blazedemo.com/reserve.php,271,0,0
1774386491968,309,2 - Escolher Voo,200,OK,Teste de Carga - 250 usuarios 1-28,text,true,,7381,250,49,49,https://www.blazedemo.com/reserve.php,290,0,0
1774386491986,292,3 - Comprar Passagem,200,OK,Teste de Carga - 250 usuarios 1-20,text,true,,6719,420,49,49,https://www.blazedemo.com/purchase.php,280,0,0
1774386492049,237,3 - Comprar Passagem,200,OK,Teste de Carga - 250 usuarios 1-10,text,true,,6719,420,50,50,https://www.blazedemo.com/purchase.php,225,0,0
1774386492030,273,3 - Comprar Passagem,200,OK,Teste de Carga - 250 usuarios 1-15,text,true,,6719,420,50,50,https://www.blazedemo.com/purchase.php,261,0,0
1774386492073,235,2 - Escolher Voo,200,OK,Teste de Carga - 250 usuarios 1-34,text,true,,7381,250,50,50,https://www.blazedemo.com/reserve.php,214,0,0
1774386492060,258,3 - Comprar Passagem,200,OK,Teste de Carga - 250 usuarios 1-14,text,true,,6719,420,50,50,https://www.blazedemo.com/purchase.php,248,0,0
1774386492082,248,3 - Comprar Passagem,200,OK,Teste de Carga - 250 usuarios 1-27,text,true,,6719,420,51,51,https://www.blazedemo.com/purchase.php,235,0,0
1774386492029,301,3 - Comprar Passagem,200,OK,Teste de Carga - 250 usuarios 1-9,text,true,,6719,420,51,51,https://www.blazedemo.com/purchase.php,284,0,0
1774386492045,286,3 - Comprar Passagem,200,OK,Teste de Carga - 250 usuarios 1-1,text,true,,6719,420,51,51,https://www.blazedemo.com/purchase.php,274,0,0
1774386492023,311,2 - Escolher Voo,200,OK,Teste de Carga - 250 usuarios 1-25,text,true,,7381,250,51,51,https://www.blazedemo.com/reserve.php,288,0,0
1774386492070,266,3 - Comprar Passagem,200,OK,Teste de Carga - 250 usuarios 1-23,text,true,,6719,420,51,51,https://www.blazedemo.com/purchase.php,254,0,0
1774386492071,266,3 - Comprar Passagem,200,OK,Teste de Carga - 250 usuarios 1-21,text,true,,6719,420,51,51,https://www.blazedemo.com/purchase.php,254,0,0
1774386492090,253,3 - Comprar Passagem,200,OK,Teste de Carga - 250 usuarios 1-8,text,true,,6719,420,51,51,https://www.blazedemo.com/purchase.php,240,0,0
1774386491885,460,1 - Acessar Home,200,OK,Teste de Carga - 250 usuarios 1-40,text,true,,4757,120,51,51,https://www.blazedemo.com/,449,0,152
1774386491802,545,1 - Acessar Home,200,OK,Teste de Carga - 250 usuarios 1-38,text,true,,4757,120,51,51,https://www.blazedemo.com/,534,0,197
1774386492078,271,2 - Escolher Voo,200,OK,Teste de Carga - 250 usuarios 1-33,text,true,,7381,250,51,51,https://www.blazedemo.com/reserve.php,256,0,0
1774386492100,251,2 - Escolher Voo,200,OK,Teste de Carga - 250 usuarios 1-32,text,true,,7381,250,51,51,https://www.blazedemo.com/reserve.php,230,0,0
1774386492068,301,3 - Comprar Passagem,200,OK,Teste de Carga - 250 usuarios 1-19,text,true,,6719,420,52,52,https://www.blazedemo.com/purchase.php,289,0,0
1774386492107,264,3 - Comprar Passagem,200,OK,Teste de Carga - 250 usuarios 1-11,text,true,,6719,420,52,52,https://www.blazedemo.com/purchase.php,252,0,0
1774386491922,459,1 - Acessar Home,200,OK,Teste de Carga - 250 usuarios 1-41,text,true,,4757,120,52,52,https://www.blazedemo.com/,447,0,141
1774386491962,426,1 - Acessar Home,200,OK,Teste de Carga - 250 usuarios 1-42,text,true,,4757,120,52,52,https://www.blazedemo.com/,413,0,150
1774386492143,265,3 - Comprar Passagem,200,OK,Teste de Carga - 250 usuarios 1-12,text,true,,6719,420,53,53,https://www.blazedemo.com/purchase.php,255,0,0
1774386492135,273,3 - Comprar Passagem,200,OK,Teste de Carga - 250 usuarios 1-26,text,true,,6719,420,53,53,https://www.blazedemo.com/purchase.php,261,0,0
1774386492110,306,3 - Comprar Passagem,200,OK,Teste de Carga - 250 usuarios 1-22,text,true,,6719,420,53,53,https://www.blazedemo.com/purchase.php,294,0,0
1774386492125,295,2 - Escolher Voo,200,OK,Teste de Carga - 250 usuarios 1-29,text,true,,7381,250,53,53,https://www.blazedemo.com/reserve.php,276,0,0
1774386492174,254,3 - Comprar Passagem,200,OK,Teste de Carga - 250 usuarios 1-3,text,true,,6719,420,53,53,https://www.blazedemo.com/purchase.php,242,0,0
1774386492105,329,3 - Comprar Passagem,200,OK,Teste de Carga - 250 usuarios 1-5,text,true,,6719,420,53,53,https://www.blazedemo.com/purchase.php,317,0,0
1774386492133,322,2 - Escolher Voo,200,OK,Teste de Carga - 250 usuarios 1-24,text,true,,7381,250,54,54,https://www.blazedemo.com/reserve.php,293,0,0
1774386492188,268,3 - Comprar Passagem,200,OK,Teste de Carga - 250 usuarios 1-7,text,true,,6719,420,54,54,https://www.blazedemo.com/purchase.php,267,0,0
1774386491843,617,1 - Acessar Home,200,OK,Teste de Carga - 250 usuarios 1-39,text,true,,4757,120,54,54,https://www.blazedemo.com/,612,0,152
1774386492184,294,2 - Escolher Voo,200,OK,Teste de Carga - 250 usuarios 1-35,text,true,,7381,250,54,54,https://www.blazedemo.com/reserve.php,274,0,0
1774386492206,280,3 - Comprar Passagem,200,OK,Teste de Carga - 250 usuarios 1-30,text,true,,6719,420,54,54,https://www.blazedemo.com/purchase.php,268,0,0
1774386492003,504,1 - Acessar Home,200,OK,Teste de Carga - 250 usuarios 1-43,text,true,,4757,120,55,55,https://www.blazedemo.com/,493,0,155
1774386492060,450,3 - Comprar Passagem,200,OK,Teste de Carga - 250 usuarios 1-18,text,true,,6719,420,55,55,https://www.blazedemo.com/purchase.php,438,0,0
1774386492137,373,3 - Comprar Passagem,200,OK,Teste de Carga - 250 usuarios 1-17,text,true,,6719,420,55,55,https://www.blazedemo.com/purchase.php,361,0,0
1774386492094,421,3 - Comprar Passagem,200,OK,Teste de Carga - 250 usuarios 1-2,text,true,,6719,420,55,55,https://www.blazedemo.com/purchase.php,409,0,0
1774386492185,340,3 - Comprar Passagem,200,OK,Teste de Carga - 250 usuarios 1-6,text,true,,6719,420,56,56,https://www.blazedemo.com/purchase.php,328,0,0
1774386492170,356,3 - Comprar Passagem,200,OK,Teste de Carga - 250 usuarios 1-13,text,true,,6719,420,56,56,https://www.blazedemo.com/purchase.php,344,0,0
1774386492191,349,3 - Comprar Passagem,200,OK,Teste de Carga - 250 usuarios 1-4,text,true,,6719,420,56,56,https://www.blazedemo.com/purchase.php,337,0,0
1774386492278,264,1 - Acessar Home,200,OK,Teste de Carga - 250 usuarios 1-20,text,true,,4757,120,56,56,https://www.blazedemo.com/,252,0,0
1774386492272,272,3 - Comprar Passagem,200,OK,Teste de Carga - 250 usuarios 1-31,text,true,,6719,420,56,56,https://www.blazedemo.com/purchase.php,259,0,0
1774386492286,259,1 - Acessar Home,200,OK,Teste de Carga - 250 usuarios 1-10,text,true,,4757,120,56,56,https://www.blazedemo.com/,248,0,0
1774386492207,338,2 - Escolher Voo,200,OK,Teste de Carga - 250 usuarios 1-36,text,true,,7381,250,56,56,https://www.blazedemo.com/reserve.php,318,0,0
1774386492082,471,1 - Acessar Home,200,OK,Teste de Carga - 250 usuarios 1-45,text,true,,4757,120,56,56,https://www.blazedemo.com/,460,0,131
1774386492209,347,2 - Escolher Voo,200,OK,Teste de Carga - 250 usuarios 1-37,text,true,,7381,250,56,56,https://www.blazedemo.com/reserve.php,328,0,0
1774386492277,296,3 - Comprar Passagem,200,OK,Teste de Carga - 250 usuarios 1-28,text,true,,6719,420,57,57,https://www.blazedemo.com/purchase.php,279,0,0
1774386492122,465,1 - Acessar Home,200,OK,Teste de Carga - 250 usuarios 1-46,text,true,,4757,120,57,57,https://www.blazedemo.com/,454,0,132
1774386492308,281,3 - Comprar Passagem,200,OK,Teste de Carga - 250 usuarios 1-34,text,true,,6719,420,57,57,https://www.blazedemo.com/purchase.php,265,0,0
1774386492331,260,1 - Acessar Home,200,OK,Teste de Carga - 250 usuarios 1-1,text,true,,4757,120,57,57,https://www.blazedemo.com/,249,0,0
1774386492044,567,1 - Acessar Home,200,OK,Teste de Carga - 250 usuarios 1-44,text,true,,4757,120,58,58,https://www.blazedemo.com/,555,0,140
1774386492345,284,2 - Escolher Voo,200,OK,Teste de Carga - 250 usuarios 1-40,text,true,,7381,250,58,58,https://www.blazedemo.com/reserve.php,264,0,0
1774386492152,491,3 - Comprar Passagem,200,OK,Teste de Carga - 250 usuarios 1-16,text,true,,6719,420,58,58,https://www.blazedemo.com/purchase.php,479,0,0
1774386492334,317,3 - Comprar Passagem,200,OK,Teste de Carga - 250 usuarios 1-25,text,true,,6719,420,59,59,https://www.blazedemo.com/purchase.php,303,0,0
1774386492350,312,3 - Comprar Passagem,200,OK,Teste de Carga - 250 usuarios 1-33,text,true,,6719,420,59,59,https://www.blazedemo.com/purchase.php,301,0,0
1774386492303,364,1 - Acessar Home,200,OK,Teste de Carga - 250 usuarios 1-15,text,true,,4757,120,59,59,https://www.blazedemo.com/,352,0,0
1774386492435,279,1 - Acessar Home,200,OK,Teste de Carga - 250 usuarios 1-5,text,true,,4757,120,60,60,https://www.blazedemo.com/,268,0,0
1774386492369,345,1 - Acessar Home,200,OK,Teste de Carga - 250 usuarios 1-19,text,true,,4757,120,60,60,https://www.blazedemo.com/,334,0,0
1774386492330,387,1 - Acessar Home,200,OK,Teste de Carga - 250 usuarios 1-9,text,true,,4757,120,60,60,https://www.blazedemo.com/,375,0,0
1774386492408,315,1 - Acessar Home,200,OK,Teste de Carga - 250 usuarios 1-26,text,true,,4757,120,61,61,https://www.blazedemo.com/,304,0,0
1774386492204,520,1 - Acessar Home,200,OK,Teste de Carga - 250 usuarios 1-48,text,true,,4757,120,61,61,https://www.blazedemo.com/,509,0,139
1774386492421,316,3 - Comprar Passagem,200,OK,Teste de Carga - 250 usuarios 1-29,text,true,,6719,420,61,61,https://www.blazedemo.com/purchase.php,305,0,0
1774386492343,398,1 - Acessar Home,200,OK,Teste de Carga - 250 usuarios 1-8,text,true,,4757,120,61,61,https://www.blazedemo.com/,385,0,0
1774386492408,333,1 - Acessar Home,200,OK,Teste de Carga - 250 usuarios 1-12,text,true,,4757,120,61,61,https://www.blazedemo.com/,322,0,0
1774386492243,501,1 - Acessar Home,200,OK,Teste de Carga - 250 usuarios 1-49,text,true,,4757,120,61,61,https://www.blazedemo.com/,488,0,142
1774386492330,414,1 - Acessar Home,200,OK,Teste de Carga - 250 usuarios 1-27,text,true,,4757,120,61,61,https://www.blazedemo.com/,402,0,0
1774386492319,425,1 - Acessar Home,200,OK,Teste de Carga - 250 usuarios 1-14,text,true,,4757,120,61,61,https://www.blazedemo.com/,413,0,0
1774386492338,413,1 - Acessar Home,200,OK,Teste de Carga - 250 usuarios 1-21,text,true,,4757,120,61,61,https://www.blazedemo.com/,403,0,0
1774386492428,336,1 - Acessar Home,200,OK,Teste de Carga - 250 usuarios 1-3,text,true,,4757,120,62,62,https://www.blazedemo.com/,321,0,0
1774386492388,379,2 - Escolher Voo,200,OK,Teste de Carga - 250 usuarios 1-42,text,true,,7381,250,62,62,https://www.blazedemo.com/reserve.php,359,0,0
1774386492416,352,1 - Acessar Home,200,OK,Teste de Carga - 250 usuarios 1-22,text,true,,4757,120,62,62,https://www.blazedemo.com/,340,0,0
1774386492348,422,2 - Escolher Voo,200,OK,Teste de Carga - 250 usuarios 1-38,text,true,,7381,250,62,62,https://www.blazedemo.com/reserve.php,403,0,0
1774386492478,313,3 - Comprar Passagem,200,OK,Teste de Carga - 250 usuarios 1-35,text,true,,6719,420,62,62,https://www.blazedemo.com/purchase.php,300,0,0
1774386492556,243,3 - Comprar Passagem,200,OK,Teste de Carga - 250 usuarios 1-37,text,true,,6719,420,62,62,https://www.blazedemo.com/purchase.php,232,0,0
1774386492545,274,2 - Escolher Voo,200,OK,Teste de Carga - 250 usuarios 1-10,text,true,,7381,250,63,63,https://www.blazedemo.com/reserve.php,259,0,0
1774386492163,666,1 - Acessar Home,200,OK,Teste de Carga - 250 usuarios 1-47,text,true,,4757,120,63,63,https://www.blazedemo.com/,654,0,132
1774386492371,484,1 - Acessar Home,200,OK,Teste de Carga - 250 usuarios 1-11,text,true,,4757,120,64,64,https://www.blazedemo.com/,473,0,0
1774386492486,370,1 - Acessar Home,200,OK,Teste de Carga - 250 usuarios 1-30,text,true,,4757,120,64,64,https://www.blazedemo.com/,359,0,0
1774386492381,477,2 - Escolher Voo,200,OK,Teste de Carga - 250 usuarios 1-41,text,true,,7381,250,64,64,https://www.blazedemo.com/reserve.php,461,0,0
1774386492326,537,1 - Acessar Home,200,OK,Teste de Carga - 250 usuarios 1-51,text,true,,4757,120,64,64,https://www.blazedemo.com/,526,0,135
1774386492508,360,2 - Escolher Voo,200,OK,Teste de Carga - 250 usuarios 1-43,text,true,,7381,250,64,64,https://www.blazedemo.com/reserve.php,339,0,0
1774386492284,586,1 - Acessar Home,200,OK,Teste de Carga - 250 usuarios 1-50,text,true,,4757,120,64,64,https://www.blazedemo.com/,575,0,153
1774386492403,477,1 - Acessar Home,200,OK,Teste de Carga - 250 usuarios 1-53,text,true,,4757,120,64,64,https://www.blazedemo.com/,465,0,134
1774386492351,530,3 - Comprar Passagem,200,OK,Teste de Carga - 250 usuarios 1-32,text,true,,6719,420,64,64,https://www.blazedemo.com/purchase.php,519,0,0
1774386492336,573,1 - Acessar Home,200,OK,Teste de Carga - 250 usuarios 1-23,text,true,,4757,120,65,65,https://www.blazedemo.com/,560,0,0
1774386492574,355,1 - Acessar Home,200,OK,Teste de Carga - 250 usuarios 1-28,text,true,,4757,120,66,66,https://www.blazedemo.com/,343,0,0
1774386492456,474,1 - Acessar Home,200,OK,Teste de Carga - 250 usuarios 1-7,text,true,,4757,120,66,66,https://www.blazedemo.com/,461,0,0
1774386492441,490,1 - Acessar Home,200,OK,Teste de Carga - 250 usuarios 1-54,text,true,,4757,120,66,66,https://www.blazedemo.com/,479,0,144
1774386492456,475,3 - Comprar Passagem,200,OK,Teste de Carga - 250 usuarios 1-24,text,true,,6719,420,66,66,https://www.blazedemo.com/purchase.php,463,0,0
1774386492591,347,2 - Escolher Voo,200,OK,Teste de Carga - 250 usuarios 1-1,text,true,,7381,250,66,66,https://www.blazedemo.com/reserve.php,327,0,0
1774386492510,434,1 - Acessar Home,200,OK,Teste de Carga - 250 usuarios 1-18,text,true,,4757,120,66,66,https://www.blazedemo.com/,422,0,0
1774386492510,440,1 - Acessar Home,200,OK,Teste de Carga - 250 usuarios 1-17,text,true,,4757,120,66,66,https://www.blazedemo.com/,427,0,0
1774386492545,408,3 - Comprar Passagem,200,OK,Teste de Carga - 250 usuarios 1-36,text,true,,6719,420,66,66,https://www.blazedemo.com/purchase.php,396,0,0
1774386492545,411,1 - Acessar Home,200,OK,Teste de Carga - 250 usuarios 1-31,text,true,,4757,120,66,66,https://www.blazedemo.com/,399,0,0
1774386492629,331,3 - Comprar Passagem,200,OK,Teste de Carga - 250 usuarios 1-40,text,true,,6719,420,66,66,https://www.blazedemo.com/purchase.php,319,0,0
1774386492527,443,1 - Acessar Home,200,OK,Teste de Carga - 250 usuarios 1-13,text,true,,4757,120,67,67,https://www.blazedemo.com/,433,0,0
1774386492562,411,1 - Acessar Home,200,OK,Teste de Carga - 250 usuarios 1-57,text,true,,4757,120,67,67,https://www.blazedemo.com/,400,0,139
1774386492460,538,2 - Escolher Voo,200,OK,Teste de Carga - 250 usuarios 1-39,text,true,,7381,250,67,67,https://www.blazedemo.com/reserve.php,518,0,0
1774386492717,283,2 - Escolher Voo,200,OK,Teste de Carga - 250 usuarios 1-9,text,true,,7381,250,67,67,https://www.blazedemo.com/reserve.php,263,0,0
1774386492611,407,2 - Escolher Voo,200,OK,Teste de Carga - 250 usuarios 1-44,text,true,,7381,250,68,68,https://www.blazedemo.com/reserve.php,388,0,0
1774386492651,381,1 - Acessar Home,200,OK,Teste de Carga - 250 usuarios 1-25,text,true,,4757,120,68,68,https://www.blazedemo.com/,369,0,0
1774386492644,404,1 - Acessar Home,200,OK,Teste de Carga - 250 usuarios 1-16,text,true,,4757,120,69,69,https://www.blazedemo.com/,393,0,0
1774386492725,330,2 - Escolher Voo,200,OK,Teste de Carga - 250 usuarios 1-48,text,true,,7381,250,69,69,https://www.blazedemo.com/reserve.php,310,0,0
1774386492663,404,1 - Acessar Home,200,OK,Teste de Carga - 250 usuarios 1-33,text,true,,4757,120,69,69,https://www.blazedemo.com/,392,0,0
1774386492745,322,2 - Escolher Voo,200,OK,Teste de Carga - 250 usuarios 1-49,text,true,,7381,250,69,69,https://www.blazedemo.com/reserve.php,302,0,0
1774386492590,481,1 - Acessar Home,200,OK,Teste de Carga - 250 usuarios 1-34,text,true,,4757,120,69,69,https://www.blazedemo.com/,469,0,0
1774386492542,532,2 - Escolher Voo,200,OK,Teste de Carga - 250 usuarios 1-20,text,true,,7381,250,69,69,https://www.blazedemo.com/reserve.php,511,0,0
1774386492515,571,1 - Acessar Home,200,OK,Teste de Carga - 250 usuarios 1-2,text,true,,4757,120,70,70,https://www.blazedemo.com/,559,0,0
1774386492751,339,2 - Escolher Voo,200,OK,Teste de Carga - 250 usuarios 1-21,text,true,,7381,250,70,70,https://www.blazedemo.com/reserve.php,322,0,0
1774386492829,269,2 - Escolher Voo,200,OK,Teste de Carga - 250 usuarios 1-47,text,true,,7381,250,70,70,https://www.blazedemo.com/reserve.php,253,0,0
1774386492526,584,1 - Acessar Home,200,OK,Teste de Carga - 250 usuarios 1-6,text,true,,4757,120,70,70,https://www.blazedemo.com/,572,0,0
1774386492588,530,2 - Escolher Voo,200,OK,Teste de Carga - 250 usuarios 1-46,text,true,,7381,250,70,70,https://www.blazedemo.com/reserve.php,510,0,0
1774386492765,357,2 - Escolher Voo,200,OK,Teste de Carga - 250 usuarios 1-3,text,true,,7381,250,71,71,https://www.blazedemo.com/reserve.php,337,0,0
1774386492602,524,1 - Acessar Home,200,OK,Teste de Carga - 250 usuarios 1-58,text,true,,4757,120,71,71,https://www.blazedemo.com/,513,0,131
1774386492868,271,3 - Comprar Passagem,200,OK,Teste de Carga - 250 usuarios 1-43,text,true,,6719,420,71,71,https://www.blazedemo.com/purchase.php,259,0,0
1774386492745,398,2 - Escolher Voo,200,OK,Teste de Carga - 250 usuarios 1-14,text,true,,7381,250,71,71,https://www.blazedemo.com/reserve.php,378,0,0
1774386492540,611,1 - Acessar Home,200,OK,Teste de Carga - 250 usuarios 1-4,text,true,,4757,120,71,71,https://www.blazedemo.com/,599,0,0
1774386492553,611,2 - Escolher Voo,200,OK,Teste de Carga - 250 usuarios 1-45,text,true,,7381,250,72,72,https://www.blazedemo.com/reserve.php,592,0,0
1774386492791,380,1 - Acessar Home,200,OK,Teste de Carga - 250 usuarios 1-35,text,true,,4757,120,72,72,https://www.blazedemo.com/,367,0,0
1774386492742,436,2 - Escolher Voo,200,OK,Teste de Carga - 250 usuarios 1-12,text,true,,7381,250,72,72,https://www.blazedemo.com/reserve.php,414,0,0
1774386492667,520,2 - Escolher Voo,200,OK,Teste de Carga - 250 usuarios 1-15,text,true,,7381,250,72,72,https://www.blazedemo.com/reserve.php,500,0,0
1774386492522,678,1 - Acessar Home,200,OK,Teste de Carga - 250 usuarios 1-56,text,true,,4757,120,72,72,https://www.blazedemo.com/,668,0,172
1774386492871,340,2 - Escolher Voo,200,OK,Teste de Carga - 250 usuarios 1-50,text,true,,7381,250,73,73,https://www.blazedemo.com/reserve.php,320,0,0
1774386492882,329,1 - Acessar Home,200,OK,Teste de Carga - 250 usuarios 1-32,text,true,,4757,120,73,73,https://www.blazedemo.com/,318,0,0
1774386492938,275,3 - Comprar Passagem,200,OK,Teste de Carga - 250 usuarios 1-1,text,true,,6719,420,73,73,https://www.blazedemo.com/purchase.php,262,0,0
1774386492820,395,3 - Comprar Passagem,200,OK,Teste de Carga - 250 usuarios 1-10,text,true,,6719,420,73,73,https://www.blazedemo.com/purchase.php,383,0,0
1774386492714,511,2 - Escolher Voo,200,OK,Teste de Carga - 250 usuarios 1-5,text,true,,7381,250,73,73,https://www.blazedemo.com/reserve.php,495,0,0
1774386492742,491,2 - Escolher Voo,200,OK,Teste de Carga - 250 usuarios 1-8,text,true,,7381,250,73,73,https://www.blazedemo.com/reserve.php,470,0,0
1774386492800,436,1 - Acessar Home,200,OK,Teste de Carga - 250 usuarios 1-37,text,true,,4757,120,73,73,https://www.blazedemo.com/,425,0,0
1774386492767,472,3 - Comprar Passagem,200,OK,Teste de Carga - 250 usuarios 1-42,text,true,,6719,420,73,73,https://www.blazedemo.com/purchase.php,452,0,0
1774386492364,881,1 - Acessar Home,200,OK,Teste de Carga - 250 usuarios 1-52,text,true,,4757,120,74,74,https://www.blazedemo.com/,870,0,132
1774386492864,405,2 - Escolher Voo,200,OK,Teste de Carga - 250 usuarios 1-51,text,true,,7381,250,74,74,https://www.blazedemo.com/reserve.php,386,0,0
1774386492771,505,3 - Comprar Passagem,200,OK,Teste de Carga - 250 usuarios 1-38,text,true,,6719,420,74,74,https://www.blazedemo.com/purchase.php,496,0,0
1774386492682,612,1 - Acessar Home,200,OK,Teste de Carga - 250 usuarios 1-60,text,true,,4757,120,75,75,https://www.blazedemo.com/,599,0,166
1774386492931,366,2 - Escolher Voo,200,OK,Teste de Carga - 250 usuarios 1-54,text,true,,7381,250,75,75,https://www.blazedemo.com/reserve.php,347,0,0
1774386492745,554,2 - Escolher Voo,200,OK,Teste de Carga - 250 usuarios 1-27,text,true,,7381,250,75,75,https://www.blazedemo.com/reserve.php,534,0,0
1774386492488,814,1 - Acessar Home,200,OK,Teste de Carga - 250 usuarios 1-55,text,true,,4757,120,75,75,https://www.blazedemo.com/,800,0,132
1774386492954,359,1 - Acessar Home,200,OK,Teste de Carga - 250 usuarios 1-36,text,true,,4757,120,75,75,https://www.blazedemo.com/,347,0,0
1774386493001,317,3 - Comprar Passagem,200,OK,Teste de Carga - 250 usuarios 1-9,text,true,,6719,420,75,75,https://www.blazedemo.com/purchase.php,305,0,0
1774386492971,349,2 - Escolher Voo,200,OK,Teste de Carga - 250 usuarios 1-13,text,true,,7381,250,75,75,https://www.blazedemo.com/reserve.php,333,0,0
1774386492956,365,2 - Escolher Voo,200,OK,Teste de Carga - 250 usuarios 1-31,text,true,,7381,250,75,75,https://www.blazedemo.com/reserve.php,345,0,0
1774386492801,529,1 - Acessar Home,200,OK,Teste de Carga - 250 usuarios 1-63,text,true,,4757,120,76,76,https://www.blazedemo.com/,517,0,131
1774386492910,420,2 - Escolher Voo,200,OK,Teste de Carga - 250 usuarios 1-23,text,true,,7381,250,76,76,https://www.blazedemo.com/reserve.php,390,0,0
1774386492857,478,2 - Escolher Voo,200,OK,Teste de Carga - 250 usuarios 1-30,text,true,,7381,250,76,76,https://www.blazedemo.com/reserve.php,458,0,0
1774386492924,415,1 - Acessar Home,200,OK,Teste de Carga - 250 usuarios 1-66,text,true,,4757,120,76,76,https://www.blazedemo.com/,404,0,133
1774386492645,696,1 - Acessar Home,200,OK,Teste de Carga - 250 usuarios 1-59,text,true,,4757,120,76,76,https://www.blazedemo.com/,684,0,152
1774386492715,627,2 - Escolher Voo,200,OK,Teste de Carga - 250 usuarios 1-19,text,true,,7381,250,76,76,https://www.blazedemo.com/reserve.php,607,0,0
1774386492843,510,1 - Acessar Home,200,OK,Teste de Carga - 250 usuarios 1-64,text,true,,4757,120,76,76,https://www.blazedemo.com/,498,0,133
1774386493032,332,2 - Escolher Voo,200,OK,Teste de Carga - 250 usuarios 1-25,text,true,,7381,250,77,77,https://www.blazedemo.com/reserve.php,312,0,0
1774386492950,438,2 - Escolher Voo,200,OK,Teste de Carga - 250 usuarios 1-17,text,true,,7381,250,77,77,https://www.blazedemo.com/reserve.php,419,0,0
1774386493048,350,2 - Escolher Voo,200,OK,Teste de Carga - 250 usuarios 1-16,text,true,,7381,250,77,77,https://www.blazedemo.com/reserve.php,330,0,0
1774386492855,552,2 - Escolher Voo,200,OK,Teste de Carga - 250 usuarios 1-11,text,true,,7381,250,78,78,https://www.blazedemo.com/reserve.php,536,0,0
1774386492763,648,1 - Acessar Home,200,OK,Teste de Carga - 250 usuarios 1-62,text,true,,4757,120,78,78,https://www.blazedemo.com/,635,0,132
1774386493127,295,2 - Escolher Voo,200,OK,Teste de Carga - 250 usuarios 1-58,text,true,,7381,250,78,78,https://www.blazedemo.com/reserve.php,275,0,0
1774386493099,326,3 - Comprar Passagem,200,OK,Teste de Carga - 250 usuarios 1-47,text,true,,6719,420,78,78,https://www.blazedemo.com/purchase.php,313,0,0
1774386492886,540,1 - Acessar Home,200,OK,Teste de Carga - 250 usuarios 1-65,text,true,,4757,120,78,78,https://www.blazedemo.com/,528,0,139
1774386492722,706,1 - Acessar Home,200,OK,Teste de Carga - 250 usuarios 1-61,text,true,,4757,120,78,78,https://www.blazedemo.com/,695,0,140
1774386492723,705,2 - Escolher Voo,200,OK,Teste de Carga - 250 usuarios 1-26,text,true,,7381,250,78,78,https://www.blazedemo.com/reserve.php,686,0,0
1774386493067,365,3 - Comprar Passagem,200,OK,Teste de Carga - 250 usuarios 1-49,text,true,,6719,420,78,78,https://www.blazedemo.com/purchase.php,354,0,0
1774386492973,466,2 - Escolher Voo,200,OK,Teste de Carga - 250 usuarios 1-57,text,true,,7381,250,78,78,https://www.blazedemo.com/reserve.php,446,0,0
1774386492964,477,1 - Acessar Home,200,OK,Teste de Carga - 250 usuarios 1-67,text,true,,4757,120,79,79,https://www.blazedemo.com/,466,0,137
1774386493090,354,3 - Comprar Passagem,200,OK,Teste de Carga - 250 usuarios 1-21,text,true,,6719,420,79,79,https://www.blazedemo.com/purchase.php,342,0,0
1774386492768,676,2 - Escolher Voo,200,OK,Teste de Carga - 250 usuarios 1-22,text,true,,7381,250,79,79,https://www.blazedemo.com/reserve.php,656,0,0
1774386493056,395,3 - Comprar Passagem,200,OK,Teste de Carga - 250 usuarios 1-48,text,true,,6719,420,79,79,https://www.blazedemo.com/purchase.php,383,0,0
1774386492944,509,2 - Escolher Voo,200,OK,Teste de Carga - 250 usuarios 1-18,text,true,,7381,250,79,79,https://www.blazedemo.com/reserve.php,489,0,0
1774386492929,526,2 - Escolher Voo,200,OK,Teste de Carga - 250 usuarios 1-28,text,true,,7381,250,79,79,https://www.blazedemo.com/reserve.php,510,0,0
1774386493110,361,2 - Escolher Voo,200,OK,Teste de Carga - 250 usuarios 1-6,text,true,,7381,250,79,79,https://www.blazedemo.com/reserve.php,341,0,0
1774386492930,554,2 - Escolher Voo,200,OK,Teste de Carga - 250 usuarios 1-7,text,true,,7381,250,80,80,https://www.blazedemo.com/reserve.php,533,0,0
1774386492859,628,3 - Comprar Passagem,200,OK,Teste de Carga - 250 usuarios 1-41,text,true,,6719,420,80,80,https://www.blazedemo.com/purchase.php,617,0,0
1774386492998,498,3 - Comprar Passagem,200,OK,Teste de Carga - 250 usuarios 1-39,text,true,,6719,420,80,80,https://www.blazedemo.com/purchase.php,486,0,0
1774386493140,368,1 - Acessar Home,200,OK,Teste de Carga - 250 usuarios 1-43,text,true,,4757,120,80,80,https://www.blazedemo.com/,356,0,0
1774386493119,391,3 - Comprar Passagem,200,OK,Teste de Carga - 250 usuarios 1-46,text,true,,6719,420,80,80,https://www.blazedemo.com/purchase.php,374,0,0
1774386492738,791,1 - Acessar Home,200,OK,Teste de Carga - 250 usuarios 1-29,text,true,,4757,120,81,81,https://www.blazedemo.com/,778,0,0
1774386493082,451,1 - Acessar Home,200,OK,Teste de Carga - 250 usuarios 1-70,text,true,,4757,120,81,81,https://www.blazedemo.com/,442,0,153
1774386493188,348,3 - Comprar Passagem,200,OK,Teste de Carga - 250 usuarios 1-15,text,true,,6719,420,81,81,https://www.blazedemo.com/purchase.php,336,0,0
1774386493075,467,3 - Comprar Passagem,200,OK,Teste de Carga - 250 usuarios 1-20,text,true,,6719,420,81,81,https://www.blazedemo.com/purchase.php,451,0,0
1774386492881,668,2 - Escolher Voo,200,OK,Teste de Carga - 250 usuarios 1-53,text,true,,7381,250,81,81,https://www.blazedemo.com/reserve.php,649,0,0
1774386493165,385,3 - Comprar Passagem,200,OK,Teste de Carga - 250 usuarios 1-45,text,true,,6719,420,81,81,https://www.blazedemo.com/purchase.php,373,0,0
1774386493246,305,2 - Escolher Voo,200,OK,Teste de Carga - 250 usuarios 1-52,text,true,,7381,250,81,81,https://www.blazedemo.com/reserve.php,286,0,0
1774386493122,440,3 - Comprar Passagem,200,OK,Teste de Carga - 250 usuarios 1-3,text,true,,6719,420,82,82,https://www.blazedemo.com/purchase.php,428,0,0
1774386493226,336,3 - Comprar Passagem,200,OK,Teste de Carga - 250 usuarios 1-5,text,true,,6719,420,82,82,https://www.blazedemo.com/purchase.php,324,0,0
1774386493005,560,1 - Acessar Home,200,OK,Teste de Carga - 250 usuarios 1-68,text,true,,4757,120,82,82,https://www.blazedemo.com/,548,0,145
1774386493215,364,1 - Acessar Home,200,OK,Teste de Carga - 250 usuarios 1-10,text,true,,4757,120,82,82,https://www.blazedemo.com/,352,0,0
1774386492960,619,1 - Acessar Home,200,OK,Teste de Carga - 250 usuarios 1-40,text,true,,4757,120,82,82,https://www.blazedemo.com/,608,0,0
1774386493214,374,1 - Acessar Home,200,OK,Teste de Carga - 250 usuarios 1-1,text,true,,4757,120,82,82,https://www.blazedemo.com/,363,0,0
1774386493164,428,1 - Acessar Home,200,OK,Teste de Carga - 250 usuarios 1-72,text,true,,4757,120,82,82,https://www.blazedemo.com/,417,0,131
1774386492931,662,1 - Acessar Home,200,OK,Teste de Carga - 250 usuarios 1-24,text,true,,4757,120,82,82,https://www.blazedemo.com/,650,0,0
1774386493319,282,1 - Acessar Home,200,OK,Teste de Carga - 250 usuarios 1-9,text,true,,4757,120,82,82,https://www.blazedemo.com/,273,0,0
1774386493321,290,3 - Comprar Passagem,200,OK,Teste de Carga - 250 usuarios 1-13,text,true,,6719,420,83,83,https://www.blazedemo.com/purchase.php,279,0,0
1774386493335,279,3 - Comprar Passagem,200,OK,Teste de Carga - 250 usuarios 1-30,text,true,,6719,420,83,83,https://www.blazedemo.com/purchase.php,267,0,0
1774386493144,488,3 - Comprar Passagem,200,OK,Teste de Carga - 250 usuarios 1-14,text,true,,6719,420,83,83,https://www.blazedemo.com/purchase.php,476,0,0
1774386493151,483,2 - Escolher Voo,200,OK,Teste de Carga - 250 usuarios 1-4,text,true,,7381,250,83,83,https://www.blazedemo.com/reserve.php,462,0,0
1774386493172,462,2 - Escolher Voo,200,OK,Teste de Carga - 250 usuarios 1-35,text,true,,7381,250,83,83,https://www.blazedemo.com/reserve.php,441,0,0
1774386493067,569,2 - Escolher Voo,200,OK,Teste de Carga - 250 usuarios 1-33,text,true,,7381,250,83,83,https://www.blazedemo.com/reserve.php,548,0,0
1774386493321,321,3 - Comprar Passagem,200,OK,Teste de Carga - 250 usuarios 1-31,text,true,,6719,420,83,83,https://www.blazedemo.com/purchase.php,308,0,0
1774386493121,524,1 - Acessar Home,200,OK,Teste de Carga - 250 usuarios 1-71,text,true,,4757,120,83,83,https://www.blazedemo.com/,514,0,132
1774386493331,328,3 - Comprar Passagem,200,OK,Teste de Carga - 250 usuarios 1-23,text,true,,6719,420,84,84,https://www.blazedemo.com/purchase.php,314,0,0
1774386493353,316,2 - Escolher Voo,200,OK,Teste de Carga - 250 usuarios 1-64,text,true,,7381,250,84,84,https://www.blazedemo.com/reserve.php,296,0,0
1774386493233,438,3 - Comprar Passagem,200,OK,Teste de Carga - 250 usuarios 1-8,text,true,,6719,420,84,84,https://www.blazedemo.com/purchase.php,423,0,0
1774386493178,499,3 - Comprar Passagem,200,OK,Teste de Carga - 250 usuarios 1-12,text,true,,6719,420,84,84,https://www.blazedemo.com/purchase.php,487,0,0
1774386493071,611,2 - Escolher Voo,200,OK,Teste de Carga - 250 usuarios 1-34,text,true,,7381,250,85,85,https://www.blazedemo.com/reserve.php,591,0,0
1774386493242,453,1 - Acessar Home,200,OK,Teste de Carga - 250 usuarios 1-74,text,true,,4757,120,85,85,https://www.blazedemo.com/,441,0,151
1774386493239,491,1 - Acessar Home,200,OK,Teste de Carga - 250 usuarios 1-42,text,true,,4757,120,86,86,https://www.blazedemo.com/,478,0,0
1774386493212,518,2 - Escolher Voo,200,OK,Teste de Carga - 250 usuarios 1-32,text,true,,7381,250,86,86,https://www.blazedemo.com/reserve.php,497,0,0
1774386493212,518,3 - Comprar Passagem,200,OK,Teste de Carga - 250 usuarios 1-50,text,true,,6719,420,86,86,https://www.blazedemo.com/purchase.php,507,0,0
1774386493451,285,1 - Acessar Home,200,OK,Teste de Carga - 250 usuarios 1-48,text,true,,4757,120,86,86,https://www.blazedemo.com/,272,0,0
1774386493202,537,1 - Acessar Home,200,OK,Teste de Carga - 250 usuarios 1-73,text,true,,4757,120,86,86,https://www.blazedemo.com/,526,0,131
1774386493300,445,3 - Comprar Passagem,200,OK,Teste de Carga - 250 usuarios 1-27,text,true,,6719,420,86,86,https://www.blazedemo.com/purchase.php,433,0,0
1774386493019,728,3 - Comprar Passagem,200,OK,Teste de Carga - 250 usuarios 1-44,text,true,,6719,420,86,86,https://www.blazedemo.com/purchase.php,717,0,0
1774386493294,455,2 - Escolher Voo,200,OK,Teste de Carga - 250 usuarios 1-60,text,true,,7381,250,86,86,https://www.blazedemo.com/reserve.php,439,0,0
1774386493389,360,3 - Comprar Passagem,200,OK,Teste de Carga - 250 usuarios 1-17,text,true,,6719,420,86,86,https://www.blazedemo.com/purchase.php,347,0,0
1774386493331,419,2 - Escolher Voo,200,OK,Teste de Carga - 250 usuarios 1-63,text,true,,7381,250,86,86,https://www.blazedemo.com/reserve.php,403,0,0
1774386493269,482,3 - Comprar Passagem,200,OK,Teste de Carga - 250 usuarios 1-51,text,true,,6719,420,86,86,https://www.blazedemo.com/purchase.php,469,0,0
1774386493086,672,2 - Escolher Voo,200,OK,Teste de Carga - 250 usuarios 1-2,text,true,,7381,250,86,86,https://www.blazedemo.com/reserve.php,652,0,0
1774386493282,480,1 - Acessar Home,200,OK,Teste de Carga - 250 usuarios 1-75,text,true,,4757,120,86,86,https://www.blazedemo.com/,468,0,139
1774386493432,338,1 - Acessar Home,200,OK,Teste de Carga - 250 usuarios 1-49,text,true,,4757,120,87,87,https://www.blazedemo.com/,326,0,0
1774386493411,363,2 - Escolher Voo,200,OK,Teste de Carga - 250 usuarios 1-62,text,true,,7381,250,87,87,https://www.blazedemo.com/reserve.php,343,0,0
1774386493444,330,1 - Acessar Home,200,OK,Teste de Carga - 250 usuarios 1-21,text,true,,4757,120,87,87,https://www.blazedemo.com/,318,0,0
1774386493429,351,3 - Comprar Passagem,200,OK,Teste de Carga - 250 usuarios 1-26,text,true,,6719,420,87,87,https://www.blazedemo.com/purchase.php,339,0,0
1774386493496,306,1 - Acessar Home,200,OK,Teste de Carga - 250 usuarios 1-39,text,true,,4757,120,87,87,https://www.blazedemo.com/,295,0,0
1774386493426,386,2 - Escolher Voo,200,OK,Teste de Carga - 250 usuarios 1-65,text,true,,7381,250,88,88,https://www.blazedemo.com/reserve.php,370,0,0
1774386493313,516,2 - Escolher Voo,200,OK,Teste de Carga - 250 usuarios 1-36,text,true,,7381,250,88,88,https://www.blazedemo.com/reserve.php,496,0,0
1774386493510,329,1 - Acessar Home,200,OK,Teste de Carga - 250 usuarios 1-46,text,true,,4757,120,88,88,https://www.blazedemo.com/,317,0,0
1774386493444,397,3 - Comprar Passagem,200,OK,Teste de Carga - 250 usuarios 1-22,text,true,,6719,420,88,88,https://www.blazedemo.com/purchase.php,385,0,0
1774386493472,380,3 - Comprar Passagem,200,OK,Teste de Carga - 250 usuarios 1-6,text,true,,6719,420,89,89,https://www.blazedemo.com/purchase.php,368,0,0
1774386493550,304,1 - Acessar Home,200,OK,Teste de Carga - 250 usuarios 1-45,text,true,,4757,120,89,89,https://www.blazedemo.com/,293,0,0
1774386493297,560,3 - Comprar Passagem,200,OK,Teste de Carga - 250 usuarios 1-54,text,true,,6719,420,89,89,https://www.blazedemo.com/purchase.php,548,0,0
1774386493429,432,2 - Escolher Voo,200,OK,Teste de Carga - 250 usuarios 1-61,text,true,,7381,250,89,89,https://www.blazedemo.com/reserve.php,412,0,0
1774386493302,566,2 - Escolher Voo,200,OK,Teste de Carga - 250 usuarios 1-55,text,true,,7381,250,89,89,https://www.blazedemo.com/reserve.php,546,0,0
1774386493455,417,3 - Comprar Passagem,200,OK,Teste de Carga - 250 usuarios 1-28,text,true,,6719,420,89,89,https://www.blazedemo.com/purchase.php,406,0,0
1774386493454,422,3 - Comprar Passagem,200,OK,Teste de Carga - 250 usuarios 1-18,text,true,,6719,420,89,89,https://www.blazedemo.com/purchase.php,409,0,0
1774386493543,334,1 - Acessar Home,200,OK,Teste de Carga - 250 usuarios 1-20,text,true,,4757,120,89,89,https://www.blazedemo.com/,321,0,0
1774386493536,344,1 - Acessar Home,200,OK,Teste de Carga - 250 usuarios 1-15,text,true,,4757,120,89,89,https://www.blazedemo.com/,332,0,0
1774386493423,465,3 - Comprar Passagem,200,OK,Teste de Carga - 250 usuarios 1-58,text,true,,6719,420,90,90,https://www.blazedemo.com/purchase.php,453,0,0
1774386493398,494,3 - Comprar Passagem,200,OK,Teste de Carga - 250 usuarios 1-16,text,true,,6719,420,90,90,https://www.blazedemo.com/purchase.php,483,0,0
1774386493277,617,1 - Acessar Home,200,OK,Teste de Carga - 250 usuarios 1-38,text,true,,4757,120,90,90,https://www.blazedemo.com/,605,0,0
1774386493642,257,1 - Acessar Home,200,OK,Teste de Carga - 250 usuarios 1-31,text,true,,4757,120,90,90,https://www.blazedemo.com/,245,0,0
1774386493365,544,3 - Comprar Passagem,200,OK,Teste de Carga - 250 usuarios 1-25,text,true,,6719,420,90,90,https://www.blazedemo.com/purchase.php,532,0,0
1774386493043,881,1 - Acessar Home,200,OK,Teste de Carga - 250 usuarios 1-69,text,true,,4757,120,91,91,https://www.blazedemo.com/,868,0,131
1774386493342,583,3 - Comprar Passagem,200,OK,Teste de Carga - 250 usuarios 1-19,text,true,,6719,420,91,91,https://www.blazedemo.com/purchase.php,571,0,0
1774386493402,523,1 - Acessar Home,200,OK,Teste de Carga - 250 usuarios 1-78,text,true,,4757,120,91,91,https://www.blazedemo.com/,511,0,130
1774386493339,586,2 - Escolher Voo,200,OK,Teste de Carga - 250 usuarios 1-66,text,true,,7381,250,91,91,https://www.blazedemo.com/reserve.php,565,0,0
1774386493200,728,2 - Escolher Voo,200,OK,Teste de Carga - 250 usuarios 1-56,text,true,,7381,250,91,91,https://www.blazedemo.com/reserve.php,708,0,0
1774386493552,380,3 - Comprar Passagem,200,OK,Teste de Carga - 250 usuarios 1-52,text,true,,6719,420,91,91,https://www.blazedemo.com/purchase.php,369,0,0
1774386493550,389,3 - Comprar Passagem,200,OK,Teste de Carga - 250 usuarios 1-53,text,true,,6719,420,91,91,https://www.blazedemo.com/purchase.php,377,0,0
1774386493534,407,2 - Escolher Voo,200,OK,Teste de Carga - 250 usuarios 1-70,text,true,,7381,250,91,91,https://www.blazedemo.com/reserve.php,387,0,0
1774386493589,360,2 - Escolher Voo,200,OK,Teste de Carga - 250 usuarios 1-1,text,true,,7381,250,91,91,https://www.blazedemo.com/reserve.php,340,0,0
1774386493484,465,3 - Comprar Passagem,200,OK,Teste de Carga - 250 usuarios 1-7,text,true,,6719,420,91,91,https://www.blazedemo.com/purchase.php,455,0,0
1774386493362,594,1 - Acessar Home,200,OK,Teste de Carga - 250 usuarios 1-77,text,true,,4757,120,91,91,https://www.blazedemo.com/,583,0,133
1774386493425,539,1 - Acessar Home,200,OK,Teste de Carga - 250 usuarios 1-47,text,true,,4757,120,92,92,https://www.blazedemo.com/,527,0,0
1774386493636,346,3 - Comprar Passagem,200,OK,Teste de Carga - 250 usuarios 1-33,text,true,,6719,420,92,92,https://www.blazedemo.com/purchase.php,335,0,0
1774386493323,661,1 - Acessar Home,200,OK,Teste de Carga - 250 usuarios 1-76,text,true,,4757,120,92,92,https://www.blazedemo.com/,650,0,132
1774386493730,261,2 - Escolher Voo,200,OK,Teste de Carga - 250 usuarios 1-42,text,true,,7381,250,92,92,https://www.blazedemo.com/reserve.php,241,0,0
1774386493529,466,2 - Escolher Voo,200,OK,Teste de Carga - 250 usuarios 1-29,text,true,,7381,250,92,92,https://www.blazedemo.com/reserve.php,446,0,0
1774386493672,347,1 - Acessar Home,200,OK,Teste de Carga - 250 usuarios 1-8,text,true,,4757,120,93,93,https://www.blazedemo.com/,335,0,0
1774386493561,462,1 - Acessar Home,200,OK,Teste de Carga - 250 usuarios 1-82,text,true,,4757,120,93,93,https://www.blazedemo.com/,451,0,134
1774386493632,408,1 - Acessar Home,200,OK,Teste de Carga - 250 usuarios 1-14,text,true,,4757,120,93,93,https://www.blazedemo.com/,396,0,0
1774386493736,304,2 - Escolher Voo,200,OK,Teste de Carga - 250 usuarios 1-48,text,true,,7381,250,93,93,https://www.blazedemo.com/reserve.php,286,0,0
1774386493730,311,3 - Comprar Passagem,200,OK,Teste de Carga - 250 usuarios 1-32,text,true,,6719,420,93,93,https://www.blazedemo.com/purchase.php,299,0,0
1774386493771,272,2 - Escolher Voo,200,OK,Teste de Carga - 250 usuarios 1-49,text,true,,7381,250,94,94,https://www.blazedemo.com/reserve.php,251,0,0
1774386493635,412,3 - Comprar Passagem,200,OK,Teste de Carga - 250 usuarios 1-35,text,true,,6719,420,94,94,https://www.blazedemo.com/purchase.php,397,0,0
1774386493565,487,2 - Escolher Voo,200,OK,Teste de Carga - 250 usuarios 1-68,text,true,,7381,250,94,94,https://www.blazedemo.com/reserve.php,467,0,0
1774386493749,305,3 - Comprar Passagem,200,OK,Teste de Carga - 250 usuarios 1-60,text,true,,6719,420,94,94,https://www.blazedemo.com/purchase.php,294,0,0
1774386493508,547,2 - Escolher Voo,200,OK,Teste de Carga - 250 usuarios 1-43,text,true,,7381,250,94,94,https://www.blazedemo.com/reserve.php,526,0,0
1774386493751,308,1 - Acessar Home,200,OK,Teste de Carga - 250 usuarios 1-51,text,true,,4757,120,94,94,https://www.blazedemo.com/,296,0,0
1774386493603,463,1 - Acessar Home,200,OK,Teste de Carga - 250 usuarios 1-83,text,true,,4757,120,94,94,https://www.blazedemo.com/,452,0,133
1774386493236,832,2 - Escolher Voo,200,OK,Teste de Carga - 250 usuarios 1-37,text,true,,7381,250,94,94,https://www.blazedemo.com/reserve.php,811,0,0
1774386493442,636,1 - Acessar Home,200,OK,Teste de Carga - 250 usuarios 1-79,text,true,,4757,120,94,94,https://www.blazedemo.com/,624,0,131
1774386493682,398,1 - Acessar Home,200,OK,Teste de Carga - 250 usuarios 1-85,text,true,,4757,120,94,94,https://www.blazedemo.com/,386,0,146
1774386493580,506,2 - Escolher Voo,200,OK,Teste de Carga - 250 usuarios 1-40,text,true,,7381,250,95,95,https://www.blazedemo.com/reserve.php,485,0,0
1774386493522,566,1 - Acessar Home,200,OK,Teste de Carga - 250 usuarios 1-81,text,true,,4757,120,95,95,https://www.blazedemo.com/,554,0,134
1774386493487,619,1 - Acessar Home,200,OK,Teste de Carga - 250 usuarios 1-41,text,true,,4757,120,95,95,https://www.blazedemo.com/,607,0,0
1774386493861,268,3 - Comprar Passagem,200,OK,Teste de Carga - 250 usuarios 1-61,text,true,,6719,420,96,96,https://www.blazedemo.com/purchase.php,256,0,0
1774386493647,489,1 - Acessar Home,200,OK,Teste de Carga - 250 usuarios 1-84,text,true,,4757,120,96,96,https://www.blazedemo.com/,476,0,139
1774386493563,582,1 - Acessar Home,200,OK,Teste de Carga - 250 usuarios 1-3,text,true,,4757,120,96,96,https://www.blazedemo.com/,570,0,0
1774386493341,805,2 - Escolher Voo,200,OK,Teste de Carga - 250 usuarios 1-59,text,true,,7381,250,96,96,https://www.blazedemo.com/reserve.php,785,0,0
1774386493563,583,1 - Acessar Home,200,OK,Teste de Carga - 250 usuarios 1-5,text,true,,4757,120,96,96,https://www.blazedemo.com/,572,0,0
1774386493855,306,2 - Escolher Voo,200,OK,Teste de Carga - 250 usuarios 1-45,text,true,,7381,250,97,97,https://www.blazedemo.com/reserve.php,285,0,0
1774386493751,410,3 - Comprar Passagem,200,OK,Teste de Carga - 250 usuarios 1-63,text,true,,6719,420,97,97,https://www.blazedemo.com/purchase.php,400,0,0
1774386493876,294,1 - Acessar Home,200,OK,Teste de Carga - 250 usuarios 1-18,text,true,,4757,120,97,97,https://www.blazedemo.com/,283,0,0
1774386493612,559,1 - Acessar Home,200,OK,Teste de Carga - 250 usuarios 1-13,text,true,,4757,120,97,97,https://www.blazedemo.com/,547,0,0
1774386493880,293,2 - Escolher Voo,200,OK,Teste de Carga - 250 usuarios 1-15,text,true,,7381,250,97,97,https://www.blazedemo.com/reserve.php,273,0,0
1774386493853,320,1 - Acessar Home,200,OK,Teste de Carga - 250 usuarios 1-6,text,true,,4757,120,97,97,https://www.blazedemo.com/,309,0,0
1774386493660,517,1 - Acessar Home,200,OK,Teste de Carga - 250 usuarios 1-23,text,true,,4757,120,97,97,https://www.blazedemo.com/,505,0,0
1774386493749,432,1 - Acessar Home,200,OK,Teste de Carga - 250 usuarios 1-17,text,true,,4757,120,97,97,https://www.blazedemo.com/,419,0,0
1774386493635,546,3 - Comprar Passagem,200,OK,Teste de Carga - 250 usuarios 1-4,text,true,,6719,420,97,97,https://www.blazedemo.com/purchase.php,530,0,0
1774386493695,495,2 - Escolher Voo,200,OK,Teste de Carga - 250 usuarios 1-74,text,true,,7381,250,97,97,https://www.blazedemo.com/reserve.php,476,0,0
1774386493678,514,1 - Acessar Home,200,OK,Teste de Carga - 250 usuarios 1-12,text,true,,4757,120,97,97,https://www.blazedemo.com/,502,0,0
1774386493580,615,2 - Escolher Voo,200,OK,Teste de Carga - 250 usuarios 1-10,text,true,,7381,250,97,97,https://www.blazedemo.com/reserve.php,596,0,0
1774386493893,311,1 - Acessar Home,200,OK,Teste de Carga - 250 usuarios 1-16,text,true,,4757,120,98,98,https://www.blazedemo.com/,300,0,0
1774386493873,333,1 - Acessar Home,200,OK,Teste de Carga - 250 usuarios 1-28,text,true,,4757,120,98,98,https://www.blazedemo.com/,320,0,0
1774386493858,354,1 - Acessar Home,200,OK,Teste de Carga - 250 usuarios 1-54,text,true,,4757,120,98,98,https://www.blazedemo.com/,342,0,0
1774386493483,731,1 - Acessar Home,200,OK,Teste de Carga - 250 usuarios 1-80,text,true,,4757,120,98,98,https://www.blazedemo.com/,719,0,131
1774386493813,402,3 - Comprar Passagem,200,OK,Teste de Carga - 250 usuarios 1-65,text,true,,6719,420,98,98,https://www.blazedemo.com/purchase.php,390,0,0
1774386493722,499,1 - Acessar Home,200,OK,Teste de Carga - 250 usuarios 1-86,text,true,,4757,120,98,98,https://www.blazedemo.com/,488,0,134
1774386493899,325,2 - Escolher Voo,200,OK,Teste de Carga - 250 usuarios 1-31,text,true,,7381,250,98,98,https://www.blazedemo.com/reserve.php,305,0,0
1774386493926,301,3 - Comprar Passagem,200,OK,Teste de Carga - 250 usuarios 1-66,text,true,,6719,420,98,98,https://www.blazedemo.com/purchase.php,286,0,0
1774386493594,654,2 - Escolher Voo,200,OK,Teste de Carga - 250 usuarios 1-24,text,true,,7381,250,99,99,https://www.blazedemo.com/reserve.php,635,0,0
1774386493407,842,3 - Comprar Passagem,200,OK,Teste de Carga - 250 usuarios 1-11,text,true,,6719,420,99,99,https://www.blazedemo.com/purchase.php,826,0,0
1774386493592,659,2 - Escolher Voo,200,OK,Teste de Carga - 250 usuarios 1-72,text,true,,7381,250,99,99,https://www.blazedemo.com/reserve.php,639,0,0
1774386493933,321,1 - Acessar Home,200,OK,Teste de Carga - 250 usuarios 1-52,text,true,,4757,120,99,99,https://www.blazedemo.com/,309,0,0
1774386493803,452,2 - Escolher Voo,200,OK,Teste de Carga - 250 usuarios 1-39,text,true,,7381,250,99,99,https://www.blazedemo.com/reserve.php,432,0,0
1774386493439,822,3 - Comprar Passagem,200,OK,Teste de Carga - 250 usuarios 1-57,text,true,,6719,420,99,99,https://www.blazedemo.com/purchase.php,811,0,0
1774386493877,384,2 - Escolher Voo,200,OK,Teste de Carga - 250 usuarios 1-20,text,true,,7381,250,99,99,https://www.blazedemo.com/reserve.php,365,0,0
1774386493805,459,1 - Acessar Home,200,OK,Teste de Carga - 250 usuarios 1-88,text,true,,4757,120,99,99,https://www.blazedemo.com/,438,0,135
1774386493840,429,2 - Escolher Voo,200,OK,Teste de Carga - 250 usuarios 1-46,text,true,,7381,250,99,99,https://www.blazedemo.com/reserve.php,409,0,0
1774386493942,341,3 - Comprar Passagem,200,OK,Teste de Carga - 250 usuarios 1-70,text,true,,6719,420,100,100,https://www.blazedemo.com/purchase.php,330,0,0
1774386493730,554,1 - Acessar Home,200,OK,Teste de Carga - 250 usuarios 1-50,text,true,,4757,120,100,100,https://www.blazedemo.com/,543,0,0
1774386493895,401,2 - Escolher Voo,200,OK,Teste de Carga - 250 usuarios 1-38,text,true,,7381,250,100,100,https://www.blazedemo.com/reserve.php,381,0,0
1774386493889,407,1 - Acessar Home,200,OK,Teste de Carga - 250 usuarios 1-58,text,true,,4757,120,100,100,https://www.blazedemo.com/,395,0,0
1774386493775,526,3 - Comprar Passagem,200,OK,Teste de Carga - 250 usuarios 1-62,text,true,,6719,420,100,100,https://www.blazedemo.com/purchase.php,516,0,0
1774386493845,460,1 - Acessar Home,200,OK,Teste de Carga - 250 usuarios 1-89,text,true,,4757,120,100,100,https://www.blazedemo.com/,448,0,154
1774386494040,277,3 - Comprar Passagem,200,OK,Teste de Carga - 250 usuarios 1-48,text,true,,6719,420,100,100,https://www.blazedemo.com/purchase.php,265,0,0
1774386493739,582,2 - Escolher Voo,200,OK,Teste de Carga - 250 usuarios 1-73,text,true,,7381,250,101,101,https://www.blazedemo.com/reserve.php,562,0,0
1774386493939,391,1 - Acessar Home,200,OK,Teste de Carga - 250 usuarios 1-53,text,true,,4757,120,101,101,https://www.blazedemo.com/,378,0,0
1774386493924,411,2 - Escolher Voo,200,OK,Teste de Carga - 250 usuarios 1-69,text,true,,7381,250,101,101,https://www.blazedemo.com/reserve.php,391,0,0
1774386494059,286,2 - Escolher Voo,200,OK,Teste de Carga - 250 usuarios 1-51,text,true,,7381,250,101,101,https://www.blazedemo.com/reserve.php,264,0,0
1774386493950,401,1 - Acessar Home,200,OK,Teste de Carga - 250 usuarios 1-7,text,true,,4757,120,101,101,https://www.blazedemo.com/,390,0,0
1774386493829,523,3 - Comprar Passagem,200,OK,Teste de Carga - 250 usuarios 1-36,text,true,,6719,420,101,101,https://www.blazedemo.com/purchase.php,513,0,0
1774386493441,919,2 - Escolher Voo,200,OK,Teste de Carga - 250 usuarios 1-67,text,true,,7381,250,101,101,https://www.blazedemo.com/reserve.php,899,0,0
1774386493781,588,1 - Acessar Home,200,OK,Teste de Carga - 250 usuarios 1-26,text,true,,4757,120,102,102,https://www.blazedemo.com/,577,0,0
1774386493910,464,1 - Acessar Home,200,OK,Teste de Carga - 250 usuarios 1-25,text,true,,4757,120,102,102,https://www.blazedemo.com/,452,0,0
1774386493602,778,2 - Escolher Voo,200,OK,Teste de Carga - 250 usuarios 1-9,text,true,,7381,250,102,102,https://www.blazedemo.com/reserve.php,758,0,0
1774386493775,609,2 - Escolher Voo,200,OK,Teste de Carga - 250 usuarios 1-21,text,true,,7381,250,102,102,https://www.blazedemo.com/reserve.php,589,0,0
1774386493996,395,3 - Comprar Passagem,200,OK,Teste de Carga - 250 usuarios 1-29,text,true,,6719,420,102,102,https://www.blazedemo.com/purchase.php,383,0,0
1774386494052,343,3 - Comprar Passagem,200,OK,Teste de Carga - 250 usuarios 1-68,text,true,,6719,420,102,102,https://www.blazedemo.com/purchase.php,331,0,0
1774386493965,439,2 - Escolher Voo,200,OK,Teste de Carga - 250 usuarios 1-47,text,true,,7381,250,103,103,https://www.blazedemo.com/reserve.php,418,0,0
1774386494129,278,1 - Acessar Home,200,OK,Teste de Carga - 250 usuarios 1-61,text,true,,4757,120,103,103,https://www.blazedemo.com/,268,0,0
1774386493962,448,1 - Acessar Home,200,OK,Teste de Carga - 250 usuarios 1-92,text,true,,4757,120,103,103,https://www.blazedemo.com/,437,0,132
1774386494181,244,2 - Escolher Voo,200,OK,Teste de Carga - 250 usuarios 1-17,text,true,,7381,250,103,103,https://www.blazedemo.com/reserve.php,224,0,0
1774386494024,406,2 - Escolher Voo,200,OK,Teste de Carga - 250 usuarios 1-82,text,true,,7381,250,103,103,https://www.blazedemo.com/reserve.php,385,0,0
1774386494019,412,2 - Escolher Voo,200,OK,Teste de Carga - 250 usuarios 1-8,text,true,,7381,250,103,103,https://www.blazedemo.com/reserve.php,388,0,0
1774386494136,300,2 - Escolher Voo,200,OK,Teste de Carga - 250 usuarios 1-84,text,true,,7381,250,103,103,https://www.blazedemo.com/reserve.php,280,0,0
1774386493868,571,3 - Comprar Passagem,200,OK,Teste de Carga - 250 usuarios 1-55,text,true,,6719,420,103,103,https://www.blazedemo.com/purchase.php,559,0,0
1774386494161,302,1 - Acessar Home,200,OK,Teste de Carga - 250 usuarios 1-63,text,true,,4757,120,104,104,https://www.blazedemo.com/,290,0,0
1774386494173,293,3 - Comprar Passagem,200,OK,Teste de Carga - 250 usuarios 1-15,text,true,,6719,420,104,104,https://www.blazedemo.com/purchase.php,281,0,0
1774386493614,854,1 - Acessar Home,200,OK,Teste de Carga - 250 usuarios 1-30,text,true,,4757,120,104,104,https://www.blazedemo.com/,842,0,0
1774386494146,340,2 - Escolher Voo,200,OK,Teste de Carga - 250 usuarios 1-5,text,true,,7381,250,105,105,https://www.blazedemo.com/reserve.php,320,0,0
1774386493928,564,3 - Comprar Passagem,200,OK,Teste de Carga - 250 usuarios 1-56,text,true,,6719,420,105,105,https://www.blazedemo.com/purchase.php,548,0,0
1774386494048,446,1 - Acessar Home,200,OK,Teste de Carga - 250 usuarios 1-35,text,true,,4757,120,105,105,https://www.blazedemo.com/,433,0,0
1774386493669,830,3 - Comprar Passagem,200,OK,Teste de Carga - 250 usuarios 1-64,text,true,,6719,420,105,105,https://www.blazedemo.com/purchase.php,818,0,0
1774386494089,414,2 - Escolher Voo,200,OK,Teste de Carga - 250 usuarios 1-81,text,true,,7381,250,105,105,https://www.blazedemo.com/reserve.php,394,0,0
1774386494170,351,2 - Escolher Voo,200,OK,Teste de Carga - 250 usuarios 1-18,text,true,,7381,250,105,105,https://www.blazedemo.com/reserve.php,331,0,0
1774386493926,611,1 - Acessar Home,200,OK,Teste de Carga - 250 usuarios 1-19,text,true,,4757,120,106,106,https://www.blazedemo.com/,600,0,0
1774386494178,361,2 - Escolher Voo,200,OK,Teste de Carga - 250 usuarios 1-23,text,true,,7381,250,106,106,https://www.blazedemo.com/reserve.php,341,0,0
1774386493957,592,2 - Escolher Voo,200,OK,Teste de Carga - 250 usuarios 1-77,text,true,,7381,250,106,106,https://www.blazedemo.com/reserve.php,569,0,0
1774386493923,626,1 - Acessar Home,200,OK,Teste de Carga - 250 usuarios 1-91,text,true,,4757,120,106,106,https://www.blazedemo.com/,614,0,138
1774386494174,392,2 - Escolher Voo,200,OK,Teste de Carga - 250 usuarios 1-6,text,true,,7381,250,107,107,https://www.blazedemo.com/reserve.php,372,0,0
1774386494002,567,1 - Acessar Home,200,OK,Teste de Carga - 250 usuarios 1-93,text,true,,4757,120,107,107,https://www.blazedemo.com/,555,0,138
1774386493745,827,1 - Acessar Home,200,OK,Teste de Carga - 250 usuarios 1-27,text,true,,4757,120,107,107,https://www.blazedemo.com/,815,0,0
1774386494296,283,2 - Escolher Voo,200,OK,Teste de Carga - 250 usuarios 1-58,text,true,,7381,250,107,107,https://www.blazedemo.com/reserve.php,262,0,0
1774386494055,533,3 - Comprar Passagem,200,OK,Teste de Carga - 250 usuarios 1-43,text,true,,6719,420,107,107,https://www.blazedemo.com/purchase.php,522,0,0
1774386493983,608,1 - Acessar Home,200,OK,Teste de Carga - 250 usuarios 1-33,text,true,,4757,120,107,107,https://www.blazedemo.com/,596,0,0
1774386493985,606,2 - Escolher Voo,200,OK,Teste de Carga - 250 usuarios 1-76,text,true,,7381,250,107,107,https://www.blazedemo.com/reserve.php,590,0,0
1774386494335,263,3 - Comprar Passagem,200,OK,Teste de Carga - 250 usuarios 1-69,text,true,,6719,420,107,107,https://www.blazedemo.com/purchase.php,252,0,0
1774386494171,428,2 - Escolher Voo,200,OK,Teste de Carga - 250 usuarios 1-13,text,true,,7381,250,107,107,https://www.blazedemo.com/reserve.php,407,0,0
1774386494301,301,1 - Acessar Home,200,OK,Teste de Carga - 250 usuarios 1-62,text,true,,4757,120,107,107,https://www.blazedemo.com/,289,0,0
1774386494228,388,1 - Acessar Home,200,OK,Teste de Carga - 250 usuarios 1-66,text,true,,4757,120,108,108,https://www.blazedemo.com/,376,0,0
1774386494068,553,3 - Comprar Passagem,200,OK,Teste de Carga - 250 usuarios 1-37,text,true,,6719,420,108,108,https://www.blazedemo.com/purchase.php,542,0,0
1774386494216,418,1 - Acessar Home,200,OK,Teste de Carga - 250 usuarios 1-65,text,true,,4757,120,108,108,https://www.blazedemo.com/,406,0,0
1774386494043,592,1 - Acessar Home,200,OK,Teste de Carga - 250 usuarios 1-94,text,true,,4757,120,108,108,https://www.blazedemo.com/,584,0,133
1774386493747,899,1 - Acessar Home,200,OK,Teste de Carga - 250 usuarios 1-44,text,true,,4757,120,109,109,https://www.blazedemo.com/,887,0,0
1774386494255,402,2 - Escolher Voo,200,OK,Teste de Carga - 250 usuarios 1-52,text,true,,7381,250,109,109,https://www.blazedemo.com/reserve.php,382,0,0
1774386494284,377,2 - Escolher Voo,200,OK,Teste de Carga - 250 usuarios 1-50,text,true,,7381,250,109,109,https://www.blazedemo.com/reserve.php,358,0,0
1774386494066,598,2 - Escolher Voo,200,OK,Teste de Carga - 250 usuarios 1-83,text,true,,7381,250,109,109,https://www.blazedemo.com/reserve.php,581,0,0
1774386494360,312,3 - Comprar Passagem,200,OK,Teste de Carga - 250 usuarios 1-67,text,true,,6719,420,109,109,https://www.blazedemo.com/purchase.php,300,0,0
1774386493646,1029,2 - Escolher Voo,200,OK,Teste de Carga - 250 usuarios 1-71,text,true,,7381,250,109,109,https://www.blazedemo.com/reserve.php,1008,0,0
1774386494269,410,3 - Comprar Passagem,200,OK,Teste de Carga - 250 usuarios 1-46,text,true,,6719,420,109,109,https://www.blazedemo.com/purchase.php,398,0,0
1774386494191,489,3 - Comprar Passagem,200,OK,Teste de Carga - 250 usuarios 1-74,text,true,,6719,420,109,109,https://www.blazedemo.com/purchase.php,476,0,0
1774386494224,460,3 - Comprar Passagem,200,OK,Teste de Carga - 250 usuarios 1-31,text,true,,6719,420,110,110,https://www.blazedemo.com/purchase.php,445,0,0
1774386494043,646,3 - Comprar Passagem,200,OK,Teste de Carga - 250 usuarios 1-49,text,true,,6719,420,110,110,https://www.blazedemo.com/purchase.php,633,0,0
1774386494370,319,2 - Escolher Voo,200,OK,Teste de Carga - 250 usuarios 1-26,text,true,,7381,250,110,110,https://www.blazedemo.com/reserve.php,299,0,0
1774386494250,443,1 - Acessar Home,200,OK,Teste de Carga - 250 usuarios 1-11,text,true,,4757,120,110,110,https://www.blazedemo.com/,431,0,0
1774386494282,412,1 - Acessar Home,200,OK,Teste de Carga - 250 usuarios 1-100,text,true,,4757,120,110,110,https://www.blazedemo.com/,400,0,142
1774386494262,443,3 - Comprar Passagem,200,OK,Teste de Carga - 250 usuarios 1-20,text,true,,6719,420,110,110,https://www.blazedemo.com/purchase.php,431,0,0
1774386494106,599,2 - Escolher Voo,200,OK,Teste de Carga - 250 usuarios 1-41,text,true,,7381,250,110,110,https://www.blazedemo.com/reserve.php,583,0,0
1774386494411,298,2 - Escolher Voo,200,OK,Teste de Carga - 250 usuarios 1-92,text,true,,7381,250,110,110,https://www.blazedemo.com/reserve.php,278,0,0
1774386494146,567,3 - Comprar Passagem,200,OK,Teste de Carga - 250 usuarios 1-59,text,true,,6719,420,110,110,https://www.blazedemo.com/purchase.php,555,0,0
1774386494466,248,1 - Acessar Home,200,OK,Teste de Carga - 250 usuarios 1-15,text,true,,4757,120,110,110,https://www.blazedemo.com/,236,0,0
1774386494214,503,2 - Escolher Voo,200,OK,Teste de Carga - 250 usuarios 1-80,text,true,,7381,250,110,110,https://www.blazedemo.com/reserve.php,483,0,0
1774386494181,538,1 - Acessar Home,200,OK,Teste de Carga - 250 usuarios 1-4,text,true,,4757,120,110,110,https://www.blazedemo.com/,526,0,0
1774386494305,416,2 - Escolher Voo,200,OK,Teste de Carga - 250 usuarios 1-89,text,true,,7381,250,110,110,https://www.blazedemo.com/reserve.php,396,0,0
1774386493759,963,3 - Comprar Passagem,200,OK,Teste de Carga - 250 usuarios 1-2,text,true,,6719,420,110,110,https://www.blazedemo.com/purchase.php,951,0,0
1774386494352,390,2 - Escolher Voo,200,OK,Teste de Carga - 250 usuarios 1-7,text,true,,7381,250,110,110,https://www.blazedemo.com/reserve.php,361,0,0
1774386494161,582,1 - Acessar Home,200,OK,Teste de Carga - 250 usuarios 1-97,text,true,,4757,120,111,111,https://www.blazedemo.com/,581,0,129
1774386494122,629,1 - Acessar Home,200,OK,Teste de Carga - 250 usuarios 1-96,text,true,,4757,120,111,111,https://www.blazedemo.com/,620,0,130
1774386494264,487,2 - Escolher Voo,200,OK,Teste de Carga - 250 usuarios 1-88,text,true,,7381,250,111,111,https://www.blazedemo.com/reserve.php,478,0,0
1774386494463,296,2 - Escolher Voo,200,OK,Teste de Carga - 250 usuarios 1-63,text,true,,7381,250,111,111,https://www.blazedemo.com/reserve.php,280,0,0
1774386493682,1081,3 - Comprar Passagem,200,OK,Teste de Carga - 250 usuarios 1-34,text,true,,6719,420,111,111,https://www.blazedemo.com/purchase.php,1069,0,0
1774386494041,725,1 - Acessar Home,200,OK,Teste de Carga - 250 usuarios 1-32,text,true,,4757,120,111,111,https://www.blazedemo.com/,714,0,0
1774386494352,417,1 - Acessar Home,200,OK,Teste de Carga - 250 usuarios 1-36,text,true,,4757,120,111,111,https://www.blazedemo.com/,405,0,0
1774386494407,368,2 - Escolher Voo,200,OK,Teste de Carga - 250 usuarios 1-61,text,true,,7381,250,112,112,https://www.blazedemo.com/reserve.php,349,0,0
1774386494242,552,1 - Acessar Home,200,OK,Teste de Carga - 250 usuarios 1-99,text,true,,4757,120,112,112,https://www.blazedemo.com/,540,0,141
1774386494251,546,3 - Comprar Passagem,200,OK,Teste de Carga - 250 usuarios 1-72,text,true,,6719,420,112,112,https://www.blazedemo.com/purchase.php,529,0,0
1774386494395,406,1 - Acessar Home,200,OK,Teste de Carga - 250 usuarios 1-68,text,true,,4757,120,112,112,https://www.blazedemo.com/,394,0,0
1774386494539,272,3 - Comprar Passagem,200,OK,Teste de Carga - 250 usuarios 1-23,text,true,,6719,420,113,113,https://www.blazedemo.com/purchase.php,259,0,0
1774386494222,590,2 - Escolher Voo,200,OK,Teste de Carga - 250 usuarios 1-86,text,true,,7381,250,113,113,https://www.blazedemo.com/reserve.php,568,0,0
1774386494212,604,2 - Escolher Voo,200,OK,Teste de Carga - 250 usuarios 1-54,text,true,,7381,250,113,113,https://www.blazedemo.com/reserve.php,589,0,0
1774386494262,558,1 - Acessar Home,200,OK,Teste de Carga - 250 usuarios 1-57,text,true,,4757,120,113,113,https://www.blazedemo.com/,546,0,0
1774386494493,329,1 - Acessar Home,200,OK,Teste de Carga - 250 usuarios 1-56,text,true,,4757,120,113,113,https://www.blazedemo.com/,323,0,0
1774386494145,686,2 - Escolher Voo,200,OK,Teste de Carga - 250 usuarios 1-3,text,true,,7381,250,113,113,https://www.blazedemo.com/reserve.php,665,0,0
1774386494330,503,2 - Escolher Voo,200,OK,Teste de Carga - 250 usuarios 1-53,text,true,,7381,250,113,113,https://www.blazedemo.com/reserve.php,483,0,0
1774386494402,447,1 - Acessar Home,200,OK,Teste de Carga - 250 usuarios 1-103,text,true,,4757,120,114,114,https://www.blazedemo.com/,435,0,140
1774386494296,554,3 - Comprar Passagem,200,OK,Teste de Carga - 250 usuarios 1-38,text,true,,6719,420,114,114,https://www.blazedemo.com/purchase.php,541,0,0
1774386494346,516,3 - Comprar Passagem,200,OK,Teste de Carga - 250 usuarios 1-51,text,true,,6719,420,114,114,https://www.blazedemo.com/purchase.php,504,0,0
1774386494040,828,2 - Escolher Voo,200,OK,Teste de Carga - 250 usuarios 1-14,text,true,,7381,250,114,114,https://www.blazedemo.com/reserve.php,808,0,0
1774386494322,572,1 - Acessar Home,200,OK,Teste de Carga - 250 usuarios 1-101,text,true,,4757,120,115,115,https://www.blazedemo.com/,560,0,134
1774386494591,305,2 - Escolher Voo,200,OK,Teste de Carga - 250 usuarios 1-33,text,true,,7381,250,115,115,https://www.blazedemo.com/reserve.php,286,0,0
1774386494486,412,3 - Comprar Passagem,200,OK,Teste de Carga - 250 usuarios 1-5,text,true,,6719,420,115,115,https://www.blazedemo.com/purchase.php,401,0,0
1774386494249,658,3 - Comprar Passagem,200,OK,Teste de Carga - 250 usuarios 1-24,text,true,,6719,420,115,115,https://www.blazedemo.com/purchase.php,646,0,0
1774386494588,325,1 - Acessar Home,200,OK,Teste de Carga - 250 usuarios 1-43,text,true,,4757,120,115,115,https://www.blazedemo.com/,314,0,0
1774386494374,560,2 - Escolher Voo,200,OK,Teste de Carga - 250 usuarios 1-25,text,true,,7381,250,116,116,https://www.blazedemo.com/reserve.php,540,0,0
1774386494193,743,2 - Escolher Voo,200,OK,Teste de Carga - 250 usuarios 1-12,text,true,,7381,250,116,116,https://www.blazedemo.com/reserve.php,723,0,0
1774386494426,511,3 - Comprar Passagem,200,OK,Teste de Carga - 250 usuarios 1-17,text,true,,6719,420,116,116,https://www.blazedemo.com/purchase.php,499,0,0
1774386493949,993,3 - Comprar Passagem,200,OK,Teste de Carga - 250 usuarios 1-1,text,true,,6719,420,116,116,https://www.blazedemo.com/purchase.php,981,0,0
1774386494080,870,2 - Escolher Voo,200,OK,Teste de Carga - 250 usuarios 1-85,text,true,,7381,250,116,116,https://www.blazedemo.com/reserve.php,850,0,0
1774386494523,438,1 - Acessar Home,200,OK,Teste de Carga - 250 usuarios 1-106,text,true,,4757,120,116,116,https://www.blazedemo.com/,427,0,130
1774386494404,560,3 - Comprar Passagem,200,OK,Teste de Carga - 250 usuarios 1-47,text,true,,6719,420,116,116,https://www.blazedemo.com/purchase.php,548,0,0
1774386493763,1203,2 - Escolher Voo,200,OK,Teste de Carga - 250 usuarios 1-75,text,true,,7381,250,117,117,https://www.blazedemo.com/reserve.php,1184,0,0
1774386494494,480,2 - Escolher Voo,200,OK,Teste de Carga - 250 usuarios 1-35,text,true,,7381,250,117,117,https://www.blazedemo.com/reserve.php,462,0,0
1774386494661,317,3 - Comprar Passagem,200,OK,Teste de Carga - 250 usuarios 1-50,text,true,,6719,420,117,117,https://www.blazedemo.com/purchase.php,305,0,0
1774386494430,567,3 - Comprar Passagem,200,OK,Teste de Carga - 250 usuarios 1-82,text,true,,6719,420,117,117,https://www.blazedemo.com/purchase.php,555,0,0
1774386494621,385,1 - Acessar Home,200,OK,Teste de Carga - 250 usuarios 1-37,text,true,,4757,120,118,118,https://www.blazedemo.com/,373,0,0
1774386494255,757,3 - Comprar Passagem,200,OK,Teste de Carga - 250 usuarios 1-39,text,true,,6719,420,118,118,https://www.blazedemo.com/purchase.php,745,0,0
1774386494679,340,1 - Acessar Home,200,OK,Teste de Carga - 250 usuarios 1-46,text,true,,4757,120,118,118,https://www.blazedemo.com/,328,0,0
1774386494468,558,2 - Escolher Voo,200,OK,Teste de Carga - 250 usuarios 1-30,text,true,,7381,250,118,118,https://www.blazedemo.com/reserve.php,538,0,0
1774386494752,276,3 - Comprar Passagem,200,OK,Teste de Carga - 250 usuarios 1-88,text,true,,6719,420,118,118,https://www.blazedemo.com/purchase.php,258,0,0
1774386494706,331,3 - Comprar Passagem,200,OK,Teste de Carga - 250 usuarios 1-41,text,true,,6719,420,118,118,https://www.blazedemo.com/purchase.php,314,0,0
1774386494195,844,3 - Comprar Passagem,200,OK,Teste de Carga - 250 usuarios 1-10,text,true,,6719,420,118,118,https://www.blazedemo.com/purchase.php,832,0,0
1774386494204,844,2 - Escolher Voo,200,OK,Teste de Carga - 250 usuarios 1-16,text,true,,7381,250,119,119,https://www.blazedemo.com/reserve.php,824,0,0
1774386494521,532,3 - Comprar Passagem,200,OK,Teste de Carga - 250 usuarios 1-18,text,true,,6719,420,119,119,https://www.blazedemo.com/purchase.php,521,0,0
1774386494694,362,2 - Escolher Voo,200,OK,Teste de Carga - 250 usuarios 1-100,text,true,,7381,250,119,119,https://www.blazedemo.com/reserve.php,345,0,0
1774386494440,629,1 - Acessar Home,200,OK,Teste de Carga - 250 usuarios 1-55,text,true,,4757,120,119,119,https://www.blazedemo.com/,617,0,0
1774386494811,258,1 - Acessar Home,200,OK,Teste de Carga - 250 usuarios 1-23,text,true,,4757,120,119,119,https://www.blazedemo.com/,247,0,0
1774386494204,868,1 - Acessar Home,200,OK,Teste de Carga - 250 usuarios 1-98,text,true,,4757,120,119,119,https://www.blazedemo.com/,856,0,366
1774386494766,307,2 - Escolher Voo,200,OK,Teste de Carga - 250 usuarios 1-32,text,true,,7381,250,119,119,https://www.blazedemo.com/reserve.php,288,0,0
1774386493841,1237,1 - Acessar Home,200,OK,Teste de Carga - 250 usuarios 1-22,text,true,,4757,120,119,119,https://www.blazedemo.com/,1225,0,0
1774386494567,521,3 - Comprar Passagem,200,OK,Teste de Carga - 250 usuarios 1-6,text,true,,6719,420,120,120,https://www.blazedemo.com/purchase.php,510,0,0
1774386494603,515,2 - Escolher Voo,200,OK,Teste de Carga - 250 usuarios 1-62,text,true,,7381,250,120,120,https://www.blazedemo.com/reserve.php,495,0,0
1774386494751,371,2 - Escolher Voo,200,OK,Teste de Carga - 250 usuarios 1-96,text,true,,7381,250,120,120,https://www.blazedemo.com/reserve.php,351,0,0
1774386494706,418,1 - Acessar Home,200,OK,Teste de Carga - 250 usuarios 1-20,text,true,,4757,120,121,121,https://www.blazedemo.com/,406,0,0
1774386494087,1043,1 - Acessar Home,200,OK,Teste de Carga - 250 usuarios 1-95,text,true,,4757,120,121,121,https://www.blazedemo.com/,1030,0,133
1774386494645,495,1 - Acessar Home,200,OK,Teste de Carga - 250 usuarios 1-109,text,true,,4757,120,121,121,https://www.blazedemo.com/,483,0,132
1774386494616,540,2 - Escolher Voo,200,OK,Teste de Carga - 250 usuarios 1-66,text,true,,7381,250,121,121,https://www.blazedemo.com/reserve.php,520,0,0
1774386493926,1234,2 - Escolher Voo,200,OK,Teste de Carga - 250 usuarios 1-78,text,true,,7381,250,121,121,https://www.blazedemo.com/reserve.php,1214,0,0
1774386494657,504,3 - Comprar Passagem,200,OK,Teste de Carga - 250 usuarios 1-52,text,true,,6719,420,121,121,https://www.blazedemo.com/purchase.php,492,0,0
1774386494549,616,3 - Comprar Passagem,200,OK,Teste de Carga - 250 usuarios 1-77,text,true,,6719,420,122,122,https://www.blazedemo.com/purchase.php,604,0,0
1774386493884,1282,1 - Acessar Home,200,OK,Teste de Carga - 250 usuarios 1-90,text,true,,4757,120,122,122,https://www.blazedemo.com/,1270,0,135
1774386494634,536,2 - Escolher Voo,200,OK,Teste de Carga - 250 usuarios 1-65,text,true,,7381,250,122,122,https://www.blazedemo.com/reserve.php,516,0,0
1774386494579,612,3 - Comprar Passagem,200,OK,Teste de Carga - 250 usuarios 1-58,text,true,,6719,420,122,122,https://www.blazedemo.com/purchase.php,601,0,0
1774386494801,395,2 - Escolher Voo,200,OK,Teste de Carga - 250 usuarios 1-68,text,true,,7381,250,122,122,https://www.blazedemo.com/reserve.php,374,0,0
1774386494384,813,3 - Comprar Passagem,200,OK,Teste de Carga - 250 usuarios 1-21,text,true,,6719,420,122,122,https://www.blazedemo.com/purchase.php,794,0,0
1774386494569,640,2 - Escolher Voo,200,OK,Teste de Carga - 250 usuarios 1-93,text,true,,7381,250,123,123,https://www.blazedemo.com/reserve.php,620,0,0
1774386494549,663,2 - Escolher Voo,200,OK,Teste de Carga - 250 usuarios 1-91,text,true,,7381,250,123,123,https://www.blazedemo.com/reserve.php,643,0,0
1774386494322,896,3 - Comprar Passagem,200,OK,Teste de Carga - 250 usuarios 1-73,text,true,,6719,420,123,123,https://www.blazedemo.com/purchase.php,884,0,0
1774386494821,399,2 - Escolher Voo,200,OK,Teste de Carga - 250 usuarios 1-57,text,true,,7381,250,123,123,https://www.blazedemo.com/reserve.php,380,0,0
1774386494482,739,1 - Acessar Home,200,OK,Teste de Carga - 250 usuarios 1-105,text,true,,4757,120,123,123,https://www.blazedemo.com/,727,0,135
1774386494869,365,3 - Comprar Passagem,200,OK,Teste de Carga - 250 usuarios 1-14,text,true,,6719,420,123,123,https://www.blazedemo.com/purchase.php,353,0,0
1774386494680,557,1 - Acessar Home,200,OK,Teste de Carga - 250 usuarios 1-74,text,true,,4757,120,123,123,https://www.blazedemo.com/,545,0,0
1774386494635,604,2 - Escolher Voo,200,OK,Teste de Carga - 250 usuarios 1-94,text,true,,7381,250,123,123,https://www.blazedemo.com/reserve.php,589,0,0
1774386494573,683,2 - Escolher Voo,200,OK,Teste de Carga - 250 usuarios 1-27,text,true,,7381,250,124,124,https://www.blazedemo.com/reserve.php,663,0,0
1774386494943,315,1 - Acessar Home,200,OK,Teste de Carga - 250 usuarios 1-1,text,true,,4757,120,124,124,https://www.blazedemo.com/,303,0,0
1774386494896,366,3 - Comprar Passagem,200,OK,Teste de Carga - 250 usuarios 1-33,text,true,,6719,420,124,124,https://www.blazedemo.com/purchase.php,353,0,0
1774386494689,580,1 - Acessar Home,200,OK,Teste de Carga - 250 usuarios 1-49,text,true,,4757,120,124,124,https://www.blazedemo.com/,567,0,0
1774386494717,553,3 - Comprar Passagem,200,OK,Teste de Carga - 250 usuarios 1-80,text,true,,6719,420,124,124,https://www.blazedemo.com/purchase.php,541,0,0
1774386494965,307,1 - Acessar Home,200,OK,Teste de Carga - 250 usuarios 1-47,text,true,,4757,120,124,124,https://www.blazedemo.com/,294,0,0
1774386494676,596,3 - Comprar Passagem,200,OK,Teste de Carga - 250 usuarios 1-71,text,true,,6719,420,124,124,https://www.blazedemo.com/purchase.php,584,0,0
1774386495012,270,1 - Acessar Home,200,OK,Teste de Carga - 250 usuarios 1-39,text,true,,4757,120,125,125,https://www.blazedemo.com/,258,0,0
1774386493991,1299,3 - Comprar Passagem,200,OK,Teste de Carga - 250 usuarios 1-42,text,true,,6719,420,125,125,https://www.blazedemo.com/purchase.php,1282,0,0
1774386494431,862,3 - Comprar Passagem,200,OK,Teste de Carga - 250 usuarios 1-8,text,true,,6719,420,125,125,https://www.blazedemo.com/purchase.php,852,0,0
1774386495020,273,2 - Escolher Voo,200,OK,Teste de Carga - 250 usuarios 1-46,text,true,,7381,250,125,125,https://www.blazedemo.com/reserve.php,254,0,0
1774386494797,503,1 - Acessar Home,200,OK,Teste de Carga - 250 usuarios 1-72,text,true,,4757,120,125,125,https://www.blazedemo.com/,491,0,0
1774386494684,638,1 - Acessar Home,200,OK,Teste de Carga - 250 usuarios 1-31,text,true,,4757,120,125,125,https://www.blazedemo.com/,626,0,0
1774386494974,348,3 - Comprar Passagem,200,OK,Teste de Carga - 250 usuarios 1-35,text,true,,6719,420,125,125,https://www.blazedemo.com/purchase.php,336,0,0
1774386494078,1245,2 - Escolher Voo,200,OK,Teste de Carga - 250 usuarios 1-79,text,true,,7381,250,125,125,https://www.blazedemo.com/reserve.php,1224,0,0
1774386494935,394,3 - Comprar Passagem,200,OK,Teste de Carga - 250 usuarios 1-25,text,true,,6719,420,126,126,https://www.blazedemo.com/purchase.php,382,0,0
1774386494834,506,3 - Comprar Passagem,200,OK,Teste de Carga - 250 usuarios 1-53,text,true,,6719,420,126,126,https://www.blazedemo.com/purchase.php,492,0,0
1774386494591,756,3 - Comprar Passagem,200,OK,Teste de Carga - 250 usuarios 1-76,text,true,,6719,420,126,126,https://www.blazedemo.com/purchase.php,744,0,0
1774386494850,505,1 - Acessar Home,200,OK,Teste de Carga - 250 usuarios 1-38,text,true,,4757,120,126,126,https://www.blazedemo.com/,494,0,0
1774386495037,325,1 - Acessar Home,200,OK,Teste de Carga - 250 usuarios 1-41,text,true,,4757,120,127,127,https://www.blazedemo.com/,314,0,0
1774386494714,651,2 - Escolher Voo,200,OK,Teste de Carga - 250 usuarios 1-15,text,true,,7381,250,127,127,https://www.blazedemo.com/reserve.php,631,0,0
1774386495122,262,3 - Comprar Passagem,200,OK,Teste de Carga - 250 usuarios 1-96,text,true,,6719,420,127,127,https://www.blazedemo.com/purchase.php,246,0,0
1774386495118,271,3 - Comprar Passagem,200,OK,Teste de Carga - 250 usuarios 1-62,text,true,,6719,420,127,127,https://www.blazedemo.com/purchase.php,260,0,0
1774386494503,889,3 - Comprar Passagem,200,OK,Teste de Carga - 250 usuarios 1-81,text,true,,6719,420,127,127,https://www.blazedemo.com/purchase.php,876,0,0
1774386494500,897,1 - Acessar Home,200,OK,Teste de Carga - 250 usuarios 1-64,text,true,,4757,120,127,127,https://www.blazedemo.com/,885,0,0
1774386494646,754,2 - Escolher Voo,200,OK,Teste de Carga - 250 usuarios 1-44,text,true,,7381,250,127,127,https://www.blazedemo.com/reserve.php,733,0,0
1774386494381,1033,3 - Comprar Passagem,200,OK,Teste de Carga - 250 usuarios 1-9,text,true,,6719,420,128,128,https://www.blazedemo.com/purchase.php,1019,0,0
1774386495045,370,1 - Acessar Home,200,OK,Teste de Carga - 250 usuarios 1-119,text,true,,4757,120,128,128,https://www.blazedemo.com/,358,0,128
1774386495048,383,3 - Comprar Passagem,200,OK,Teste de Carga - 250 usuarios 1-16,text,true,,6719,420,128,128,https://www.blazedemo.com/purchase.php,372,0,0
1774386494936,501,3 - Comprar Passagem,200,OK,Teste de Carga - 250 usuarios 1-12,text,true,,6719,420,128,128,https://www.blazedemo.com/purchase.php,488,0,0
1774386494794,649,2 - Escolher Voo,200,OK,Teste de Carga - 250 usuarios 1-99,text,true,,7381,250,129,129,https://www.blazedemo.com/reserve.php,629,0,0
1774386494913,535,2 - Escolher Voo,200,OK,Teste de Carga - 250 usuarios 1-43,text,true,,7381,250,129,129,https://www.blazedemo.com/reserve.php,515,0,0
1774386494813,639,3 - Comprar Passagem,200,OK,Teste de Carga - 250 usuarios 1-86,text,true,,6719,420,129,129,https://www.blazedemo.com/purchase.php,628,0,0
1774386494721,734,3 - Comprar Passagem,200,OK,Teste de Carga - 250 usuarios 1-89,text,true,,6719,420,129,129,https://www.blazedemo.com/purchase.php,722,0,0
1774386495005,451,1 - Acessar Home,200,OK,Teste de Carga - 250 usuarios 1-118,text,true,,4757,120,129,129,https://www.blazedemo.com/,439,0,131
1774386494437,1023,3 - Comprar Passagem,200,OK,Teste de Carga - 250 usuarios 1-84,text,true,,6719,420,129,129,https://www.blazedemo.com/purchase.php,1010,0,0
1774386495170,296,3 - Comprar Passagem,200,OK,Teste de Carga - 250 usuarios 1-65,text,true,,6719,420,129,129,https://www.blazedemo.com/purchase.php,283,0,0
1774386494831,638,3 - Comprar Passagem,200,OK,Teste de Carga - 250 usuarios 1-3,text,true,,6719,420,129,129,https://www.blazedemo.com/purchase.php,626,0,0
1774386494161,1333,3 - Comprar Passagem,200,OK,Teste de Carga - 250 usuarios 1-45,text,true,,6719,420,130,130,https://www.blazedemo.com/purchase.php,1321,0,0
1774386494055,1444,1 - Acessar Home,200,OK,Teste de Carga - 250 usuarios 1-60,text,true,,4757,120,130,130,https://www.blazedemo.com/,1432,0,0
1774386495196,304,3 - Comprar Passagem,200,OK,Teste de Carga - 250 usuarios 1-68,text,true,,6719,420,130,130,https://www.blazedemo.com/purchase.php,293,0,0
1774386494979,521,1 - Acessar Home,200,OK,Teste de Carga - 250 usuarios 1-50,text,true,,4757,120,130,130,https://www.blazedemo.com/,510,0,0
1774386494537,970,2 - Escolher Voo,200,OK,Teste de Carga - 250 usuarios 1-19,text,true,,7381,250,130,130,https://www.blazedemo.com/reserve.php,954,0,0
1774386494710,809,3 - Comprar Passagem,200,OK,Teste de Carga - 250 usuarios 1-92,text,true,,6719,420,130,130,https://www.blazedemo.com/purchase.php,798,0,0
1774386494822,705,2 - Escolher Voo,200,OK,Teste de Carga - 250 usuarios 1-56,text,true,,7381,250,131,131,https://www.blazedemo.com/reserve.php,685,0,0
1774386494967,566,3 - Comprar Passagem,200,OK,Teste de Carga - 250 usuarios 1-75,text,true,,6719,420,131,131,https://www.blazedemo.com/purchase.php,554,0,0
1774386494722,814,1 - Acessar Home,200,OK,Teste de Carga - 250 usuarios 1-2,text,true,,4757,120,131,131,https://www.blazedemo.com/,802,0,0
1774386494849,689,1 - Acessar Home,200,OK,Teste de Carga - 250 usuarios 1-114,text,true,,4757,120,131,131,https://www.blazedemo.com/,677,0,136
1774386494898,642,1 - Acessar Home,200,OK,Teste de Carga - 250 usuarios 1-5,text,true,,4757,120,131,131,https://www.blazedemo.com/,631,0,0
1774386495293,251,1 - Acessar Home,200,OK,Teste de Carga - 250 usuarios 1-8,text,true,,4757,120,131,131,https://www.blazedemo.com/,240,0,0
1774386494997,549,1 - Acessar Home,200,OK,Teste de Carga - 250 usuarios 1-82,text,true,,4757,120,131,131,https://www.blazedemo.com/,538,0,0
1774386495283,279,2 - Escolher Voo,200,OK,Teste de Carga - 250 usuarios 1-39,text,true,,7381,250,132,132,https://www.blazedemo.com/reserve.php,259,0,0
1774386495219,357,1 - Acessar Home,200,OK,Teste de Carga - 250 usuarios 1-73,text,true,,4757,120,132,132,https://www.blazedemo.com/,345,0,0
1774386495220,360,3 - Comprar Passagem,200,OK,Teste de Carga - 250 usuarios 1-57,text,true,,6719,420,132,132,https://www.blazedemo.com/purchase.php,347,0,0
1774386494862,721,1 - Acessar Home,200,OK,Teste de Carga - 250 usuarios 1-51,text,true,,4757,120,132,132,https://www.blazedemo.com/,709,0,0
1774386495301,288,2 - Escolher Voo,200,OK,Teste de Carga - 250 usuarios 1-72,text,true,,7381,250,132,132,https://www.blazedemo.com/reserve.php,268,0,0
1774386494809,786,1 - Acessar Home,200,OK,Teste de Carga - 250 usuarios 1-113,text,true,,4757,120,132,132,https://www.blazedemo.com/,774,0,163
1774386494598,1000,1 - Acessar Home,200,OK,Teste de Carga - 250 usuarios 1-69,text,true,,4757,120,132,132,https://www.blazedemo.com/,988,0,0
1774386494086,1516,3 - Comprar Passagem,200,OK,Teste de Carga - 250 usuarios 1-40,text,true,,6719,420,132,132,https://www.blazedemo.com/purchase.php,1505,0,0
1774386494605,1009,1 - Acessar Home,200,OK,Teste de Carga - 250 usuarios 1-108,text,true,,4757,120,133,133,https://www.blazedemo.com/,997,0,142
1774386494672,946,1 - Acessar Home,200,OK,Teste de Carga - 250 usuarios 1-67,text,true,,4757,120,133,133,https://www.blazedemo.com/,935,0,0
1774386494713,907,1 - Acessar Home,200,OK,Teste de Carga - 250 usuarios 1-59,text,true,,4757,120,133,133,https://www.blazedemo.com/,894,0,0
1774386495244,380,1 - Acessar Home,200,OK,Teste de Carga - 250 usuarios 1-124,text,true,,4757,120,133,133,https://www.blazedemo.com/,368,0,130
1774386494908,719,1 - Acessar Home,200,OK,Teste de Carga - 250 usuarios 1-24,text,true,,4757,120,133,133,https://www.blazedemo.com/,707,0,0
1774386494719,909,2 - Escolher Voo,200,OK,Teste de Carga - 250 usuarios 1-4,text,true,,7381,250,133,133,https://www.blazedemo.com/reserve.php,888,0,0
1774386495166,468,1 - Acessar Home,200,OK,Teste de Carga - 250 usuarios 1-77,text,true,,4757,120,133,133,https://www.blazedemo.com/,455,0,0
1774386495355,283,2 - Escolher Voo,200,OK,Teste de Carga - 250 usuarios 1-38,text,true,,7381,250,133,133,https://www.blazedemo.com/reserve.php,264,0,0
1774386495392,251,1 - Acessar Home,200,OK,Teste de Carga - 250 usuarios 1-81,text,true,,4757,120,134,134,https://www.blazedemo.com/,240,0,0
1774386494816,838,3 - Comprar Passagem,200,OK,Teste de Carga - 250 usuarios 1-54,text,true,,6719,420,134,134,https://www.blazedemo.com/purchase.php,827,0,0
1774386495323,331,3 - Comprar Passagem,200,OK,Teste de Carga - 250 usuarios 1-79,text,true,,6719,420,134,134,https://www.blazedemo.com/purchase.php,315,0,0
1774386495400,259,3 - Comprar Passagem,200,OK,Teste de Carga - 250 usuarios 1-44,text,true,,6719,420,134,134,https://www.blazedemo.com/purchase.php,247,0,0
1774386495237,438,2 - Escolher Voo,200,OK,Teste de Carga - 250 usuarios 1-74,text,true,,7381,250,134,134,https://www.blazedemo.com/reserve.php,417,0,0
1774386495212,469,3 - Comprar Passagem,200,OK,Teste de Carga - 250 usuarios 1-91,text,true,,6719,420,135,135,https://www.blazedemo.com/purchase.php,457,0,0
1774386495271,412,1 - Acessar Home,200,OK,Teste de Carga - 250 usuarios 1-80,text,true,,4757,120,135,135,https://www.blazedemo.com/,400,0,0
1774386494562,1147,1 - Acessar Home,200,OK,Teste de Carga - 250 usuarios 1-107,text,true,,4757,120,135,135,https://www.blazedemo.com/,1137,0,133
1774386494599,1115,3 - Comprar Passagem,200,OK,Teste de Carga - 250 usuarios 1-13,text,true,,6719,420,135,135,https://www.blazedemo.com/purchase.php,1100,0,0
1774386494743,974,3 - Comprar Passagem,200,OK,Teste de Carga - 250 usuarios 1-7,text,true,,6719,420,135,135,https://www.blazedemo.com/purchase.php,962,0,0
1774386494664,1055,3 - Comprar Passagem,200,OK,Teste de Carga - 250 usuarios 1-83,text,true,,6719,420,135,135,https://www.blazedemo.com/purchase.php,1044,0,0
1774386495057,667,3 - Comprar Passagem,200,OK,Teste de Carga - 250 usuarios 1-100,text,true,,6719,420,136,136,https://www.blazedemo.com/purchase.php,656,0,0
1774386494283,1442,1 - Acessar Home,200,OK,Teste de Carga - 250 usuarios 1-70,text,true,,4757,120,136,136,https://www.blazedemo.com/,1430,0,0
1774386494206,1523,2 - Escolher Voo,200,OK,Teste de Carga - 250 usuarios 1-28,text,true,,7381,250,136,136,https://www.blazedemo.com/reserve.php,1503,0,0
1774386495026,714,3 - Comprar Passagem,200,OK,Teste de Carga - 250 usuarios 1-30,text,true,,6719,420,136,136,https://www.blazedemo.com/purchase.php,703,0,0
1774386495414,331,1 - Acessar Home,200,OK,Teste de Carga - 250 usuarios 1-9,text,true,,4757,120,136,136,https://www.blazedemo.com/,319,0,0
1774386495290,461,1 - Acessar Home,200,OK,Teste de Carga - 250 usuarios 1-42,text,true,,4757,120,136,136,https://www.blazedemo.com/,450,0,0
1774386495456,302,1 - Acessar Home,200,OK,Teste de Carga - 250 usuarios 1-89,text,true,,4757,120,136,136,https://www.blazedemo.com/,291,0,0
1774386495123,651,1 - Acessar Home,200,OK,Teste de Carga - 250 usuarios 1-121,text,true,,4757,120,137,137,https://www.blazedemo.com/,641,0,131
1774386495500,276,2 - Escolher Voo,200,OK,Teste de Carga - 250 usuarios 1-60,text,true,,7381,250,137,137,https://www.blazedemo.com/reserve.php,256,0,0
1774386494849,926,2 - Escolher Voo,200,OK,Teste de Carga - 250 usuarios 1-103,text,true,,7381,250,137,137,https://www.blazedemo.com/reserve.php,910,0,0
1774386494966,819,1 - Acessar Home,200,OK,Teste de Carga - 250 usuarios 1-117,text,true,,4757,120,137,137,https://www.blazedemo.com/,807,0,140
1774386494318,1488,1 - Acessar Home,200,OK,Teste de Carga - 250 usuarios 1-48,text,true,,4757,120,138,138,https://www.blazedemo.com/,1474,0,0
1774386495039,773,1 - Acessar Home,200,OK,Teste de Carga - 250 usuarios 1-10,text,true,,4757,120,138,138,https://www.blazedemo.com/,761,0,0
1774386495438,375,1 - Acessar Home,200,OK,Teste de Carga - 250 usuarios 1-12,text,true,,4757,120,138,138,https://www.blazedemo.com/,363,0,0
1774386494769,1046,2 - Escolher Voo,200,OK,Teste de Carga - 250 usuarios 1-36,text,true,,7381,250,138,138,https://www.blazedemo.com/reserve.php,1026,0,0
1774386494760,1059,3 - Comprar Passagem,200,OK,Teste de Carga - 250 usuarios 1-63,text,true,,6719,420,138,138,https://www.blazedemo.com/purchase.php,1047,0,0
1774386495341,483,1 - Acessar Home,200,OK,Teste de Carga - 250 usuarios 1-53,text,true,,4757,120,138,138,https://www.blazedemo.com/,470,0,0
1774386494690,1147,3 - Comprar Passagem,200,OK,Teste de Carga - 250 usuarios 1-26,text,true,,6719,420,138,138,https://www.blazedemo.com/purchase.php,1135,0,0
1774386495577,261,2 - Escolher Voo,200,OK,Teste de Carga - 250 usuarios 1-73,text,true,,7381,250,138,138,https://www.blazedemo.com/reserve.php,243,0,0
1774386495156,686,3 - Comprar Passagem,200,OK,Teste de Carga - 250 usuarios 1-66,text,true,,6719,420,139,139,https://www.blazedemo.com/purchase.php,674,0,0
1774386495089,754,1 - Acessar Home,200,OK,Teste de Carga - 250 usuarios 1-6,text,true,,4757,120,139,139,https://www.blazedemo.com/,742,0,0
1774386495541,304,2 - Escolher Voo,200,OK,Teste de Carga - 250 usuarios 1-5,text,true,,7381,250,139,139,https://www.blazedemo.com/reserve.php,284,0,0
1774386495415,439,2 - Escolher Voo,200,OK,Teste de Carga - 250 usuarios 1-119,text,true,,7381,250,139,139,https://www.blazedemo.com/reserve.php,420,0,0
1774386495501,354,1 - Acessar Home,200,OK,Teste de Carga - 250 usuarios 1-68,text,true,,4757,120,139,139,https://www.blazedemo.com/,342,0,0
1774386495483,376,1 - Acessar Home,200,OK,Teste de Carga - 250 usuarios 1-130,text,true,,4757,120,139,139,https://www.blazedemo.com/,362,0,130
1774386494391,1493,1 - Acessar Home,200,OK,Teste de Carga - 250 usuarios 1-29,text,true,,4757,120,140,140,https://www.blazedemo.com/,1481,0,0
1774386494961,928,2 - Escolher Voo,200,OK,Teste de Carga - 250 usuarios 1-106,text,true,,7381,250,140,140,https://www.blazedemo.com/reserve.php,908,0,0
1774386495385,524,1 - Acessar Home,200,OK,Teste de Carga - 250 usuarios 1-96,text,true,,4757,120,140,140,https://www.blazedemo.com/,512,0,0
1774386495329,582,1 - Acessar Home,200,OK,Teste de Carga - 250 usuarios 1-25,text,true,,4757,120,140,140,https://www.blazedemo.com/,570,0,0
1774386495197,721,1 - Acessar Home,200,OK,Teste de Carga - 250 usuarios 1-21,text,true,,4757,120,140,140,https://www.blazedemo.com/,710,0,0
1774386495348,572,1 - Acessar Home,200,OK,Teste de Carga - 250 usuarios 1-76,text,true,,4757,120,140,140,https://www.blazedemo.com/,559,0,0
1774386495130,806,2 - Escolher Voo,200,OK,Teste de Carga - 250 usuarios 1-95,text,true,,7381,250,141,141,https://www.blazedemo.com/reserve.php,789,0,0
1774386495597,346,2 - Escolher Voo,200,OK,Teste de Carga - 250 usuarios 1-113,text,true,,7381,250,141,141,https://www.blazedemo.com/reserve.php,326,0,0
1774386495203,749,1 - Acessar Home,200,OK,Teste de Carga - 250 usuarios 1-123,text,true,,4757,120,141,141,https://www.blazedemo.com/,737,0,129
1774386495273,680,2 - Escolher Voo,200,OK,Teste de Carga - 250 usuarios 1-47,text,true,,7381,250,141,141,https://www.blazedemo.com/reserve.php,660,0,0
1774386495069,887,2 - Escolher Voo,200,OK,Teste de Carga - 250 usuarios 1-55,text,true,,7381,250,141,141,https://www.blazedemo.com/reserve.php,868,0,0
1774386494362,1599,1 - Acessar Home,200,OK,Teste de Carga - 250 usuarios 1-102,text,true,,4757,120,141,141,https://www.blazedemo.com/,1586,0,135
1774386495725,241,1 - Acessar Home,200,OK,Teste de Carga - 250 usuarios 1-100,text,true,,4757,120,142,142,https://www.blazedemo.com/,230,0,0
1774386495629,339,2 - Escolher Voo,200,OK,Teste de Carga - 250 usuarios 1-24,text,true,,7381,250,142,142,https://www.blazedemo.com/reserve.php,319,0,0
1774386495467,510,1 - Acessar Home,200,OK,Teste de Carga - 250 usuarios 1-65,text,true,,4757,120,142,142,https://www.blazedemo.com/,498,0,0
1774386495363,619,2 - Escolher Voo,200,OK,Teste de Carga - 250 usuarios 1-41,text,true,,7381,250,142,142,https://www.blazedemo.com/reserve.php,598,0,0
1774386495006,982,2 - Escolher Voo,200,OK,Teste de Carga - 250 usuarios 1-37,text,true,,7381,250,142,142,https://www.blazedemo.com/reserve.php,963,0,0
1774386494443,1554,1 - Acessar Home,200,OK,Teste de Carga - 250 usuarios 1-104,text,true,,4757,120,142,142,https://www.blazedemo.com/,1542,0,131
1774386495599,413,2 - Escolher Voo,200,OK,Teste de Carga - 250 usuarios 1-69,text,true,,7381,250,143,143,https://www.blazedemo.com/reserve.php,393,0,0
1774386495539,475,2 - Escolher Voo,200,OK,Teste de Carga - 250 usuarios 1-114,text,true,,7381,250,143,143,https://www.blazedemo.com/reserve.php,457,0,0
1774386495758,279,2 - Escolher Voo,200,OK,Teste de Carga - 250 usuarios 1-89,text,true,,7381,250,143,143,https://www.blazedemo.com/reserve.php,259,0,0
1774386495078,960,2 - Escolher Voo,200,OK,Teste de Carga - 250 usuarios 1-22,text,true,,7381,250,143,143,https://www.blazedemo.com/reserve.php,939,0,0
1774386495256,782,3 - Comprar Passagem,200,OK,Teste de Carga - 250 usuarios 1-27,text,true,,6719,420,143,143,https://www.blazedemo.com/purchase.php,766,0,0
1774386495389,650,1 - Acessar Home,200,OK,Teste de Carga - 250 usuarios 1-62,text,true,,4757,120,143,143,https://www.blazedemo.com/,638,0,0
1774386495282,760,1 - Acessar Home,200,OK,Teste de Carga - 250 usuarios 1-125,text,true,,4757,120,144,144,https://www.blazedemo.com/,748,0,138
1774386495660,385,1 - Acessar Home,200,OK,Teste de Carga - 250 usuarios 1-44,text,true,,4757,120,144,144,https://www.blazedemo.com/,373,0,0
1774386495161,888,3 - Comprar Passagem,200,OK,Teste de Carga - 250 usuarios 1-78,text,true,,6719,420,144,144,https://www.blazedemo.com/purchase.php,875,0,0
1774386495534,521,1 - Acessar Home,200,OK,Teste de Carga - 250 usuarios 1-75,text,true,,4757,120,144,144,https://www.blazedemo.com/,511,0,0
1774386495457,608,2 - Escolher Voo,200,OK,Teste de Carga - 250 usuarios 1-118,text,true,,7381,250,144,144,https://www.blazedemo.com/reserve.php,585,0,0
1774386494894,1172,2 - Escolher Voo,200,OK,Teste de Carga - 250 usuarios 1-101,text,true,,7381,250,144,144,https://www.blazedemo.com/reserve.php,1151,0,0
1774386495453,615,1 - Acessar Home,200,OK,Teste de Carga - 250 usuarios 1-86,text,true,,4757,120,144,144,https://www.blazedemo.com/,602,0,0
1774386495563,520,3 - Comprar Passagem,200,OK,Teste de Carga - 250 usuarios 1-39,text,true,,6719,420,145,145,https://www.blazedemo.com/purchase.php,508,0,0
1774386495845,242,3 - Comprar Passagem,200,OK,Teste de Carga - 250 usuarios 1-5,text,true,,6719,420,145,145,https://www.blazedemo.com/purchase.php,230,0,0
1774386495813,281,2 - Escolher Voo,200,OK,Teste de Carga - 250 usuarios 1-12,text,true,,7381,250,145,145,https://www.blazedemo.com/reserve.php,260,0,0
1774386495655,443,1 - Acessar Home,200,OK,Teste de Carga - 250 usuarios 1-79,text,true,,4757,120,145,145,https://www.blazedemo.com/,435,0,0
1774386495621,499,2 - Escolher Voo,200,OK,Teste de Carga - 250 usuarios 1-59,text,true,,7381,250,145,145,https://www.blazedemo.com/reserve.php,478,0,0
1774386495140,997,2 - Escolher Voo,200,OK,Teste de Carga - 250 usuarios 1-109,text,true,,7381,250,146,146,https://www.blazedemo.com/reserve.php,981,0,0
1774386494744,1404,2 - Escolher Voo,200,OK,Teste de Carga - 250 usuarios 1-97,text,true,,7381,250,146,146,https://www.blazedemo.com/reserve.php,1384,0,0
1774386495547,602,2 - Escolher Voo,200,OK,Teste de Carga - 250 usuarios 1-82,text,true,,7381,250,146,146,https://www.blazedemo.com/reserve.php,581,0,0
1774386495545,605,2 - Escolher Voo,200,OK,Teste de Carga - 250 usuarios 1-8,text,true,,7381,250,146,146,https://www.blazedemo.com/reserve.php,585,0,0
1774386495209,952,3 - Comprar Passagem,200,OK,Teste de Carga - 250 usuarios 1-93,text,true,,6719,420,146,146,https://www.blazedemo.com/purchase.php,936,0,0
1774386495402,763,1 - Acessar Home,200,OK,Teste de Carga - 250 usuarios 1-128,text,true,,4757,120,147,147,https://www.blazedemo.com/,750,0,140
1774386495086,1082,1 - Acessar Home,200,OK,Teste de Carga - 250 usuarios 1-120,text,true,,4757,120,147,147,https://www.blazedemo.com/,1076,0,131
1774386495676,495,3 - Comprar Passagem,200,OK,Teste de Carga - 250 usuarios 1-74,text,true,,6719,420,147,147,https://www.blazedemo.com/purchase.php,481,0,0
1774386495655,517,1 - Acessar Home,200,OK,Teste de Carga - 250 usuarios 1-54,text,true,,4757,120,147,147,https://www.blazedemo.com/,505,0,0
1774386495161,1019,1 - Acessar Home,200,OK,Teste de Carga - 250 usuarios 1-52,text,true,,4757,120,147,147,https://www.blazedemo.com/,1011,0,0
1774386495943,243,3 - Comprar Passagem,200,OK,Teste de Carga - 250 usuarios 1-113,text,true,,6719,420,147,147,https://www.blazedemo.com/purchase.php,231,0,0
1774386495710,478,2 - Escolher Voo,200,OK,Teste de Carga - 250 usuarios 1-107,text,true,,7381,250,147,147,https://www.blazedemo.com/reserve.php,458,0,0
1774386495584,606,2 - Escolher Voo,200,OK,Teste de Carga - 250 usuarios 1-51,text,true,,7381,250,147,147,https://www.blazedemo.com/reserve.php,586,0,0
1774386494693,1500,2 - Escolher Voo,200,OK,Teste de Carga - 250 usuarios 1-11,text,true,,7381,250,147,147,https://www.blazedemo.com/reserve.php,1482,0,0
1774386495890,304,3 - Comprar Passagem,200,OK,Teste de Carga - 250 usuarios 1-106,text,true,,6719,420,147,147,https://www.blazedemo.com/purchase.php,292,0,0
1774386494770,1431,1 - Acessar Home,200,OK,Teste de Carga - 250 usuarios 1-112,text,true,,4757,120,148,148,https://www.blazedemo.com/,1420,0,131
1774386495958,247,3 - Comprar Passagem,200,OK,Teste de Carga - 250 usuarios 1-55,text,true,,6719,420,148,148,https://www.blazedemo.com/purchase.php,236,0,0
1774386495054,1152,1 - Acessar Home,200,OK,Teste de Carga - 250 usuarios 1-18,text,true,,4757,120,148,148,https://www.blazedemo.com/,1139,0,0
1774386495444,763,3 - Comprar Passagem,200,OK,Teste de Carga - 250 usuarios 1-99,text,true,,6719,420,148,148,https://www.blazedemo.com/purchase.php,751,0,0
1774386495718,493,1 - Acessar Home,200,OK,Teste de Carga - 250 usuarios 1-7,text,true,,4757,120,148,148,https://www.blazedemo.com/,480,0,0
1774386495604,618,1 - Acessar Home,200,OK,Teste de Carga - 250 usuarios 1-133,text,true,,4757,120,148,148,https://www.blazedemo.com/,608,0,129
1774386494764,1461,1 - Acessar Home,200,OK,Teste de Carga - 250 usuarios 1-34,text,true,,4757,120,148,148,https://www.blazedemo.com/,1448,0,0
1774386495523,721,1 - Acessar Home,200,OK,Teste de Carga - 250 usuarios 1-131,text,true,,4757,120,149,149,https://www.blazedemo.com/,709,0,153
1774386495069,1189,2 - Escolher Voo,200,OK,Teste de Carga - 250 usuarios 1-23,text,true,,7381,250,149,149,https://www.blazedemo.com/reserve.php,1168,0,0
1774386495262,998,1 - Acessar Home,200,OK,Teste de Carga - 250 usuarios 1-33,text,true,,4757,120,149,149,https://www.blazedemo.com/,986,0,0
1774386494775,1488,3 - Comprar Passagem,200,OK,Teste de Carga - 250 usuarios 1-61,text,true,,6719,420,149,149,https://www.blazedemo.com/purchase.php,1476,0,0
1774386495966,301,2 - Escolher Voo,200,OK,Teste de Carga - 250 usuarios 1-100,text,true,,7381,250,149,149,https://www.blazedemo.com/reserve.php,284,0,0
1774386495221,1051,2 - Escolher Voo,200,OK,Teste de Carga - 250 usuarios 1-105,text,true,,7381,250,149,149,https://www.blazedemo.com/reserve.php,1031,0,0
1774386495838,445,3 - Comprar Passagem,200,OK,Teste de Carga - 250 usuarios 1-73,text,true,,6719,420,150,150,https://www.blazedemo.com/purchase.php,433,0,0
1774386495603,684,1 - Acessar Home,200,OK,Teste de Carga - 250 usuarios 1-40,text,true,,4757,120,150,150,https://www.blazedemo.com/,673,0,0
1774386494683,1608,1 - Acessar Home,200,OK,Teste de Carga - 250 usuarios 1-110,text,true,,4757,120,150,150,https://www.blazedemo.com/,1596,0,131
1774386495164,1136,1 - Acessar Home,200,OK,Teste de Carga - 250 usuarios 1-122,text,true,,4757,120,150,150,https://www.blazedemo.com/,1124,0,131
1774386495324,980,1 - Acessar Home,200,OK,Teste de Carga - 250 usuarios 1-126,text,true,,4757,120,150,150,https://www.blazedemo.com/,970,0,129
1774386494744,1568,1 - Acessar Home,200,OK,Teste de Carga - 250 usuarios 1-111,text,true,,4757,120,150,150,https://www.blazedemo.com/,1557,0,153
1774386495028,1286,1 - Acessar Home,200,OK,Teste de Carga - 250 usuarios 1-88,text,true,,4757,120,150,150,https://www.blazedemo.com/,1274,0,0
1774386495682,636,1 - Acessar Home,200,OK,Teste de Carga - 250 usuarios 1-135,text,true,,4757,120,150,150,https://www.blazedemo.com/,624,0,136
1774386496045,277,2 - Escolher Voo,200,OK,Teste de Carga - 250 usuarios 1-44,text,true,,7381,250,150,150,https://www.blazedemo.com/reserve.php,257,0,0
1774386495730,592,3 - Comprar Passagem,200,OK,Teste de Carga - 250 usuarios 1-28,text,true,,6719,420,150,150,https://www.blazedemo.com/purchase.php,578,0,0
1774386495073,1271,3 - Comprar Passagem,200,OK,Teste de Carga - 250 usuarios 1-32,text,true,,6719,420,151,151,https://www.blazedemo.com/purchase.php,1259,0,0
1774386495323,1027,1 - Acessar Home,200,OK,Teste de Carga - 250 usuarios 1-35,text,true,,4757,120,151,151,https://www.blazedemo.com/,1015,0,0
1774386495726,625,2 - Escolher Voo,200,OK,Teste de Carga - 250 usuarios 1-70,text,true,,7381,250,151,151,https://www.blazedemo.com/reserve.php,605,0,0
1774386495234,1120,1 - Acessar Home,200,OK,Teste de Carga - 250 usuarios 1-14,text,true,,4757,120,151,151,https://www.blazedemo.com/,1109,0,0
1774386496056,301,2 - Escolher Voo,200,OK,Teste de Carga - 250 usuarios 1-75,text,true,,7381,250,151,151,https://www.blazedemo.com/reserve.php,281,0,0
1774386496083,276,1 - Acessar Home,200,OK,Teste de Carga - 250 usuarios 1-39,text,true,,4757,120,151,151,https://www.blazedemo.com/,264,0,0
1774386496051,318,1 - Acessar Home,200,OK,Teste de Carga - 250 usuarios 1-78,text,true,,4757,120,152,152,https://www.blazedemo.com/,306,0,0
1774386494937,1454,1 - Acessar Home,200,OK,Teste de Carga - 250 usuarios 1-17,text,true,,4757,120,152,152,https://www.blazedemo.com/,1443,0,0
1774386495825,567,2 - Escolher Voo,200,OK,Teste de Carga - 250 usuarios 1-53,text,true,,7381,250,152,152,https://www.blazedemo.com/reserve.php,547,0,0
1774386494887,1527,1 - Acessar Home,200,OK,Teste de Carga - 250 usuarios 1-115,text,true,,4757,120,153,153,https://www.blazedemo.com/,1515,0,131
1774386496098,317,2 - Escolher Voo,200,OK,Teste de Carga - 250 usuarios 1-79,text,true,,7381,250,153,153,https://www.blazedemo.com/reserve.php,297,0,0
1774386495786,631,2 - Escolher Voo,200,OK,Teste de Carga - 250 usuarios 1-117,text,true,,7381,250,153,153,https://www.blazedemo.com/reserve.php,610,0,0
1774386496149,282,3 - Comprar Passagem,200,OK,Teste de Carga - 250 usuarios 1-82,text,true,,6719,420,153,153,https://www.blazedemo.com/purchase.php,270,0,0
1774386495813,618,2 - Escolher Voo,200,OK,Teste de Carga - 250 usuarios 1-10,text,true,,7381,250,153,153,https://www.blazedemo.com/reserve.php,598,0,0
1774386496094,342,3 - Comprar Passagem,200,OK,Teste de Carga - 250 usuarios 1-12,text,true,,6719,420,153,153,https://www.blazedemo.com/purchase.php,329,0,0
1774386496067,378,3 - Comprar Passagem,200,OK,Teste de Carga - 250 usuarios 1-101,text,true,,6719,420,154,154,https://www.blazedemo.com/purchase.php,365,0,0
1774386495461,986,1 - Acessar Home,200,OK,Teste de Carga - 250 usuarios 1-84,text,true,,4757,120,154,154,https://www.blazedemo.com/,974,0,0
1774386496188,265,3 - Comprar Passagem,200,OK,Teste de Carga - 250 usuarios 1-107,text,true,,6719,420,154,154,https://www.blazedemo.com/purchase.php,254,0,0
1774386495629,824,3 - Comprar Passagem,200,OK,Teste de Carga - 250 usuarios 1-4,text,true,,6719,420,154,154,https://www.blazedemo.com/purchase.php,813,0,0
1774386496006,452,1 - Acessar Home,200,OK,Teste de Carga - 250 usuarios 1-143,text,true,,4757,120,154,154,https://www.blazedemo.com/,440,0,129
1774386496207,266,2 - Escolher Voo,200,OK,Teste de Carga - 250 usuarios 1-18,text,true,,7381,250,154,154,https://www.blazedemo.com/reserve.php,246,0,0
1774386495124,1367,2 - Escolher Voo,200,OK,Teste de Carga - 250 usuarios 1-20,text,true,,7381,250,155,155,https://www.blazedemo.com/reserve.php,1340,0,0
1774386495166,1326,2 - Escolher Voo,200,OK,Teste de Carga - 250 usuarios 1-90,text,true,,7381,250,155,155,https://www.blazedemo.com/reserve.php,1305,0,0
1774386495763,730,1 - Acessar Home,200,OK,Teste de Carga - 250 usuarios 1-137,text,true,,4757,120,155,155,https://www.blazedemo.com/,719,0,128
1774386495269,1230,2 - Escolher Voo,200,OK,Teste de Carga - 250 usuarios 1-49,text,true,,7381,250,155,155,https://www.blazedemo.com/reserve.php,1209,0,0
1774386494928,1574,1 - Acessar Home,200,OK,Teste de Carga - 250 usuarios 1-116,text,true,,4757,120,155,155,https://www.blazedemo.com/,1564,0,132
1774386495619,888,2 - Escolher Voo,200,OK,Teste de Carga - 250 usuarios 1-67,text,true,,7381,250,155,155,https://www.blazedemo.com/reserve.php,873,0,0
1774386494950,1560,3 - Comprar Passagem,200,OK,Teste de Carga - 250 usuarios 1-85,text,true,,6719,420,155,155,https://www.blazedemo.com/purchase.php,1548,0,0
1774386496226,288,2 - Escolher Voo,200,OK,Teste de Carga - 250 usuarios 1-34,text,true,,7381,250,155,155,https://www.blazedemo.com/reserve.php,268,0,0
1774386496150,368,3 - Comprar Passagem,200,OK,Teste de Carga - 250 usuarios 1-8,text,true,,6719,420,155,155,https://www.blazedemo.com/purchase.php,355,0,0
1774386496186,332,1 - Acessar Home,200,OK,Teste de Carga - 250 usuarios 1-113,text,true,,4757,120,155,155,https://www.blazedemo.com/,321,0,0
1774386495072,1451,2 - Escolher Voo,200,OK,Teste de Carga - 250 usuarios 1-98,text,true,,7381,250,155,155,https://www.blazedemo.com/reserve.php,1431,0,0
1774386496292,253,2 - Escolher Voo,200,OK,Teste de Carga - 250 usuarios 1-110,text,true,,7381,250,156,156,https://www.blazedemo.com/reserve.php,233,0,0
1774386495989,560,3 - Comprar Passagem,200,OK,Teste de Carga - 250 usuarios 1-37,text,true,,6719,420,156,156,https://www.blazedemo.com/purchase.php,546,0,0
1774386495969,587,3 - Comprar Passagem,200,OK,Teste de Carga - 250 usuarios 1-24,text,true,,6719,420,156,156,https://www.blazedemo.com/purchase.php,575,0,0
1774386496194,370,3 - Comprar Passagem,200,OK,Teste de Carga - 250 usuarios 1-11,text,true,,6719,420,157,157,https://www.blazedemo.com/purchase.php,358,0,0
1774386495977,589,2 - Escolher Voo,200,OK,Teste de Carga - 250 usuarios 1-65,text,true,,7381,250,157,157,https://www.blazedemo.com/reserve.php,567,0,0
1774386496288,283,2 - Escolher Voo,200,OK,Teste de Carga - 250 usuarios 1-40,text,true,,7381,250,157,157,https://www.blazedemo.com/reserve.php,262,0,0
1774386495722,864,1 - Acessar Home,200,OK,Teste de Carga - 250 usuarios 1-136,text,true,,4757,120,157,157,https://www.blazedemo.com/,852,0,432
1774386495365,1233,3 - Comprar Passagem,200,OK,Teste de Carga - 250 usuarios 1-15,text,true,,6719,420,157,157,https://www.blazedemo.com/purchase.php,1222,0,0
1774386495470,1132,1 - Acessar Home,200,OK,Teste de Carga - 250 usuarios 1-3,text,true,,4757,120,157,157,https://www.blazedemo.com/,1121,0,0
1774386495363,1242,1 - Acessar Home,200,OK,Teste de Carga - 250 usuarios 1-127,text,true,,4757,120,158,158,https://www.blazedemo.com/,1230,0,129
1774386495239,1369,3 - Comprar Passagem,200,OK,Teste de Carga - 250 usuarios 1-94,text,true,,6719,420,158,158,https://www.blazedemo.com/purchase.php,1357,0,0
1774386496315,298,2 - Escolher Voo,200,OK,Teste de Carga - 250 usuarios 1-88,text,true,,7381,250,158,158,https://www.blazedemo.com/reserve.php,277,0,0
1774386496065,550,3 - Comprar Passagem,200,OK,Teste de Carga - 250 usuarios 1-118,text,true,,6719,420,158,158,https://www.blazedemo.com/purchase.php,537,0,0
1774386495258,1357,2 - Escolher Voo,200,OK,Teste de Carga - 250 usuarios 1-1,text,true,,7381,250,158,158,https://www.blazedemo.com/reserve.php,1336,0,0
1774386495192,1423,1 - Acessar Home,200,OK,Teste de Carga - 250 usuarios 1-58,text,true,,4757,120,158,158,https://www.blazedemo.com/,1411,0,0
1774386495817,803,3 - Comprar Passagem,200,OK,Teste de Carga - 250 usuarios 1-36,text,true,,6719,420,158,158,https://www.blazedemo.com/purchase.php,791,0,0
1774386496322,305,3 - Comprar Passagem,200,OK,Teste de Carga - 250 usuarios 1-44,text,true,,6719,420,158,158,https://www.blazedemo.com/purchase.php,292,0,0
1774386496167,461,1 - Acessar Home,200,OK,Teste de Carga - 250 usuarios 1-147,text,true,,4757,120,158,158,https://www.blazedemo.com/,449,0,128
1774386495273,1360,1 - Acessar Home,200,OK,Teste de Carga - 250 usuarios 1-71,text,true,,4757,120,158,158,https://www.blazedemo.com/,1349,0,0
1774386495639,999,3 - Comprar Passagem,200,OK,Teste de Carga - 250 usuarios 1-38,text,true,,6719,420,158,158,https://www.blazedemo.com/purchase.php,988,0,0
1774386496345,293,1 - Acessar Home,200,OK,Teste de Carga - 250 usuarios 1-32,text,true,,4757,120,158,158,https://www.blazedemo.com/,282,0,0
1774386496301,339,2 - Escolher Voo,200,OK,Teste de Carga - 250 usuarios 1-122,text,true,,7381,250,158,158,https://www.blazedemo.com/reserve.php,319,0,0
1774386496305,337,2 - Escolher Voo,200,OK,Teste de Carga - 250 usuarios 1-126,text,true,,7381,250,158,158,https://www.blazedemo.com/reserve.php,318,0,0
1774386495843,802,1 - Acessar Home,200,OK,Teste de Carga - 250 usuarios 1-66,text,true,,4757,120,159,159,https://www.blazedemo.com/,790,0,0
1774386495919,735,2 - Escolher Voo,200,OK,Teste de Carga - 250 usuarios 1-21,text,true,,7381,250,159,159,https://www.blazedemo.com/reserve.php,714,0,0
1774386496202,457,1 - Acessar Home,200,OK,Teste de Carga - 250 usuarios 1-148,text,true,,4757,120,159,159,https://www.blazedemo.com/,445,0,151
1774386496202,460,2 - Escolher Voo,200,OK,Teste de Carga - 250 usuarios 1-112,text,true,,7381,250,159,159,https://www.blazedemo.com/reserve.php,440,0,0
1774386495716,952,1 - Acessar Home,200,OK,Teste de Carga - 250 usuarios 1-13,text,true,,4757,120,159,159,https://www.blazedemo.com/,940,0,0
1774386495442,1232,1 - Acessar Home,200,OK,Teste de Carga - 250 usuarios 1-129,text,true,,4757,120,159,159,https://www.blazedemo.com/,1220,0,138
1774386495528,1153,3 - Comprar Passagem,200,OK,Teste de Carga - 250 usuarios 1-56,text,true,,6719,420,159,159,https://www.blazedemo.com/purchase.php,1141,0,0
1774386495397,1309,2 - Escolher Voo,200,OK,Teste de Carga - 250 usuarios 1-64,text,true,,7381,250,160,160,https://www.blazedemo.com/reserve.php,1288,0,0
1774386495937,783,3 - Comprar Passagem,200,OK,Teste de Carga - 250 usuarios 1-95,text,true,,6719,420,160,160,https://www.blazedemo.com/purchase.php,771,0,0
1774386495495,1229,1 - Acessar Home,200,OK,Teste de Carga - 250 usuarios 1-45,text,true,,4757,120,161,161,https://www.blazedemo.com/,1218,0,0
1774386495293,1433,3 - Comprar Passagem,200,OK,Teste de Carga - 250 usuarios 1-46,text,true,,6719,420,161,161,https://www.blazedemo.com/purchase.php,1416,0,0
1774386496445,282,1 - Acessar Home,200,OK,Teste de Carga - 250 usuarios 1-101,text,true,,4757,120,161,161,https://www.blazedemo.com/,270,0,0
1774386495450,1279,3 - Comprar Passagem,200,OK,Teste de Carga - 250 usuarios 1-43,text,true,,6719,420,161,161,https://www.blazedemo.com/purchase.php,1266,0,0
1774386496138,592,3 - Comprar Passagem,200,OK,Teste de Carga - 250 usuarios 1-109,text,true,,6719,420,161,161,https://www.blazedemo.com/purchase.php,578,0,0
1774386496162,572,1 - Acessar Home,200,OK,Teste de Carga - 250 usuarios 1-93,text,true,,4757,120,161,161,https://www.blazedemo.com/,560,0,0
1774386495752,984,2 - Escolher Voo,200,OK,Teste de Carga - 250 usuarios 1-42,text,true,,7381,250,161,161,https://www.blazedemo.com/reserve.php,963,0,0
1774386496267,472,3 - Comprar Passagem,200,OK,Teste de Carga - 250 usuarios 1-100,text,true,,6719,420,161,161,https://www.blazedemo.com/purchase.php,460,0,0
1774386495322,1418,2 - Escolher Voo,200,OK,Teste de Carga - 250 usuarios 1-31,text,true,,7381,250,161,161,https://www.blazedemo.com/reserve.php,1397,0,0
1774386495501,1241,2 - Escolher Voo,200,OK,Teste de Carga - 250 usuarios 1-50,text,true,,7381,250,161,161,https://www.blazedemo.com/reserve.php,1221,0,0
1774386495625,1120,2 - Escolher Voo,200,OK,Teste de Carga - 250 usuarios 1-124,text,true,,7381,250,161,161,https://www.blazedemo.com/reserve.php,1101,0,0
1774386495777,990,3 - Comprar Passagem,200,OK,Teste de Carga - 250 usuarios 1-103,text,true,,6719,420,162,162,https://www.blazedemo.com/purchase.php,978,0,0
1774386495855,918,3 - Comprar Passagem,200,OK,Teste de Carga - 250 usuarios 1-119,text,true,,6719,420,162,162,https://www.blazedemo.com/purchase.php,906,0,0
1774386496458,317,2 - Escolher Voo,200,OK,Teste de Carga - 250 usuarios 1-143,text,true,,7381,250,162,162,https://www.blazedemo.com/reserve.php,298,0,0
1774386496043,736,2 - Escolher Voo,200,OK,Teste de Carga - 250 usuarios 1-125,text,true,,7381,250,162,162,https://www.blazedemo.com/reserve.php,716,0,0
1774386496392,389,2 - Escolher Voo,200,OK,Teste de Carga - 250 usuarios 1-17,text,true,,7381,250,162,162,https://www.blazedemo.com/reserve.php,367,0,0
1774386495998,794,2 - Escolher Voo,200,OK,Teste de Carga - 250 usuarios 1-104,text,true,,7381,250,162,162,https://www.blazedemo.com/reserve.php,780,0,0
1774386496181,619,2 - Escolher Voo,200,OK,Teste de Carga - 250 usuarios 1-52,text,true,,7381,250,162,162,https://www.blazedemo.com/reserve.php,598,0,0
1774386495432,1373,1 - Acessar Home,200,OK,Teste de Carga - 250 usuarios 1-16,text,true,,4757,120,163,163,https://www.blazedemo.com/,1363,0,0
1774386496318,495,2 - Escolher Voo,200,OK,Teste de Carga - 250 usuarios 1-135,text,true,,7381,250,163,163,https://www.blazedemo.com/reserve.php,475,0,0
1774386496507,311,3 - Comprar Passagem,200,OK,Teste de Carga - 250 usuarios 1-67,text,true,,6719,420,163,163,https://www.blazedemo.com/purchase.php,298,0,0
1774386495776,1043,2 - Escolher Voo,200,OK,Teste de Carga - 250 usuarios 1-121,text,true,,7381,250,163,163,https://www.blazedemo.com/reserve.php,1022,0,0
1774386495581,1238,1 - Acessar Home,200,OK,Teste de Carga - 250 usuarios 1-57,text,true,,4757,120,163,163,https://www.blazedemo.com/,1228,0,0
1774386496392,439,3 - Comprar Passagem,200,OK,Teste de Carga - 250 usuarios 1-53,text,true,,6719,420,163,163,https://www.blazedemo.com/purchase.php,427,0,0
1774386495508,1324,3 - Comprar Passagem,200,OK,Teste de Carga - 250 usuarios 1-19,text,true,,6719,420,163,163,https://www.blazedemo.com/purchase.php,1308,0,0
1774386495615,1222,2 - Escolher Voo,200,OK,Teste de Carga - 250 usuarios 1-108,text,true,,7381,250,163,163,https://www.blazedemo.com/reserve.php,1203,0,0
1774386496549,294,1 - Acessar Home,200,OK,Teste de Carga - 250 usuarios 1-37,text,true,,4757,120,163,163,https://www.blazedemo.com/,281,0,0
1774386496453,393,1 - Acessar Home,200,OK,Teste de Carga - 250 usuarios 1-107,text,true,,4757,120,164,164,https://www.blazedemo.com/,381,0,0
1774386495591,1262,3 - Comprar Passagem,200,OK,Teste de Carga - 250 usuarios 1-72,text,true,,6719,420,164,164,https://www.blazedemo.com/purchase.php,1250,0,0
1774386495537,1317,2 - Escolher Voo,200,OK,Teste de Carga - 250 usuarios 1-2,text,true,,7381,250,164,164,https://www.blazedemo.com/reserve.php,1297,0,0
1774386495682,1185,1 - Acessar Home,200,OK,Teste de Carga - 250 usuarios 1-91,text,true,,4757,120,164,164,https://www.blazedemo.com/,1172,0,0
1774386495563,1309,1 - Acessar Home,200,OK,Teste de Carga - 250 usuarios 1-132,text,true,,4757,120,164,164,https://www.blazedemo.com/,1295,0,130
1774386495645,1227,2 - Escolher Voo,200,OK,Teste de Carga - 250 usuarios 1-81,text,true,,7381,250,164,164,https://www.blazedemo.com/reserve.php,1208,0,0
1774386496436,436,1 - Acessar Home,200,OK,Teste de Carga - 250 usuarios 1-12,text,true,,4757,120,164,164,https://www.blazedemo.com/,426,0,0
1774386496207,666,1 - Acessar Home,200,OK,Teste de Carga - 250 usuarios 1-99,text,true,,4757,120,164,164,https://www.blazedemo.com/,655,0,0
1774386495685,1196,2 - Escolher Voo,200,OK,Teste de Carga - 250 usuarios 1-80,text,true,,7381,250,164,164,https://www.blazedemo.com/reserve.php,1175,0,0
1774386496357,542,3 - Comprar Passagem,200,OK,Teste de Carga - 250 usuarios 1-75,text,true,,6719,420,165,165,https://www.blazedemo.com/purchase.php,530,0,0
1774386496564,343,1 - Acessar Home,200,OK,Teste de Carga - 250 usuarios 1-11,text,true,,4757,120,165,165,https://www.blazedemo.com/,331,0,0
1774386495885,1025,2 - Escolher Voo,200,OK,Teste de Carga - 250 usuarios 1-29,text,true,,7381,250,165,165,https://www.blazedemo.com/reserve.php,1006,0,0
1774386495859,1051,2 - Escolher Voo,200,OK,Teste de Carga - 250 usuarios 1-130,text,true,,7381,250,165,165,https://www.blazedemo.com/reserve.php,1031,0,0
1774386496431,481,1 - Acessar Home,200,OK,Teste de Carga - 250 usuarios 1-82,text,true,,4757,120,165,165,https://www.blazedemo.com/,469,0,0
1774386495954,964,3 - Comprar Passagem,200,OK,Teste de Carga - 250 usuarios 1-47,text,true,,6719,420,165,165,https://www.blazedemo.com/purchase.php,948,0,0
1774386496082,836,1 - Acessar Home,200,OK,Teste de Carga - 250 usuarios 1-145,text,true,,4757,120,165,165,https://www.blazedemo.com/,823,0,128
1774386496037,884,3 - Comprar Passagem,200,OK,Teste de Carga - 250 usuarios 1-89,text,true,,6719,420,165,165,https://www.blazedemo.com/purchase.php,872,0,0
1774386496616,305,2 - Escolher Voo,200,OK,Teste de Carga - 250 usuarios 1-58,text,true,,7381,250,165,165,https://www.blazedemo.com/reserve.php,284,0,0
1774386496039,912,3 - Comprar Passagem,200,OK,Teste de Carga - 250 usuarios 1-22,text,true,,6719,420,166,166,https://www.blazedemo.com/purchase.php,900,0,0
1774386495807,1163,2 - Escolher Voo,200,OK,Teste de Carga - 250 usuarios 1-48,text,true,,7381,250,167,167,https://www.blazedemo.com/reserve.php,1142,0,0
1774386495820,1153,1 - Acessar Home,200,OK,Teste de Carga - 250 usuarios 1-63,text,true,,4757,120,167,167,https://www.blazedemo.com/,1141,0,0
1774386496638,335,2 - Escolher Voo,200,OK,Teste de Carga - 250 usuarios 1-32,text,true,,7381,250,167,167,https://www.blazedemo.com/reserve.php,315,0,0
1774386496730,244,1 - Acessar Home,200,OK,Teste de Carga - 250 usuarios 1-109,text,true,,4757,120,167,167,https://www.blazedemo.com/,232,0,0
1774386495983,1001,3 - Comprar Passagem,200,OK,Teste de Carga - 250 usuarios 1-41,text,true,,6719,420,167,167,https://www.blazedemo.com/purchase.php,990,0,0
1774386496503,482,2 - Escolher Voo,200,OK,Teste de Carga - 250 usuarios 1-116,text,true,,7381,250,167,167,https://www.blazedemo.com/reserve.php,465,0,0
1774386495521,1467,1 - Acessar Home,200,OK,Teste de Carga - 250 usuarios 1-92,text,true,,4757,120,167,167,https://www.blazedemo.com/,1456,0,0
1774386495844,1149,2 - Escolher Voo,200,OK,Teste de Carga - 250 usuarios 1-6,text,true,,7381,250,167,167,https://www.blazedemo.com/reserve.php,1129,0,0
1774386495838,1157,1 - Acessar Home,200,OK,Teste de Carga - 250 usuarios 1-26,text,true,,4757,120,167,167,https://www.blazedemo.com/,1145,0,0
1774386496126,883,1 - Acessar Home,200,OK,Teste de Carga - 250 usuarios 1-146,text,true,,4757,120,168,168,https://www.blazedemo.com/,872,0,130
1774386495910,1104,2 - Escolher Voo,200,OK,Teste de Carga - 250 usuarios 1-96,text,true,,7381,250,168,168,https://www.blazedemo.com/reserve.php,1088,0,0
1774386496720,308,1 - Acessar Home,200,OK,Teste de Carga - 250 usuarios 1-95,text,true,,4757,120,168,168,https://www.blazedemo.com/,298,0,0
1774386496707,326,3 - Comprar Passagem,200,OK,Teste de Carga - 250 usuarios 1-64,text,true,,6719,420,168,168,https://www.blazedemo.com/purchase.php,316,0,0
1774386495741,1295,1 - Acessar Home,200,OK,Teste de Carga - 250 usuarios 1-30,text,true,,4757,120,168,168,https://www.blazedemo.com/,1283,0,0
1774386496724,314,2 - Escolher Voo,200,OK,Teste de Carga - 250 usuarios 1-45,text,true,,7381,250,168,168,https://www.blazedemo.com/reserve.php,294,0,0
1774386496351,688,2 - Escolher Voo,200,OK,Teste de Carga - 250 usuarios 1-35,text,true,,7381,250,168,168,https://www.blazedemo.com/reserve.php,667,0,0
1774386496519,523,2 - Escolher Voo,200,OK,Teste de Carga - 250 usuarios 1-113,text,true,,7381,250,168,168,https://www.blazedemo.com/reserve.php,503,0,0
1774386495912,1135,2 - Escolher Voo,200,OK,Teste de Carga - 250 usuarios 1-25,text,true,,7381,250,169,169,https://www.blazedemo.com/reserve.php,1115,0,0
1774386496355,694,2 - Escolher Voo,200,OK,Teste de Carga - 250 usuarios 1-14,text,true,,7381,250,169,169,https://www.blazedemo.com/reserve.php,674,0,0
1774386495720,1333,1 - Acessar Home,200,OK,Teste de Carga - 250 usuarios 1-83,text,true,,4757,120,169,169,https://www.blazedemo.com/,1321,0,0
1774386496172,884,1 - Acessar Home,200,OK,Teste de Carga - 250 usuarios 1-74,text,true,,4757,120,169,169,https://www.blazedemo.com/,872,0,0
1774386496222,838,2 - Escolher Voo,200,OK,Teste de Carga - 250 usuarios 1-133,text,true,,7381,250,169,169,https://www.blazedemo.com/reserve.php,817,0,0
1774386496605,459,1 - Acessar Home,200,OK,Teste de Carga - 250 usuarios 1-158,text,true,,4757,120,169,169,https://www.blazedemo.com/,455,0,140
1774386495843,1224,1 - Acessar Home,200,OK,Teste de Carga - 250 usuarios 1-139,text,true,,4757,120,169,169,https://www.blazedemo.com/,1213,0,132
1774386495922,1146,2 - Escolher Voo,200,OK,Teste de Carga - 250 usuarios 1-76,text,true,,7381,250,169,169,https://www.blazedemo.com/reserve.php,1126,0,0
1774386495855,1214,2 - Escolher Voo,200,OK,Teste de Carga - 250 usuarios 1-68,text,true,,7381,250,169,169,https://www.blazedemo.com/reserve.php,1194,0,0
1774386496088,992,1 - Acessar Home,200,OK,Teste de Carga - 250 usuarios 1-5,text,true,,4757,120,169,169,https://www.blazedemo.com/,979,0,0
1774386496734,351,2 - Escolher Voo,200,OK,Teste de Carga - 250 usuarios 1-93,text,true,,7381,250,170,170,https://www.blazedemo.com/reserve.php,331,0,0
1774386496628,461,2 - Escolher Voo,200,OK,Teste de Carga - 250 usuarios 1-147,text,true,,7381,250,170,170,https://www.blazedemo.com/reserve.php,441,0,0
1774386496443,650,1 - Acessar Home,200,OK,Teste de Carga - 250 usuarios 1-154,text,true,,4757,120,170,170,https://www.blazedemo.com/,638,0,129
1774386496259,841,3 - Comprar Passagem,200,OK,Teste de Carga - 250 usuarios 1-23,text,true,,6719,420,170,170,https://www.blazedemo.com/purchase.php,829,0,0
1774386496244,861,2 - Escolher Voo,200,OK,Teste de Carga - 250 usuarios 1-131,text,true,,7381,250,170,170,https://www.blazedemo.com/reserve.php,841,0,0
1774386496838,268,3 - Comprar Passagem,200,OK,Teste de Carga - 250 usuarios 1-108,text,true,,6719,420,170,170,https://www.blazedemo.com/purchase.php,255,0,0
1774386495922,1191,1 - Acessar Home,200,OK,Teste de Carga - 250 usuarios 1-141,text,true,,4757,120,170,170,https://www.blazedemo.com/,1179,0,130
1774386496415,698,2 - Escolher Voo,200,OK,Teste de Carga - 250 usuarios 1-115,text,true,,7381,250,170,170,https://www.blazedemo.com/reserve.php,677,0,0
1774386496768,361,1 - Acessar Home,200,OK,Teste de Carga - 250 usuarios 1-103,text,true,,4757,120,171,171,https://www.blazedemo.com/,349,0,0
1774386495802,1336,1 - Acessar Home,200,OK,Teste de Carga - 250 usuarios 1-138,text,true,,4757,120,171,171,https://www.blazedemo.com/,1325,0,132
1774386496323,815,1 - Acessar Home,200,OK,Teste de Carga - 250 usuarios 1-151,text,true,,4757,120,171,171,https://www.blazedemo.com/,803,0,128
1774386496363,782,1 - Acessar Home,200,OK,Teste de Carga - 250 usuarios 1-152,text,true,,4757,120,171,171,https://www.blazedemo.com/,770,0,512
1774386496644,503,1 - Acessar Home,200,OK,Teste de Carga - 250 usuarios 1-159,text,true,,4757,120,171,171,https://www.blazedemo.com/,491,0,134
1774386496727,422,2 - Escolher Voo,200,OK,Teste de Carga - 250 usuarios 1-101,text,true,,7381,250,171,171,https://www.blazedemo.com/reserve.php,402,0,0
1774386496773,378,1 - Acessar Home,200,OK,Teste de Carga - 250 usuarios 1-119,text,true,,4757,120,171,171,https://www.blazedemo.com/,366,0,0
1774386496313,840,2 - Escolher Voo,200,OK,Teste de Carga - 250 usuarios 1-111,text,true,,7381,250,171,171,https://www.blazedemo.com/reserve.php,820,0,0
1774386496417,741,3 - Comprar Passagem,200,OK,Teste de Carga - 250 usuarios 1-117,text,true,,6719,420,171,171,https://www.blazedemo.com/purchase.php,729,0,0
1774386496775,387,3 - Comprar Passagem,200,OK,Teste de Carga - 250 usuarios 1-143,text,true,,6719,420,171,171,https://www.blazedemo.com/purchase.php,370,0,0
1774386495635,1538,2 - Escolher Voo,200,OK,Teste de Carga - 250 usuarios 1-77,text,true,,7381,250,172,172,https://www.blazedemo.com/reserve.php,1516,0,0
1774386496805,369,2 - Escolher Voo,200,OK,Teste de Carga - 250 usuarios 1-16,text,true,,7381,250,172,172,https://www.blazedemo.com/reserve.php,348,0,0
1774386496620,554,1 - Acessar Home,200,OK,Teste de Carga - 250 usuarios 1-36,text,true,,4757,120,172,172,https://www.blazedemo.com/,546,0,0
1774386496473,707,3 - Comprar Passagem,200,OK,Teste de Carga - 250 usuarios 1-18,text,true,,6719,420,172,172,https://www.blazedemo.com/purchase.php,696,0,0
1774386495747,1434,2 - Escolher Voo,200,OK,Teste de Carga - 250 usuarios 1-9,text,true,,7381,250,172,172,https://www.blazedemo.com/reserve.php,1415,0,0
1774386495953,1228,2 - Escolher Voo,200,OK,Teste de Carga - 250 usuarios 1-123,text,true,,7381,250,172,172,https://www.blazedemo.com/reserve.php,1207,0,0
1774386496800,384,3 - Comprar Passagem,200,OK,Teste de Carga - 250 usuarios 1-52,text,true,,6719,420,172,172,https://www.blazedemo.com/purchase.php,371,0,0
1774386496951,248,1 - Acessar Home,200,OK,Teste de Carga - 250 usuarios 1-22,text,true,,4757,120,172,172,https://www.blazedemo.com/,235,0,0
1774386496854,351,3 - Comprar Passagem,200,OK,Teste de Carga - 250 usuarios 1-2,text,true,,6719,420,173,173,https://www.blazedemo.com/purchase.php,338,0,0
1774386496068,1144,2 - Escolher Voo,200,OK,Teste de Carga - 250 usuarios 1-86,text,true,,7381,250,173,173,https://www.blazedemo.com/reserve.php,1124,0,0
1774386496780,439,3 - Comprar Passagem,200,OK,Teste de Carga - 250 usuarios 1-125,text,true,,6719,420,173,173,https://www.blazedemo.com/purchase.php,427,0,0
1774386496781,438,3 - Comprar Passagem,200,OK,Teste de Carga - 250 usuarios 1-17,text,true,,6719,420,173,173,https://www.blazedemo.com/purchase.php,426,0,0
1774386496899,331,1 - Acessar Home,200,OK,Teste de Carga - 250 usuarios 1-75,text,true,,4757,120,173,173,https://www.blazedemo.com/,320,0,0
1774386496359,871,2 - Escolher Voo,200,OK,Teste de Carga - 250 usuarios 1-39,text,true,,7381,250,173,173,https://www.blazedemo.com/reserve.php,850,0,0
1774386495777,1456,3 - Comprar Passagem,200,OK,Teste de Carga - 250 usuarios 1-60,text,true,,6719,420,173,173,https://www.blazedemo.com/purchase.php,1445,0,0
1774386496351,894,3 - Comprar Passagem,200,OK,Teste de Carga - 250 usuarios 1-70,text,true,,6719,420,174,174,https://www.blazedemo.com/purchase.php,882,0,0
1774386496282,965,1 - Acessar Home,200,OK,Teste de Carga - 250 usuarios 1-150,text,true,,4757,120,174,174,https://www.blazedemo.com/,956,0,129
1774386496662,588,3 - Comprar Passagem,200,OK,Teste de Carga - 250 usuarios 1-112,text,true,,6719,420,174,174,https://www.blazedemo.com/purchase.php,576,0,0
1774386496493,757,2 - Escolher Voo,200,OK,Teste de Carga - 250 usuarios 1-137,text,true,,7381,250,174,174,https://www.blazedemo.com/reserve.php,737,0,0
1774386496910,342,3 - Comprar Passagem,200,OK,Teste de Carga - 250 usuarios 1-130,text,true,,6719,420,174,174,https://www.blazedemo.com/purchase.php,330,0,0
1774386496793,460,3 - Comprar Passagem,200,OK,Teste de Carga - 250 usuarios 1-104,text,true,,6719,420,174,174,https://www.blazedemo.com/purchase.php,449,0,0
1774386496120,1134,3 - Comprar Passagem,200,OK,Teste de Carga - 250 usuarios 1-59,text,true,,6719,420,174,174,https://www.blazedemo.com/purchase.php,1117,0,0
1774386496995,259,2 - Escolher Voo,200,OK,Teste de Carga - 250 usuarios 1-26,text,true,,7381,250,174,174,https://www.blazedemo.com/reserve.php,239,0,0
1774386496739,526,1 - Acessar Home,200,OK,Teste de Carga - 250 usuarios 1-100,text,true,,4757,120,174,174,https://www.blazedemo.com/,515,0,0
1774386496261,1013,2 - Escolher Voo,200,OK,Teste de Carga - 250 usuarios 1-33,text,true,,7381,250,174,174,https://www.blazedemo.com/reserve.php,993,0,0
1774386496166,1113,2 - Escolher Voo,200,OK,Teste de Carga - 250 usuarios 1-128,text,true,,7381,250,174,174,https://www.blazedemo.com/reserve.php,1093,0,0
1774386496831,449,1 - Acessar Home,200,OK,Teste de Carga - 250 usuarios 1-53,text,true,,4757,120,174,174,https://www.blazedemo.com/,437,0,0
1774386496867,414,2 - Escolher Voo,200,OK,Teste de Carga - 250 usuarios 1-91,text,true,,7381,250,174,174,https://www.blazedemo.com/reserve.php,393,0,0
1774386496493,792,3 - Comprar Passagem,200,OK,Teste de Carga - 250 usuarios 1-90,text,true,,6719,420,175,175,https://www.blazedemo.com/purchase.php,780,0,0
1774386496483,802,1 - Acessar Home,200,OK,Teste de Carga - 250 usuarios 1-155,text,true,,4757,120,175,175,https://www.blazedemo.com/,791,0,138
1774386495644,1643,1 - Acessar Home,200,OK,Teste de Carga - 250 usuarios 1-134,text,true,,4757,120,175,175,https://www.blazedemo.com/,1632,0,135
1774386496874,413,2 - Escolher Voo,200,OK,Teste de Carga - 250 usuarios 1-99,text,true,,7381,250,175,175,https://www.blazedemo.com/reserve.php,393,0,0
1774386496923,366,1 - Acessar Home,200,OK,Teste de Carga - 250 usuarios 1-166,text,true,,4757,120,175,175,https://www.blazedemo.com/,355,0,130
1774386495962,1328,2 - Escolher Voo,200,OK,Teste de Carga - 250 usuarios 1-102,text,true,,7381,250,175,175,https://www.blazedemo.com/reserve.php,1309,0,0
1774386496741,561,3 - Comprar Passagem,200,OK,Teste de Carga - 250 usuarios 1-31,text,true,,6719,420,175,175,https://www.blazedemo.com/purchase.php,549,0,0
1774386496149,1160,3 - Comprar Passagem,200,OK,Teste de Carga - 250 usuarios 1-97,text,true,,6719,420,175,175,https://www.blazedemo.com/purchase.php,1148,0,0
1774386496729,582,1 - Acessar Home,200,OK,Teste de Carga - 250 usuarios 1-43,text,true,,4757,120,175,175,https://www.blazedemo.com/,570,0,0
1774386497010,308,2 - Escolher Voo,200,OK,Teste de Carga - 250 usuarios 1-146,text,true,,7381,250,175,175,https://www.blazedemo.com/reserve.php,288,0,0
1774386496921,401,3 - Comprar Passagem,200,OK,Teste de Carga - 250 usuarios 1-58,text,true,,6719,420,176,176,https://www.blazedemo.com/purchase.php,384,0,0
1774386497080,254,2 - Escolher Voo,200,OK,Teste de Carga - 250 usuarios 1-5,text,true,,7381,250,176,176,https://www.blazedemo.com/reserve.php,234,0,0
1774386496872,466,3 - Comprar Passagem,200,OK,Teste de Carga - 250 usuarios 1-81,text,true,,6719,420,176,176,https://www.blazedemo.com/purchase.php,455,0,0
1774386496042,1302,1 - Acessar Home,200,OK,Teste de Carga - 250 usuarios 1-144,text,true,,4757,120,176,176,https://www.blazedemo.com/,1290,0,129
1774386496194,1151,1 - Acessar Home,200,OK,Teste de Carga - 250 usuarios 1-106,text,true,,4757,120,176,176,https://www.blazedemo.com/,1139,0,0
1774386496012,1337,3 - Comprar Passagem,200,OK,Teste de Carga - 250 usuarios 1-69,text,true,,6719,420,176,176,https://www.blazedemo.com/purchase.php,1325,0,0
1774386497101,252,1 - Acessar Home,200,OK,Teste de Carga - 250 usuarios 1-23,text,true,,4757,120,176,176,https://www.blazedemo.com/,239,0,0
1774386496985,369,3 - Comprar Passagem,200,OK,Teste de Carga - 250 usuarios 1-116,text,true,,6719,420,176,176,https://www.blazedemo.com/purchase.php,357,0,0
1774386496846,515,2 - Escolher Voo,200,OK,Teste de Carga - 250 usuarios 1-107,text,true,,7381,250,176,176,https://www.blazedemo.com/reserve.php,494,0,0
1774386497064,308,2 - Escolher Voo,200,OK,Teste de Carga - 250 usuarios 1-158,text,true,,7381,250,177,177,https://www.blazedemo.com/reserve.php,288,0,0
1774386496910,465,3 - Comprar Passagem,200,OK,Teste de Carga - 250 usuarios 1-29,text,true,,6719,420,177,177,https://www.blazedemo.com/purchase.php,453,0,0
1774386495882,1503,1 - Acessar Home,200,OK,Teste de Carga - 250 usuarios 1-140,text,true,,4757,120,177,177,https://www.blazedemo.com/,1491,0,130
1774386496571,825,3 - Comprar Passagem,200,OK,Teste de Carga - 250 usuarios 1-40,text,true,,6719,420,177,177,https://www.blazedemo.com/purchase.php,813,0,0
1774386496322,1076,1 - Acessar Home,200,OK,Teste de Carga - 250 usuarios 1-28,text,true,,4757,120,177,177,https://www.blazedemo.com/,1065,0,0
1774386496989,411,2 - Escolher Voo,200,OK,Teste de Carga - 250 usuarios 1-92,text,true,,7381,250,177,177,https://www.blazedemo.com/reserve.php,391,0,0
1774386497158,243,1 - Acessar Home,200,OK,Teste de Carga - 250 usuarios 1-117,text,true,,4757,120,177,177,https://www.blazedemo.com/,231,0,0
1774386496500,901,3 - Comprar Passagem,200,OK,Teste de Carga - 250 usuarios 1-49,text,true,,6719,420,177,177,https://www.blazedemo.com/purchase.php,889,0,0
1774386496642,767,3 - Comprar Passagem,200,OK,Teste de Carga - 250 usuarios 1-126,text,true,,6719,420,178,178,https://www.blazedemo.com/purchase.php,755,0,0
1774386496645,765,2 - Escolher Voo,200,OK,Teste de Carga - 250 usuarios 1-66,text,true,,7381,250,178,178,https://www.blazedemo.com/reserve.php,747,0,0
1774386496654,759,3 - Comprar Passagem,200,OK,Teste de Carga - 250 usuarios 1-21,text,true,,6719,420,178,178,https://www.blazedemo.com/purchase.php,745,0,0
1774386496172,1242,2 - Escolher Voo,200,OK,Teste de Carga - 250 usuarios 1-54,text,true,,7381,250,178,178,https://www.blazedemo.com/reserve.php,1223,0,0
1774386496273,1143,3 - Comprar Passagem,200,OK,Teste de Carga - 250 usuarios 1-105,text,true,,6719,420,178,178,https://www.blazedemo.com/purchase.php,1130,0,0
1774386496736,688,3 - Comprar Passagem,200,OK,Teste de Carga - 250 usuarios 1-42,text,true,,6719,420,178,178,https://www.blazedemo.com/purchase.php,676,0,0
1774386497047,378,3 - Comprar Passagem,200,OK,Teste de Carga - 250 usuarios 1-25,text,true,,6719,420,178,178,https://www.blazedemo.com/purchase.php,366,0,0
1774386496884,543,1 - Acessar Home,200,OK,Teste de Carga - 250 usuarios 1-165,text,true,,4757,120,178,178,https://www.blazedemo.com/,530,0,128
1774386497152,277,2 - Escolher Voo,200,OK,Teste de Carga - 250 usuarios 1-119,text,true,,7381,250,178,178,https://www.blazedemo.com/reserve.php,257,0,0
1774386497105,333,3 - Comprar Passagem,200,OK,Teste de Carga - 250 usuarios 1-131,text,true,,6719,420,178,178,https://www.blazedemo.com/purchase.php,319,0,0
1774386497106,338,1 - Acessar Home,200,OK,Teste de Carga - 250 usuarios 1-108,text,true,,4757,120,179,179,https://www.blazedemo.com/,326,0,0
1774386497153,298,3 - Comprar Passagem,200,OK,Teste de Carga - 250 usuarios 1-111,text,true,,6719,420,179,179,https://www.blazedemo.com/purchase.php,286,0,0
1774386496524,934,3 - Comprar Passagem,200,OK,Teste de Carga - 250 usuarios 1-98,text,true,,6719,420,179,179,https://www.blazedemo.com/purchase.php,922,0,0
1774386497138,323,2 - Escolher Voo,200,OK,Teste de Carga - 250 usuarios 1-151,text,true,,7381,250,179,179,https://www.blazedemo.com/reserve.php,303,0,0
1774386497089,372,3 - Comprar Passagem,200,OK,Teste de Carga - 250 usuarios 1-147,text,true,,6719,420,179,179,https://www.blazedemo.com/purchase.php,359,0,0
1774386497094,370,2 - Escolher Voo,200,OK,Teste de Carga - 250 usuarios 1-154,text,true,,7381,250,179,179,https://www.blazedemo.com/reserve.php,351,0,0
1774386496682,783,1 - Acessar Home,200,OK,Teste de Carga - 250 usuarios 1-160,text,true,,4757,120,179,179,https://www.blazedemo.com/,771,0,138
1774386496242,1230,1 - Acessar Home,200,OK,Teste de Carga - 250 usuarios 1-149,text,true,,4757,120,179,179,https://www.blazedemo.com/,1220,0,127
1774386496918,568,2 - Escolher Voo,200,OK,Teste de Carga - 250 usuarios 1-145,text,true,,7381,250,180,180,https://www.blazedemo.com/reserve.php,548,0,0
1774386497149,347,3 - Comprar Passagem,200,OK,Teste de Carga - 250 usuarios 1-101,text,true,,6719,420,180,180,https://www.blazedemo.com/purchase.php,334,0,0
1774386496190,1307,3 - Comprar Passagem,200,OK,Teste de Carga - 250 usuarios 1-51,text,true,,6719,420,180,180,https://www.blazedemo.com/purchase.php,1293,0,0
1774386496723,777,1 - Acessar Home,200,OK,Teste de Carga - 250 usuarios 1-161,text,true,,4757,120,180,180,https://www.blazedemo.com/,766,0,131
1774386496742,764,3 - Comprar Passagem,200,OK,Teste de Carga - 250 usuarios 1-50,text,true,,6719,420,180,180,https://www.blazedemo.com/purchase.php,747,0,0
1774386496602,908,2 - Escolher Voo,200,OK,Teste de Carga - 250 usuarios 1-3,text,true,,7381,250,180,180,https://www.blazedemo.com/reserve.php,889,0,0
1774386497254,256,1 - Acessar Home,200,OK,Teste de Carga - 250 usuarios 1-59,text,true,,4757,120,180,180,https://www.blazedemo.com/,245,0,0
1774386497162,355,1 - Acessar Home,200,OK,Teste de Carga - 250 usuarios 1-143,text,true,,4757,120,180,180,https://www.blazedemo.com/,343,0,0
1774386497253,267,1 - Acessar Home,200,OK,Teste de Carga - 250 usuarios 1-104,text,true,,4757,120,180,180,https://www.blazedemo.com/,256,0,0
1774386496843,684,2 - Escolher Voo,200,OK,Teste de Carga - 250 usuarios 1-37,text,true,,7381,250,181,181,https://www.blazedemo.com/reserve.php,662,0,0
1774386496492,1035,3 - Comprar Passagem,200,OK,Teste de Carga - 250 usuarios 1-20,text,true,,6719,420,181,181,https://www.blazedemo.com/purchase.php,1018,0,0
1774386496674,853,2 - Escolher Voo,200,OK,Teste de Carga - 250 usuarios 1-129,text,true,,7381,250,181,181,https://www.blazedemo.com/reserve.php,831,0,0
1774386496586,943,2 - Escolher Voo,200,OK,Teste de Carga - 250 usuarios 1-136,text,true,,7381,250,181,181,https://www.blazedemo.com/reserve.php,923,0,0
1774386497212,320,3 - Comprar Passagem,200,OK,Teste de Carga - 250 usuarios 1-86,text,true,,6719,420,181,181,https://www.blazedemo.com/purchase.php,308,0,0
1774386497254,299,3 - Comprar Passagem,200,OK,Teste de Carga - 250 usuarios 1-26,text,true,,6719,420,181,181,https://www.blazedemo.com/purchase.php,288,0,0
1774386495965,1590,1 - Acessar Home,200,OK,Teste de Carga - 250 usuarios 1-142,text,true,,4757,120,181,181,https://www.blazedemo.com/,1578,0,130
1774386496514,1045,3 - Comprar Passagem,200,OK,Teste de Carga - 250 usuarios 1-34,text,true,,6719,420,181,181,https://www.blazedemo.com/purchase.php,1033,0,0
1774386497145,414,2 - Escolher Voo,200,OK,Teste de Carga - 250 usuarios 1-152,text,true,,7381,250,181,181,https://www.blazedemo.com/reserve.php,397,0,0
1774386496832,730,1 - Acessar Home,200,OK,Teste de Carga - 250 usuarios 1-19,text,true,,4757,120,181,181,https://www.blazedemo.com/,719,0,0
1774386496264,1303,1 - Acessar Home,200,OK,Teste de Carga - 250 usuarios 1-61,text,true,,4757,120,182,182,https://www.blazedemo.com/,1291,0,0
1774386497252,317,1 - Acessar Home,200,OK,Teste de Carga - 250 usuarios 1-130,text,true,,4757,120,182,182,https://www.blazedemo.com/,305,0,0
1774386497174,396,2 - Escolher Voo,200,OK,Teste de Carga - 250 usuarios 1-36,text,true,,7381,250,182,182,https://www.blazedemo.com/reserve.php,381,0,0
1774386496973,606,2 - Escolher Voo,200,OK,Teste de Carga - 250 usuarios 1-63,text,true,,7381,250,182,182,https://www.blazedemo.com/reserve.php,584,0,0
1774386497290,289,3 - Comprar Passagem,200,OK,Teste de Carga - 250 usuarios 1-102,text,true,,6719,420,182,182,https://www.blazedemo.com/purchase.php,278,0,0
1774386497349,238,1 - Acessar Home,200,OK,Teste de Carga - 250 usuarios 1-69,text,true,,4757,120,182,182,https://www.blazedemo.com/,226,0,0
1774386496882,715,3 - Comprar Passagem,200,OK,Teste de Carga - 250 usuarios 1-80,text,true,,6719,420,182,182,https://www.blazedemo.com/purchase.php,698,0,0
1774386497148,449,2 - Escolher Voo,200,OK,Teste de Carga - 250 usuarios 1-159,text,true,,7381,250,182,182,https://www.blazedemo.com/reserve.php,429,0,0
1774386496014,1590,3 - Comprar Passagem,200,OK,Teste de Carga - 250 usuarios 1-114,text,true,,6719,420,183,183,https://www.blazedemo.com/purchase.php,1579,0,0
1774386497265,342,2 - Escolher Voo,200,OK,Teste de Carga - 250 usuarios 1-100,text,true,,7381,250,183,183,https://www.blazedemo.com/reserve.php,324,0,0
1774386496525,1091,1 - Acessar Home,200,OK,Teste de Carga - 250 usuarios 1-156,text,true,,4757,120,183,183,https://www.blazedemo.com/,1081,0,130
1774386496745,872,3 - Comprar Passagem,200,OK,Teste de Carga - 250 usuarios 1-124,text,true,,6719,420,183,183,https://www.blazedemo.com/purchase.php,859,0,0
1774386497274,356,3 - Comprar Passagem,200,OK,Teste de Carga - 250 usuarios 1-33,text,true,,6719,420,183,183,https://www.blazedemo.com/purchase.php,343,0,0
1774386496668,962,2 - Escolher Voo,200,OK,Teste de Carga - 250 usuarios 1-13,text,true,,7381,250,183,183,https://www.blazedemo.com/reserve.php,941,0,0
1774386497250,380,1 - Acessar Home,200,OK,Teste de Carga - 250 usuarios 1-112,text,true,,4757,120,183,183,https://www.blazedemo.com/,369,0,0
1774386496975,657,2 - Escolher Voo,200,OK,Teste de Carga - 250 usuarios 1-109,text,true,,7381,250,183,183,https://www.blazedemo.com/reserve.php,637,0,0
1774386496872,766,2 - Escolher Voo,200,OK,Teste de Carga - 250 usuarios 1-12,text,true,,7381,250,183,183,https://www.blazedemo.com/reserve.php,749,0,0
1774386497138,503,2 - Escolher Voo,200,OK,Teste de Carga - 250 usuarios 1-138,text,true,,7381,250,183,183,https://www.blazedemo.com/reserve.php,482,0,0
1774386497184,457,1 - Acessar Home,200,OK,Teste de Carga - 250 usuarios 1-52,text,true,,4757,120,183,183,https://www.blazedemo.com/,446,0,0
1774386496761,882,1 - Acessar Home,200,OK,Teste de Carga - 250 usuarios 1-162,text,true,,4757,120,183,183,https://www.blazedemo.com/,870,0,129
1774386496606,1041,2 - Escolher Voo,200,OK,Teste de Carga - 250 usuarios 1-127,text,true,,7381,250,184,184,https://www.blazedemo.com/reserve.php,1024,0,0
1774386497400,254,3 - Comprar Passagem,200,OK,Teste de Carga - 250 usuarios 1-92,text,true,,6719,420,184,184,https://www.blazedemo.com/purchase.php,243,0,0
1774386497323,332,1 - Acessar Home,200,OK,Teste de Carga - 250 usuarios 1-58,text,true,,4757,120,184,184,https://www.blazedemo.com/,320,0,0
1774386496169,1491,2 - Escolher Voo,200,OK,Teste de Carga - 250 usuarios 1-120,text,true,,7381,250,184,184,https://www.blazedemo.com/reserve.php,1472,0,0
1774386496912,753,2 - Escolher Voo,200,OK,Teste de Carga - 250 usuarios 1-82,text,true,,7381,250,184,184,https://www.blazedemo.com/reserve.php,736,0,0
1774386497353,322,2 - Escolher Voo,200,OK,Teste de Carga - 250 usuarios 1-23,text,true,,7381,250,184,184,https://www.blazedemo.com/reserve.php,301,0,0
1774386497334,343,3 - Comprar Passagem,200,OK,Teste de Carga - 250 usuarios 1-5,text,true,,6719,420,184,184,https://www.blazedemo.com/purchase.php,326,0,0
1774386496211,1474,2 - Escolher Voo,200,OK,Teste de Carga - 250 usuarios 1-7,text,true,,7381,250,185,185,https://www.blazedemo.com/reserve.php,1454,0,0
1774386496682,1003,1 - Acessar Home,200,OK,Teste de Carga - 250 usuarios 1-56,text,true,,4757,120,185,185,https://www.blazedemo.com/,992,0,0
1774386496545,1141,3 - Comprar Passagem,200,OK,Teste de Carga - 250 usuarios 1-110,text,true,,6719,420,185,185,https://www.blazedemo.com/purchase.php,1130,0,0
1774386496369,1320,2 - Escolher Voo,200,OK,Teste de Carga - 250 usuarios 1-78,text,true,,7381,250,185,185,https://www.blazedemo.com/reserve.php,1299,0,0
1774386497451,240,1 - Acessar Home,200,OK,Teste de Carga - 250 usuarios 1-111,text,true,,4757,120,185,185,https://www.blazedemo.com/,228,0,0
1774386496627,1064,1 - Acessar Home,200,OK,Teste de Carga - 250 usuarios 1-44,text,true,,4757,120,185,185,https://www.blazedemo.com/,1050,0,0
1774386497375,316,1 - Acessar Home,200,OK,Teste de Carga - 250 usuarios 1-29,text,true,,4757,120,185,185,https://www.blazedemo.com/,304,0,0
1774386497049,647,3 - Comprar Passagem,200,OK,Teste de Carga - 250 usuarios 1-14,text,true,,6719,420,185,185,https://www.blazedemo.com/purchase.php,636,0,0
1774386496040,1659,1 - Acessar Home,200,OK,Teste de Carga - 250 usuarios 1-27,text,true,,4757,120,185,185,https://www.blazedemo.com/,1645,0,0
1774386497085,629,3 - Comprar Passagem,200,OK,Teste de Carga - 250 usuarios 1-93,text,true,,6719,420,185,185,https://www.blazedemo.com/purchase.php,618,0,0
1774386497219,498,1 - Acessar Home,200,OK,Teste de Carga - 250 usuarios 1-17,text,true,,4757,120,185,185,https://www.blazedemo.com/,486,0,0
1774386497199,522,2 - Escolher Voo,200,OK,Teste de Carga - 250 usuarios 1-22,text,true,,7381,250,185,185,https://www.blazedemo.com/reserve.php,504,0,0
1774386497409,315,1 - Acessar Home,200,OK,Teste de Carga - 250 usuarios 1-126,text,true,,4757,120,186,186,https://www.blazedemo.com/,303,0,0
1774386496415,1320,3 - Comprar Passagem,200,OK,Teste de Carga - 250 usuarios 1-79,text,true,,6719,420,186,186,https://www.blazedemo.com/purchase.php,1303,0,0
1774386497472,263,2 - Escolher Voo,200,OK,Teste de Carga - 250 usuarios 1-149,text,true,,7381,250,186,186,https://www.blazedemo.com/reserve.php,246,0,0
1774386497438,298,1 - Acessar Home,200,OK,Teste de Carga - 250 usuarios 1-131,text,true,,4757,120,186,186,https://www.blazedemo.com/,286,0,0
1774386497401,335,1 - Acessar Home,200,OK,Teste de Carga - 250 usuarios 1-49,text,true,,4757,120,186,186,https://www.blazedemo.com/,325,0,0
1774386497281,464,3 - Comprar Passagem,200,OK,Teste de Carga - 250 usuarios 1-91,text,true,,6719,420,186,186,https://www.blazedemo.com/purchase.php,443,0,0
1774386497429,333,3 - Comprar Passagem,200,OK,Teste de Carga - 250 usuarios 1-119,text,true,,6719,420,186,186,https://www.blazedemo.com/purchase.php,321,0,0
1774386496283,1484,1 - Acessar Home,200,OK,Teste de Carga - 250 usuarios 1-73,text,true,,4757,120,187,187,https://www.blazedemo.com/,1473,0,0
1774386497036,733,2 - Escolher Voo,200,OK,Teste de Carga - 250 usuarios 1-30,text,true,,7381,250,187,187,https://www.blazedemo.com/reserve.php,712,0,0
1774386496970,803,3 - Comprar Passagem,200,OK,Teste de Carga - 250 usuarios 1-48,text,true,,6719,420,187,187,https://www.blazedemo.com/purchase.php,791,0,0
1774386496819,954,2 - Escolher Voo,200,OK,Teste de Carga - 250 usuarios 1-57,text,true,,7381,250,187,187,https://www.blazedemo.com/reserve.php,934,0,0
1774386496447,1329,2 - Escolher Voo,200,OK,Teste de Carga - 250 usuarios 1-84,text,true,,7381,250,187,187,https://www.blazedemo.com/reserve.php,1307,0,0
1774386496431,1346,3 - Comprar Passagem,200,OK,Teste de Carga - 250 usuarios 1-10,text,true,,6719,420,187,187,https://www.blazedemo.com/purchase.php,1333,0,0
1774386497039,740,3 - Comprar Passagem,200,OK,Teste de Carga - 250 usuarios 1-35,text,true,,6719,420,187,187,https://www.blazedemo.com/purchase.php,727,0,0
1774386497486,294,3 - Comprar Passagem,200,OK,Teste de Carga - 250 usuarios 1-145,text,true,,6719,420,187,187,https://www.blazedemo.com/purchase.php,283,0,0
1774386497444,343,2 - Escolher Voo,200,OK,Teste de Carga - 250 usuarios 1-108,text,true,,7381,250,187,187,https://www.blazedemo.com/reserve.php,320,0,0
1774386497399,395,2 - Escolher Voo,200,OK,Teste de Carga - 250 usuarios 1-28,text,true,,7381,250,187,187,https://www.blazedemo.com/reserve.php,378,0,0
1774386497056,738,2 - Escolher Voo,200,OK,Teste de Carga - 250 usuarios 1-74,text,true,,7381,250,187,187,https://www.blazedemo.com/reserve.php,718,0,0
1774386497038,764,3 - Comprar Passagem,200,OK,Teste de Carga - 250 usuarios 1-45,text,true,,6719,420,188,188,https://www.blazedemo.com/purchase.php,753,0,0
1774386497354,448,1 - Acessar Home,200,OK,Teste de Carga - 250 usuarios 1-116,text,true,,4757,120,188,188,https://www.blazedemo.com/,437,0,0
1774386497230,575,3 - Comprar Passagem,200,OK,Teste de Carga - 250 usuarios 1-39,text,true,,6719,420,188,188,https://www.blazedemo.com/purchase.php,557,0,0
1774386497396,424,1 - Acessar Home,200,OK,Teste de Carga - 250 usuarios 1-40,text,true,,4757,120,188,188,https://www.blazedemo.com/,413,0,0
1774386496803,1021,1 - Acessar Home,200,OK,Teste de Carga - 250 usuarios 1-163,text,true,,4757,120,188,188,https://www.blazedemo.com/,1010,0,130
1774386496963,863,1 - Acessar Home,200,OK,Teste de Carga - 250 usuarios 1-167,text,true,,4757,120,188,188,https://www.blazedemo.com/,854,0,130
1774386497283,550,1 - Acessar Home,200,OK,Teste de Carga - 250 usuarios 1-175,text,true,,4757,120,188,188,https://www.blazedemo.com/,538,0,129
1774386497458,376,1 - Acessar Home,200,OK,Teste de Carga - 250 usuarios 1-98,text,true,,4757,120,188,188,https://www.blazedemo.com/,364,0,0
1774386496853,983,1 - Acessar Home,200,OK,Teste de Carga - 250 usuarios 1-72,text,true,,4757,120,188,188,https://www.blazedemo.com/,971,0,0
1774386497413,424,1 - Acessar Home,200,OK,Teste de Carga - 250 usuarios 1-21,text,true,,4757,120,188,188,https://www.blazedemo.com/,413,0,0
1774386497425,413,1 - Acessar Home,200,OK,Teste de Carga - 250 usuarios 1-42,text,true,,4757,120,188,188,https://www.blazedemo.com/,401,0,0
1774386496556,1285,1 - Acessar Home,200,OK,Teste de Carga - 250 usuarios 1-24,text,true,,4757,120,188,188,https://www.blazedemo.com/,1273,0,0
1774386497060,789,3 - Comprar Passagem,200,OK,Teste de Carga - 250 usuarios 1-133,text,true,,6719,420,189,189,https://www.blazedemo.com/purchase.php,777,0,0
1774386497464,390,3 - Comprar Passagem,200,OK,Teste de Carga - 250 usuarios 1-154,text,true,,6719,420,189,189,https://www.blazedemo.com/purchase.php,375,0,0
1774386496453,1401,1 - Acessar Home,200,OK,Teste de Carga - 250 usuarios 1-4,text,true,,4757,120,189,189,https://www.blazedemo.com/,1390,0,0
1774386497554,308,1 - Acessar Home,200,OK,Teste de Carga - 250 usuarios 1-26,text,true,,4757,120,189,189,https://www.blazedemo.com/,297,0,0
1774386497129,737,2 - Escolher Voo,200,OK,Teste de Carga - 250 usuarios 1-103,text,true,,7381,250,189,189,https://www.blazedemo.com/reserve.php,720,0,0
1774386497182,694,3 - Comprar Passagem,200,OK,Teste de Carga - 250 usuarios 1-9,text,true,,6719,420,189,189,https://www.blazedemo.com/purchase.php,677,0,0
1774386497442,434,1 - Acessar Home,200,OK,Teste de Carga - 250 usuarios 1-179,text,true,,4757,120,189,189,https://www.blazedemo.com/,420,0,130
1774386497362,517,1 - Acessar Home,200,OK,Teste de Carga - 250 usuarios 1-177,text,true,,4757,120,189,189,https://www.blazedemo.com/,505,0,128
1774386496404,1475,1 - Acessar Home,200,OK,Teste de Carga - 250 usuarios 1-153,text,true,,4757,120,189,189,https://www.blazedemo.com/,1464,0,130
1774386496040,1849,2 - Escolher Voo,200,OK,Teste de Carga - 250 usuarios 1-62,text,true,,7381,250,190,190,https://www.blazedemo.com/reserve.php,1828,0,0
1774386497562,330,2 - Escolher Voo,200,OK,Teste de Carga - 250 usuarios 1-19,text,true,,7381,250,190,190,https://www.blazedemo.com/reserve.php,310,0,0
1774386497616,277,2 - Escolher Voo,200,OK,Teste de Carga - 250 usuarios 1-156,text,true,,7381,250,190,190,https://www.blazedemo.com/reserve.php,257,0,0
1774386497559,335,3 - Comprar Passagem,200,OK,Teste de Carga - 250 usuarios 1-152,text,true,,6719,420,190,190,https://www.blazedemo.com/purchase.php,323,0,0
1774386497312,585,2 - Escolher Voo,200,OK,Teste de Carga - 250 usuarios 1-43,text,true,,7381,250,190,190,https://www.blazedemo.com/reserve.php,565,0,0
1774386497234,666,1 - Acessar Home,200,OK,Teste de Carga - 250 usuarios 1-60,text,true,,4757,120,190,190,https://www.blazedemo.com/,654,0,0
1774386497569,362,2 - Escolher Voo,200,OK,Teste de Carga - 250 usuarios 1-130,text,true,,7381,250,191,191,https://www.blazedemo.com/reserve.php,324,0,0
1774386497484,448,1 - Acessar Home,200,OK,Teste de Carga - 250 usuarios 1-180,text,true,,4757,120,191,191,https://www.blazedemo.com/,435,0,130
1774386497604,338,1 - Acessar Home,200,OK,Teste de Carga - 250 usuarios 1-114,text,true,,4757,120,191,191,https://www.blazedemo.com/,326,0,0
1774386497587,357,2 - Escolher Voo,200,OK,Teste de Carga - 250 usuarios 1-69,text,true,,7381,250,191,191,https://www.blazedemo.com/reserve.php,341,0,0
1774386497173,773,3 - Comprar Passagem,200,OK,Teste de Carga - 250 usuarios 1-77,text,true,,6719,420,191,191,https://www.blazedemo.com/purchase.php,757,0,0
1774386497205,741,1 - Acessar Home,200,OK,Teste de Carga - 250 usuarios 1-2,text,true,,4757,120,191,191,https://www.blazedemo.com/,730,0,0
1774386497527,423,3 - Comprar Passagem,200,OK,Teste de Carga - 250 usuarios 1-129,text,true,,6719,420,191,191,https://www.blazedemo.com/purchase.php,406,0,0
1774386497113,837,2 - Escolher Voo,200,OK,Teste de Carga - 250 usuarios 1-141,text,true,,7381,250,191,191,https://www.blazedemo.com/reserve.php,817,0,0
1774386497631,332,2 - Escolher Voo,200,OK,Teste de Carga - 250 usuarios 1-112,text,true,,7381,250,192,192,https://www.blazedemo.com/reserve.php,311,0,0
1774386497597,372,1 - Acessar Home,200,OK,Teste de Carga - 250 usuarios 1-80,text,true,,4757,120,192,192,https://www.blazedemo.com/,362,0,0
1774386497685,286,3 - Comprar Passagem,200,OK,Teste de Carga - 250 usuarios 1-7,text,true,,6719,420,192,192,https://www.blazedemo.com/purchase.php,274,0,0
1774386496921,1056,1 - Acessar Home,200,OK,Teste de Carga - 250 usuarios 1-89,text,true,,4757,120,192,192,https://www.blazedemo.com/,1017,0,0
1774386496205,1774,1 - Acessar Home,200,OK,Teste de Carga - 250 usuarios 1-55,text,true,,4757,120,192,192,https://www.blazedemo.com/,1762,0,0
1774386497113,872,3 - Comprar Passagem,200,OK,Teste de Carga - 250 usuarios 1-115,text,true,,6719,420,192,192,https://www.blazedemo.com/purchase.php,856,0,0
1774386496872,1115,2 - Escolher Voo,200,OK,Teste de Carga - 250 usuarios 1-132,text,true,,7381,250,192,192,https://www.blazedemo.com/reserve.php,1095,0,0
1774386497242,747,1 - Acessar Home,200,OK,Teste de Carga - 250 usuarios 1-174,text,true,,4757,120,192,192,https://www.blazedemo.com/,736,0,130
1774386497322,675,1 - Acessar Home,200,OK,Teste de Carga - 250 usuarios 1-176,text,true,,4757,120,192,192,https://www.blazedemo.com/,662,0,128
1774386496511,1487,1 - Acessar Home,200,OK,Teste de Carga - 250 usuarios 1-85,text,true,,4757,120,192,192,https://www.blazedemo.com/,1475,0,0
1774386496616,1386,3 - Comprar Passagem,200,OK,Teste de Carga - 250 usuarios 1-1,text,true,,6719,420,192,192,https://www.blazedemo.com/purchase.php,1372,0,0
1774386496613,1390,3 - Comprar Passagem,200,OK,Teste de Carga - 250 usuarios 1-88,text,true,,6719,420,193,193,https://www.blazedemo.com/purchase.php,1378,0,0
1774386497385,626,2 - Escolher Voo,200,OK,Teste de Carga - 250 usuarios 1-140,text,true,,7381,250,193,193,https://www.blazedemo.com/reserve.php,606,0,0
1774386497523,505,1 - Acessar Home,200,OK,Teste de Carga - 250 usuarios 1-181,text,true,,4757,120,193,193,https://www.blazedemo.com/,493,0,141
1774386496615,1414,1 - Acessar Home,200,OK,Teste de Carga - 250 usuarios 1-118,text,true,,4757,120,193,193,https://www.blazedemo.com/,1402,0,0
1774386497721,310,3 - Comprar Passagem,200,OK,Teste de Carga - 250 usuarios 1-22,text,true,,6719,420,193,193,https://www.blazedemo.com/purchase.php,297,0,0
1774386497003,1032,1 - Acessar Home,200,OK,Teste de Carga - 250 usuarios 1-168,text,true,,4757,120,193,193,https://www.blazedemo.com/,1020,0,132
1774386496609,1434,1 - Acessar Home,200,OK,Teste de Carga - 250 usuarios 1-94,text,true,,4757,120,194,194,https://www.blazedemo.com/,1422,0,0
1774386497607,438,3 - Comprar Passagem,200,OK,Teste de Carga - 250 usuarios 1-100,text,true,,6719,420,194,194,https://www.blazedemo.com/purchase.php,422,0,0
1774386496984,1065,1 - Acessar Home,200,OK,Teste de Carga - 250 usuarios 1-41,text,true,,4757,120,194,194,https://www.blazedemo.com/,1052,0,0
1774386497630,419,3 - Comprar Passagem,200,OK,Teste de Carga - 250 usuarios 1-13,text,true,,6719,420,194,194,https://www.blazedemo.com/purchase.php,406,0,0
1774386497461,588,3 - Comprar Passagem,200,OK,Teste de Carga - 250 usuarios 1-151,text,true,,6719,420,194,194,https://www.blazedemo.com/purchase.php,576,0,0
1774386497773,280,3 - Comprar Passagem,200,OK,Teste de Carga - 250 usuarios 1-57,text,true,,6719,420,194,194,https://www.blazedemo.com/purchase.php,267,0,0
1774386497677,391,1 - Acessar Home,200,OK,Teste de Carga - 250 usuarios 1-5,text,true,,4757,120,194,194,https://www.blazedemo.com/,378,0,0
1774386497826,244,2 - Escolher Voo,200,OK,Teste de Carga - 250 usuarios 1-167,text,true,,7381,250,194,194,https://www.blazedemo.com/reserve.php,224,0,0
1774386496518,1571,1 - Acessar Home,200,OK,Teste de Carga - 250 usuarios 1-8,text,true,,4757,120,195,195,https://www.blazedemo.com/,1559,0,0
1774386497717,374,2 - Escolher Voo,200,OK,Teste de Carga - 250 usuarios 1-17,text,true,,7381,250,195,195,https://www.blazedemo.com/reserve.php,353,0,0
1774386497511,580,3 - Comprar Passagem,200,OK,Teste de Carga - 250 usuarios 1-3,text,true,,6719,420,195,195,https://www.blazedemo.com/purchase.php,568,0,0
1774386496638,1455,1 - Acessar Home,200,OK,Teste de Carga - 250 usuarios 1-38,text,true,,4757,120,195,195,https://www.blazedemo.com/,1443,0,0
1774386496973,1124,3 - Comprar Passagem,200,OK,Teste de Carga - 250 usuarios 1-32,text,true,,6719,420,195,195,https://www.blazedemo.com/purchase.php,1112,0,0
1774386497685,415,2 - Escolher Voo,200,OK,Teste de Carga - 250 usuarios 1-56,text,true,,7381,250,195,195,https://www.blazedemo.com/reserve.php,395,0,0
1774386497248,852,2 - Escolher Voo,200,OK,Teste de Carga - 250 usuarios 1-150,text,true,,7381,250,195,195,https://www.blazedemo.com/reserve.php,832,0,0
1774386497182,927,3 - Comprar Passagem,200,OK,Teste de Carga - 250 usuarios 1-123,text,true,,6719,420,195,195,https://www.blazedemo.com/purchase.php,912,0,0
1774386497833,276,2 - Escolher Voo,200,OK,Teste de Carga - 250 usuarios 1-175,text,true,,7381,250,195,195,https://www.blazedemo.com/reserve.php,253,0,0
1774386497692,417,2 - Escolher Voo,200,OK,Teste de Carga - 250 usuarios 1-29,text,true,,7381,250,195,195,https://www.blazedemo.com/reserve.php,396,0,0
1774386497123,989,1 - Acessar Home,200,OK,Teste de Carga - 250 usuarios 1-171,text,true,,4757,120,195,195,https://www.blazedemo.com/,986,0,129
1774386497403,714,1 - Acessar Home,200,OK,Teste de Carga - 250 usuarios 1-178,text,true,,4757,120,195,195,https://www.blazedemo.com/,706,0,138
1774386497527,592,1 - Acessar Home,200,OK,Teste de Carga - 250 usuarios 1-20,text,true,,4757,120,195,195,https://www.blazedemo.com/,582,0,0
1774386496845,1274,1 - Acessar Home,200,OK,Teste de Carga - 250 usuarios 1-164,text,true,,4757,120,195,195,https://www.blazedemo.com/,1264,0,128
1774386497665,459,3 - Comprar Passagem,200,OK,Teste de Carga - 250 usuarios 1-82,text,true,,6719,420,196,196,https://www.blazedemo.com/purchase.php,447,0,0
1774386497426,700,1 - Acessar Home,200,OK,Teste de Carga - 250 usuarios 1-25,text,true,,4757,120,196,196,https://www.blazedemo.com/,690,0,0
1774386497401,740,2 - Escolher Voo,200,OK,Teste de Carga - 250 usuarios 1-117,text,true,,7381,250,196,196,https://www.blazedemo.com/reserve.php,719,0,0
1774386497779,363,1 - Acessar Home,200,OK,Teste de Carga - 250 usuarios 1-35,text,true,,4757,120,196,196,https://www.blazedemo.com/,351,0,0
1774386497245,901,1 - Acessar Home,200,OK,Teste de Carga - 250 usuarios 1-70,text,true,,4757,120,196,196,https://www.blazedemo.com/,889,0,0
1774386497838,314,2 - Escolher Voo,200,OK,Teste de Carga - 250 usuarios 1-42,text,true,,7381,250,196,196,https://www.blazedemo.com/reserve.php,297,0,0
1774386497279,880,3 - Comprar Passagem,200,OK,Teste de Carga - 250 usuarios 1-128,text,true,,6719,420,196,196,https://www.blazedemo.com/purchase.php,868,0,0
1774386497802,369,2 - Escolher Voo,200,OK,Teste de Carga - 250 usuarios 1-116,text,true,,7381,250,197,197,https://www.blazedemo.com/reserve.php,349,0,0
1774386497879,295,2 - Escolher Voo,200,OK,Teste de Carga - 250 usuarios 1-153,text,true,,7381,250,197,197,https://www.blazedemo.com/reserve.php,275,0,0
1774386497932,244,2 - Escolher Voo,200,OK,Teste de Carga - 250 usuarios 1-180,text,true,,7381,250,197,197,https://www.blazedemo.com/reserve.php,222,0,0
1774386497219,964,1 - Acessar Home,200,OK,Teste de Carga - 250 usuarios 1-125,text,true,,4757,120,197,197,https://www.blazedemo.com/,953,0,0
1774386497686,498,1 - Acessar Home,200,OK,Teste de Carga - 250 usuarios 1-110,text,true,,4757,120,197,197,https://www.blazedemo.com/,486,0,0
1774386496659,1525,2 - Escolher Voo,200,OK,Teste de Carga - 250 usuarios 1-148,text,true,,7381,250,197,197,https://www.blazedemo.com/reserve.php,1509,0,0
1774386496566,1619,3 - Comprar Passagem,200,OK,Teste de Carga - 250 usuarios 1-65,text,true,,6719,420,197,197,https://www.blazedemo.com/purchase.php,1607,0,0
1774386497014,1175,3 - Comprar Passagem,200,OK,Teste de Carga - 250 usuarios 1-96,text,true,,6719,420,197,197,https://www.blazedemo.com/purchase.php,1163,0,0
1774386497690,500,3 - Comprar Passagem,200,OK,Teste de Carga - 250 usuarios 1-78,text,true,,6719,420,197,197,https://www.blazedemo.com/purchase.php,486,0,0
1774386497527,665,3 - Comprar Passagem,200,OK,Teste de Carga - 250 usuarios 1-37,text,true,,6719,420,197,197,https://www.blazedemo.com/purchase.php,654,0,0
1774386497735,460,1 - Acessar Home,200,OK,Teste de Carga - 250 usuarios 1-79,text,true,,4757,120,197,197,https://www.blazedemo.com/,449,0,0
1774386497643,553,2 - Escolher Voo,200,OK,Teste de Carga - 250 usuarios 1-162,text,true,,7381,250,197,197,https://www.blazedemo.com/reserve.php,551,0,0
1774386497879,330,2 - Escolher Voo,200,OK,Teste de Carga - 250 usuarios 1-177,text,true,,7381,250,198,198,https://www.blazedemo.com/reserve.php,310,0,0
1774386497287,929,2 - Escolher Voo,200,OK,Teste de Carga - 250 usuarios 1-134,text,true,,7381,250,198,198,https://www.blazedemo.com/reserve.php,909,0,0
1774386496818,1407,1 - Acessar Home,200,OK,Teste de Carga - 250 usuarios 1-67,text,true,,4757,120,198,198,https://www.blazedemo.com/,1395,0,0
1774386497692,533,2 - Escolher Voo,200,OK,Teste de Carga - 250 usuarios 1-111,text,true,,7381,250,198,198,https://www.blazedemo.com/reserve.php,513,0,0
1774386497287,938,3 - Comprar Passagem,200,OK,Teste de Carga - 250 usuarios 1-99,text,true,,6719,420,198,198,https://www.blazedemo.com/purchase.php,926,0,0
1774386497289,940,2 - Escolher Voo,200,OK,Teste de Carga - 250 usuarios 1-166,text,true,,7381,250,198,198,https://www.blazedemo.com/reserve.php,920,0,0
1774386497163,1066,1 - Acessar Home,200,OK,Teste de Carga - 250 usuarios 1-172,text,true,,4757,120,198,198,https://www.blazedemo.com/,1055,0,131
1774386496634,1597,2 - Escolher Voo,200,OK,Teste de Carga - 250 usuarios 1-71,text,true,,7381,250,198,198,https://www.blazedemo.com/reserve.php,1577,0,0
1774386497947,286,1 - Acessar Home,200,OK,Teste de Carga - 250 usuarios 1-77,text,true,,4757,120,198,198,https://www.blazedemo.com/,275,0,0
1774386497641,596,3 - Comprar Passagem,200,OK,Teste de Carga - 250 usuarios 1-138,text,true,,6719,420,198,198,https://www.blazedemo.com/purchase.php,583,0,0
1774386497230,1007,2 - Escolher Voo,200,OK,Teste de Carga - 250 usuarios 1-75,text,true,,7381,250,198,198,https://www.blazedemo.com/reserve.php,986,0,0
1774386497987,251,3 - Comprar Passagem,200,OK,Teste de Carga - 250 usuarios 1-132,text,true,,6719,420,198,198,https://www.blazedemo.com/purchase.php,239,0,0
1774386497675,566,3 - Comprar Passagem,200,OK,Teste de Carga - 250 usuarios 1-23,text,true,,6719,420,198,198,https://www.blazedemo.com/purchase.php,555,0,0
1774386497067,1180,2 - Escolher Voo,200,OK,Teste de Carga - 250 usuarios 1-139,text,true,,7381,250,199,199,https://www.blazedemo.com/reserve.php,1161,0,0
1774386497900,349,2 - Escolher Voo,200,OK,Teste de Carga - 250 usuarios 1-60,text,true,,7381,250,199,199,https://www.blazedemo.com/reserve.php,330,0,0
1774386497894,356,3 - Comprar Passagem,200,OK,Teste de Carga - 250 usuarios 1-156,text,true,,6719,420,199,199,https://www.blazedemo.com/purchase.php,340,0,0
1774386497647,607,3 - Comprar Passagem,200,OK,Teste de Carga - 250 usuarios 1-127,text,true,,6719,420,199,199,https://www.blazedemo.com/purchase.php,594,0,0
1774386497778,476,1 - Acessar Home,200,OK,Teste de Carga - 250 usuarios 1-10,text,true,,4757,120,199,199,https://www.blazedemo.com/,465,0,0
1774386497597,660,3 - Comprar Passagem,200,OK,Teste de Carga - 250 usuarios 1-159,text,true,,6719,420,199,199,https://www.blazedemo.com/purchase.php,648,0,0
1774386497285,988,2 - Escolher Voo,200,OK,Teste de Carga - 250 usuarios 1-155,text,true,,7381,250,199,199,https://www.blazedemo.com/reserve.php,968,0,0
1774386496640,1636,3 - Comprar Passagem,200,OK,Teste de Carga - 250 usuarios 1-122,text,true,,6719,420,199,199,https://www.blazedemo.com/purchase.php,1624,0,0
1774386497950,329,1 - Acessar Home,200,OK,Teste de Carga - 250 usuarios 1-129,text,true,,4757,120,199,199,https://www.blazedemo.com/,317,0,0
1774386497794,491,3 - Comprar Passagem,200,OK,Teste de Carga - 250 usuarios 1-28,text,true,,6719,420,200,200,https://www.blazedemo.com/purchase.php,479,0,0
1774386498012,286,3 - Comprar Passagem,200,OK,Teste de Carga - 250 usuarios 1-140,text,true,,6719,420,200,200,https://www.blazedemo.com/purchase.php,273,0,0
1774386497787,515,3 - Comprar Passagem,200,OK,Teste de Carga - 250 usuarios 1-108,text,true,,6719,420,200,200,https://www.blazedemo.com/purchase.php,504,0,0
1774386497736,569,2 - Escolher Voo,200,OK,Teste de Carga - 250 usuarios 1-131,text,true,,7381,250,200,200,https://www.blazedemo.com/reserve.php,549,0,0
1774386497338,971,1 - Acessar Home,200,OK,Teste de Carga - 250 usuarios 1-81,text,true,,4757,120,200,200,https://www.blazedemo.com/,959,0,0
1774386497989,325,2 - Escolher Voo,200,OK,Teste de Carga - 250 usuarios 1-174,text,true,,7381,250,200,200,https://www.blazedemo.com/reserve.php,305,0,0
1774386497318,1000,3 - Comprar Passagem,200,OK,Teste de Carga - 250 usuarios 1-146,text,true,,6719,420,200,200,https://www.blazedemo.com/purchase.php,984,0,0
1774386497942,377,2 - Escolher Voo,200,OK,Teste de Carga - 250 usuarios 1-114,text,true,,7381,250,200,200,https://www.blazedemo.com/reserve.php,357,0,0
1774386497802,532,1 - Acessar Home,200,OK,Teste de Carga - 250 usuarios 1-45,text,true,,4757,120,201,201,https://www.blazedemo.com/,520,0,0
1774386497302,1041,1 - Acessar Home,200,OK,Teste de Carga - 250 usuarios 1-31,text,true,,4757,120,201,201,https://www.blazedemo.com/,1028,0,0
1774386497805,538,1 - Acessar Home,200,OK,Teste de Carga - 250 usuarios 1-39,text,true,,4757,120,201,201,https://www.blazedemo.com/,531,0,0
1774386497250,1094,3 - Comprar Passagem,200,OK,Teste de Carga - 250 usuarios 1-137,text,true,,6719,420,201,201,https://www.blazedemo.com/purchase.php,1082,0,0
1774386497361,990,3 - Comprar Passagem,200,OK,Teste de Carga - 250 usuarios 1-107,text,true,,6719,420,201,201,https://www.blazedemo.com/purchase.php,977,0,0
1774386497836,515,2 - Escolher Voo,200,OK,Teste de Carga - 250 usuarios 1-72,text,true,,7381,250,201,201,https://www.blazedemo.com/reserve.php,499,0,0
1774386497692,663,2 - Escolher Voo,200,OK,Teste de Carga - 250 usuarios 1-44,text,true,,7381,250,201,201,https://www.blazedemo.com/reserve.php,644,0,0
1774386496918,1444,1 - Acessar Home,200,OK,Teste de Carga - 250 usuarios 1-47,text,true,,4757,120,202,202,https://www.blazedemo.com/,1434,0,0
1774386497762,602,1 - Acessar Home,200,OK,Teste de Carga - 250 usuarios 1-119,text,true,,4757,120,202,202,https://www.blazedemo.com/,590,0,0
1774386497950,429,3 - Comprar Passagem,200,OK,Teste de Carga - 250 usuarios 1-141,text,true,,6719,420,202,202,https://www.blazedemo.com/purchase.php,417,0,0
1774386497834,547,2 - Escolher Voo,200,OK,Teste de Carga - 250 usuarios 1-98,text,true,,7381,250,202,202,https://www.blazedemo.com/reserve.php,526,0,0
1774386498110,272,3 - Comprar Passagem,200,OK,Teste de Carga - 250 usuarios 1-175,text,true,,6719,420,202,202,https://www.blazedemo.com/purchase.php,260,0,0
1774386497345,1045,2 - Escolher Voo,200,OK,Teste de Carga - 250 usuarios 1-106,text,true,,7381,250,202,202,https://www.blazedemo.com/reserve.php,1029,0,0
1774386496600,1792,1 - Acessar Home,200,OK,Teste de Carga - 250 usuarios 1-15,text,true,,4757,120,202,202,https://www.blazedemo.com/,1781,0,0
1774386497028,1366,2 - Escolher Voo,200,OK,Teste de Carga - 250 usuarios 1-95,text,true,,7381,250,202,202,https://www.blazedemo.com/reserve.php,1349,0,0
1774386498159,235,1 - Acessar Home,200,OK,Teste de Carga - 250 usuarios 1-128,text,true,,4757,120,202,202,https://www.blazedemo.com/,224,0,0
1774386498126,271,2 - Escolher Voo,200,OK,Teste de Carga - 250 usuarios 1-25,text,true,,7381,250,202,202,https://www.blazedemo.com/reserve.php,250,0,0
1774386496907,1491,2 - Escolher Voo,200,OK,Teste de Carga - 250 usuarios 1-11,text,true,,7381,250,202,202,https://www.blazedemo.com/reserve.php,1471,0,0
1774386498092,312,1 - Acessar Home,200,OK,Teste de Carga - 250 usuarios 1-3,text,true,,4757,120,203,203,https://www.blazedemo.com/,300,0,0
1774386497820,593,2 - Escolher Voo,200,OK,Teste de Carga - 250 usuarios 1-40,text,true,,7381,250,203,203,https://www.blazedemo.com/reserve.php,577,0,0
1774386497465,954,2 - Escolher Voo,200,OK,Teste de Carga - 250 usuarios 1-160,text,true,,7381,250,203,203,https://www.blazedemo.com/reserve.php,933,0,0
1774386497849,578,1 - Acessar Home,200,OK,Teste de Carga - 250 usuarios 1-133,text,true,,4757,120,203,203,https://www.blazedemo.com/,567,0,0
1774386497978,450,2 - Escolher Voo,200,OK,Teste de Carga - 250 usuarios 1-89,text,true,,7381,250,203,203,https://www.blazedemo.com/reserve.php,428,0,0
1774386497645,783,1 - Acessar Home,200,OK,Teste de Carga - 250 usuarios 1-184,text,true,,4757,120,203,203,https://www.blazedemo.com/,771,0,128
1774386498124,309,1 - Acessar Home,200,OK,Teste de Carga - 250 usuarios 1-82,text,true,,4757,120,203,203,https://www.blazedemo.com/,295,0,0
1774386497280,1167,2 - Escolher Voo,200,OK,Teste de Carga - 250 usuarios 1-53,text,true,,7381,250,204,204,https://www.blazedemo.com/reserve.php,1147,0,0
1774386498110,341,3 - Comprar Passagem,200,OK,Teste de Carga - 250 usuarios 1-29,text,true,,6719,420,204,204,https://www.blazedemo.com/purchase.php,333,0,0
1774386498100,367,3 - Comprar Passagem,200,OK,Teste de Carga - 250 usuarios 1-56,text,true,,6719,420,204,204,https://www.blazedemo.com/purchase.php,353,0,0
1774386498049,419,1 - Acessar Home,200,OK,Teste de Carga - 250 usuarios 1-151,text,true,,4757,120,204,204,https://www.blazedemo.com/,407,0,0
1774386497555,925,2 - Escolher Voo,200,OK,Teste de Carga - 250 usuarios 1-142,text,true,,7381,250,204,204,https://www.blazedemo.com/reserve.php,904,0,0
1774386497580,900,1 - Acessar Home,200,OK,Teste de Carga - 250 usuarios 1-102,text,true,,4757,120,204,204,https://www.blazedemo.com/,888,0,0
1774386497410,1071,3 - Comprar Passagem,200,OK,Teste de Carga - 250 usuarios 1-66,text,true,,6719,420,204,204,https://www.blazedemo.com/purchase.php,1058,0,0
1774386498190,299,1 - Acessar Home,200,OK,Teste de Carga - 250 usuarios 1-78,text,true,,4757,120,204,204,https://www.blazedemo.com/,287,0,0
1774386496563,1930,1 - Acessar Home,200,OK,Teste de Carga - 250 usuarios 1-157,text,true,,4757,120,205,205,https://www.blazedemo.com/,1919,0,132
1774386497069,1440,3 - Comprar Passagem,200,OK,Teste de Carga - 250 usuarios 1-68,text,true,,6719,420,205,205,https://www.blazedemo.com/purchase.php,1428,0,0
1774386498112,405,2 - Escolher Voo,200,OK,Teste de Carga - 250 usuarios 1-171,text,true,,7381,250,205,205,https://www.blazedemo.com/reserve.php,385,0,0
1774386498098,421,1 - Acessar Home,200,OK,Teste de Carga - 250 usuarios 1-32,text,true,,4757,120,205,205,https://www.blazedemo.com/,410,0,0
1774386496727,1795,1 - Acessar Home,200,OK,Teste de Carga - 250 usuarios 1-46,text,true,,4757,120,205,205,https://www.blazedemo.com/,1784,0,0
1774386497897,629,3 - Comprar Passagem,200,OK,Teste de Carga - 250 usuarios 1-43,text,true,,6719,420,206,206,https://www.blazedemo.com/purchase.php,617,0,0
1774386498002,525,1 - Acessar Home,200,OK,Teste de Carga - 250 usuarios 1-1,text,true,,4757,120,206,206,https://www.blazedemo.com/,513,0,0
1774386498209,320,3 - Comprar Passagem,200,OK,Teste de Carga - 250 usuarios 1-177,text,true,,6719,420,206,206,https://www.blazedemo.com/purchase.php,308,0,0
1774386498152,391,3 - Comprar Passagem,200,OK,Teste de Carga - 250 usuarios 1-42,text,true,,6719,420,206,206,https://www.blazedemo.com/purchase.php,378,0,0
1774386496993,1550,3 - Comprar Passagem,200,OK,Teste de Carga - 250 usuarios 1-6,text,true,,6719,420,206,206,https://www.blazedemo.com/purchase.php,1540,0,0
1774386498226,319,3 - Comprar Passagem,200,OK,Teste de Carga - 250 usuarios 1-111,text,true,,6719,420,206,206,https://www.blazedemo.com/purchase.php,303,0,0
1774386498119,428,2 - Escolher Voo,200,OK,Teste de Carga - 250 usuarios 1-164,text,true,,7381,250,206,206,https://www.blazedemo.com/reserve.php,409,0,0
1774386497285,1264,1 - Acessar Home,200,OK,Teste de Carga - 250 usuarios 1-90,text,true,,4757,120,206,206,https://www.blazedemo.com/,1248,0,0
1774386498226,325,2 - Escolher Voo,200,OK,Teste de Carga - 250 usuarios 1-67,text,true,,7381,250,206,206,https://www.blazedemo.com/reserve.php,307,0,0
1774386498231,321,3 - Comprar Passagem,200,OK,Teste de Carga - 250 usuarios 1-71,text,true,,6719,420,206,206,https://www.blazedemo.com/purchase.php,309,0,0
1774386497837,723,2 - Escolher Voo,200,OK,Teste de Carga - 250 usuarios 1-21,text,true,,7381,250,206,206,https://www.blazedemo.com/reserve.php,702,0,0
1774386497203,1363,1 - Acessar Home,200,OK,Teste de Carga - 250 usuarios 1-173,text,true,,4757,120,207,207,https://www.blazedemo.com/,1351,0,127
1774386498254,320,1 - Acessar Home,200,OK,Teste de Carga - 250 usuarios 1-127,text,true,,4757,120,207,207,https://www.blazedemo.com/,308,0,0
1774386498089,486,2 - Escolher Voo,200,OK,Teste de Carga - 250 usuarios 1-8,text,true,,7381,250,207,207,https://www.blazedemo.com/reserve.php,466,0,0
1774386497042,1540,3 - Comprar Passagem,200,OK,Teste de Carga - 250 usuarios 1-113,text,true,,6719,420,207,207,https://www.blazedemo.com/purchase.php,1528,0,0
1774386497683,910,1 - Acessar Home,200,OK,Teste de Carga - 250 usuarios 1-185,text,true,,4757,120,207,207,https://www.blazedemo.com/,899,0,128
1774386497882,713,1 - Acessar Home,200,OK,Teste de Carga - 250 usuarios 1-190,text,true,,4757,120,207,207,https://www.blazedemo.com/,699,0,133
1774386497736,860,3 - Comprar Passagem,200,OK,Teste de Carga - 250 usuarios 1-149,text,true,,6719,420,207,207,https://www.blazedemo.com/purchase.php,849,0,0
1774386497723,873,1 - Acessar Home,200,OK,Teste de Carga - 250 usuarios 1-186,text,true,,4757,120,207,207,https://www.blazedemo.com/,861,0,136
1774386498083,517,1 - Acessar Home,200,OK,Teste de Carga - 250 usuarios 1-195,text,true,,4757,120,207,207,https://www.blazedemo.com/,505,0,131
1774386497497,1109,1 - Acessar Home,200,OK,Teste de Carga - 250 usuarios 1-51,text,true,,4757,120,208,208,https://www.blazedemo.com/,1096,0,0
1774386498237,369,1 - Acessar Home,200,OK,Teste de Carga - 250 usuarios 1-138,text,true,,4757,120,208,208,https://www.blazedemo.com/,356,0,0
1774386498247,366,3 - Comprar Passagem,200,OK,Teste de Carga - 250 usuarios 1-139,text,true,,6719,420,208,208,https://www.blazedemo.com/purchase.php,354,0,0
1774386496819,1801,3 - Comprar Passagem,200,OK,Teste de Carga - 250 usuarios 1-121,text,true,,6719,420,208,208,https://www.blazedemo.com/purchase.php,1790,0,0
1774386498226,399,1 - Acessar Home,200,OK,Teste de Carga - 250 usuarios 1-99,text,true,,4757,120,208,208,https://www.blazedemo.com/,387,0,0
1774386497034,1593,1 - Acessar Home,200,OK,Teste de Carga - 250 usuarios 1-64,text,true,,4757,120,208,208,https://www.blazedemo.com/,1581,0,0
1774386498250,380,1 - Acessar Home,200,OK,Teste de Carga - 250 usuarios 1-156,text,true,,4757,120,208,208,https://www.blazedemo.com/,366,0,0
1774386498242,397,1 - Acessar Home,200,OK,Teste de Carga - 250 usuarios 1-23,text,true,,4757,120,208,208,https://www.blazedemo.com/,385,0,0
1774386498230,411,3 - Comprar Passagem,200,OK,Teste de Carga - 250 usuarios 1-166,text,true,,6719,420,208,208,https://www.blazedemo.com/purchase.php,399,0,0
1774386497841,801,2 - Escolher Voo,200,OK,Teste de Carga - 250 usuarios 1-24,text,true,,7381,250,209,209,https://www.blazedemo.com/reserve.php,781,0,0
1774386497745,902,1 - Acessar Home,200,OK,Teste de Carga - 250 usuarios 1-91,text,true,,4757,120,209,209,https://www.blazedemo.com/,892,0,0
1774386496814,1837,3 - Comprar Passagem,200,OK,Teste de Carga - 250 usuarios 1-135,text,true,,6719,420,209,209,https://www.blazedemo.com/purchase.php,1825,0,0
1774386498184,474,3 - Comprar Passagem,200,OK,Teste de Carga - 250 usuarios 1-148,text,true,,6719,420,209,209,https://www.blazedemo.com/purchase.php,462,0,0
1774386498279,381,2 - Escolher Voo,200,OK,Teste de Carga - 250 usuarios 1-129,text,true,,7381,250,209,209,https://www.blazedemo.com/reserve.php,370,0,0
1774386497889,778,3 - Comprar Passagem,200,OK,Teste de Carga - 250 usuarios 1-62,text,true,,6719,420,209,209,https://www.blazedemo.com/purchase.php,765,0,0
1774386497854,814,2 - Escolher Voo,200,OK,Teste de Carga - 250 usuarios 1-4,text,true,,7381,250,209,209,https://www.blazedemo.com/reserve.php,795,0,0
1774386497044,1626,1 - Acessar Home,200,OK,Teste de Carga - 250 usuarios 1-169,text,true,,4757,120,209,209,https://www.blazedemo.com/,1615,0,130
1774386498343,337,2 - Escolher Voo,200,OK,Teste de Carga - 250 usuarios 1-31,text,true,,7381,250,209,209,https://www.blazedemo.com/reserve.php,317,0,0
1774386498046,635,1 - Acessar Home,200,OK,Teste de Carga - 250 usuarios 1-100,text,true,,4757,120,209,209,https://www.blazedemo.com/,623,0,0
1774386498119,569,2 - Escolher Voo,200,OK,Teste de Carga - 250 usuarios 1-20,text,true,,7381,250,210,210,https://www.blazedemo.com/reserve.php,552,0,0
1774386497529,1166,3 - Comprar Passagem,200,OK,Teste de Carga - 250 usuarios 1-136,text,true,,6719,420,210,210,https://www.blazedemo.com/purchase.php,1155,0,0
1774386497762,935,1 - Acessar Home,200,OK,Teste de Carga - 250 usuarios 1-187,text,true,,4757,120,210,210,https://www.blazedemo.com/,924,0,129
1774386497344,1354,2 - Escolher Voo,200,OK,Teste de Carga - 250 usuarios 1-144,text,true,,7381,250,210,210,https://www.blazedemo.com/reserve.php,1333,0,0
1774386497876,824,1 - Acessar Home,200,OK,Teste de Carga - 250 usuarios 1-9,text,true,,4757,120,210,210,https://www.blazedemo.com/,814,0,0
1774386498285,417,1 - Acessar Home,200,OK,Teste de Carga - 250 usuarios 1-28,text,true,,4757,120,210,210,https://www.blazedemo.com/,405,0,0
1774386497724,979,2 - Escolher Voo,200,OK,Teste de Carga - 250 usuarios 1-126,text,true,,7381,250,210,210,https://www.blazedemo.com/reserve.php,959,0,0
1774386498122,584,1 - Acessar Home,200,OK,Teste de Carga - 250 usuarios 1-196,text,true,,4757,120,210,210,https://www.blazedemo.com/,573,0,129
1774386498314,394,3 - Comprar Passagem,200,OK,Teste de Carga - 250 usuarios 1-174,text,true,,6719,420,210,210,https://www.blazedemo.com/purchase.php,381,0,0
1774386497372,1338,3 - Comprar Passagem,200,OK,Teste de Carga - 250 usuarios 1-158,text,true,,6719,420,210,210,https://www.blazedemo.com/purchase.php,1327,0,0
1774386498195,522,2 - Escolher Voo,200,OK,Teste de Carga - 250 usuarios 1-79,text,true,,7381,250,210,210,https://www.blazedemo.com/reserve.php,502,0,0
1774386498298,426,1 - Acessar Home,200,OK,Teste de Carga - 250 usuarios 1-140,text,true,,4757,120,210,210,https://www.blazedemo.com/,414,0,0
1774386498273,458,3 - Comprar Passagem,200,OK,Teste de Carga - 250 usuarios 1-155,text,true,,6719,420,211,211,https://www.blazedemo.com/purchase.php,444,0,0
1774386498283,451,1 - Acessar Home,200,OK,Teste de Carga - 250 usuarios 1-200,text,true,,4757,120,211,211,https://www.blazedemo.com/,438,0,128
1774386497053,1682,2 - Escolher Voo,200,OK,Teste de Carga - 250 usuarios 1-83,text,true,,7381,250,211,211,https://www.blazedemo.com/reserve.php,1661,0,0
1774386497895,841,1 - Acessar Home,200,OK,Teste de Carga - 250 usuarios 1-152,text,true,,4757,120,211,211,https://www.blazedemo.com/,829,0,0
1774386498481,259,1 - Acessar Home,200,OK,Teste de Carga - 250 usuarios 1-66,text,true,,4757,120,211,211,https://www.blazedemo.com/,247,0,0
1774386498480,260,3 - Comprar Passagem,200,OK,Teste de Carga - 250 usuarios 1-142,text,true,,6719,420,211,211,https://www.blazedemo.com/purchase.php,248,0,0
1774386498031,714,1 - Acessar Home,200,OK,Teste de Carga - 250 usuarios 1-22,text,true,,4757,120,211,211,https://www.blazedemo.com/,700,0,0
1774386498053,703,1 - Acessar Home,200,OK,Teste de Carga - 250 usuarios 1-57,text,true,,4757,120,211,211,https://www.blazedemo.com/,689,0,0
1774386497174,1591,3 - Comprar Passagem,200,OK,Teste de Carga - 250 usuarios 1-16,text,true,,6719,420,212,212,https://www.blazedemo.com/purchase.php,1580,0,0
1774386498344,425,1 - Acessar Home,200,OK,Teste de Carga - 250 usuarios 1-137,text,true,,4757,120,212,212,https://www.blazedemo.com/,414,0,0
1774386497776,998,3 - Comprar Passagem,200,OK,Teste de Carga - 250 usuarios 1-84,text,true,,6719,420,212,212,https://www.blazedemo.com/purchase.php,986,0,0
1774386498428,358,2 - Escolher Voo,200,OK,Teste de Carga - 250 usuarios 1-184,text,true,,7381,250,212,212,https://www.blazedemo.com/reserve.php,340,0,0
1774386497638,1151,3 - Comprar Passagem,200,OK,Teste de Carga - 250 usuarios 1-12,text,true,,6719,420,212,212,https://www.blazedemo.com/purchase.php,1139,0,0
1774386498522,278,2 - Escolher Voo,200,OK,Teste de Carga - 250 usuarios 1-46,text,true,,7381,250,212,212,https://www.blazedemo.com/reserve.php,258,0,0
1774386498068,735,2 - Escolher Voo,200,OK,Teste de Carga - 250 usuarios 1-5,text,true,,7381,250,212,212,https://www.blazedemo.com/reserve.php,716,0,0
1774386498530,278,1 - Acessar Home,200,OK,Teste de Carga - 250 usuarios 1-177,text,true,,4757,120,213,213,https://www.blazedemo.com/,266,0,0
1774386498427,391,2 - Escolher Voo,200,OK,Teste de Carga - 250 usuarios 1-133,text,true,,7381,250,213,213,https://www.blazedemo.com/reserve.php,371,0,0
1774386498551,276,3 - Comprar Passagem,200,OK,Teste de Carga - 250 usuarios 1-67,text,true,,6719,420,213,213,https://www.blazedemo.com/purchase.php,263,0,0
1774386497069,1758,3 - Comprar Passagem,200,OK,Teste de Carga - 250 usuarios 1-76,text,true,,6719,420,213,213,https://www.blazedemo.com/purchase.php,1741,0,0
1774386498257,573,1 - Acessar Home,200,OK,Teste de Carga - 250 usuarios 1-159,text,true,,4757,120,213,213,https://www.blazedemo.com/,562,0,0
1774386498467,366,1 - Acessar Home,200,OK,Teste de Carga - 250 usuarios 1-56,text,true,,4757,120,213,213,https://www.blazedemo.com/,353,0,0
1774386498363,496,2 - Escolher Voo,200,OK,Teste de Carga - 250 usuarios 1-47,text,true,,7381,250,214,214,https://www.blazedemo.com/reserve.php,478,0,0
1774386498146,725,2 - Escolher Voo,200,OK,Teste de Carga - 250 usuarios 1-70,text,true,,7381,250,214,214,https://www.blazedemo.com/reserve.php,704,0,0
1774386498382,489,1 - Acessar Home,200,OK,Teste de Carga - 250 usuarios 1-175,text,true,,4757,120,214,214,https://www.blazedemo.com/,478,0,0
1774386497780,1099,1 - Acessar Home,200,OK,Teste de Carga - 250 usuarios 1-145,text,true,,4757,120,214,214,https://www.blazedemo.com/,1087,0,0
1774386498621,271,1 - Acessar Home,200,OK,Teste de Carga - 250 usuarios 1-121,text,true,,4757,120,215,215,https://www.blazedemo.com/,257,0,0
1774386498142,755,2 - Escolher Voo,200,OK,Teste de Carga - 250 usuarios 1-35,text,true,,7381,250,215,215,https://www.blazedemo.com/reserve.php,734,0,0
1774386498186,715,1 - Acessar Home,200,OK,Teste de Carga - 250 usuarios 1-65,text,true,,4757,120,215,215,https://www.blazedemo.com/,703,0,0
1774386497083,1823,1 - Acessar Home,200,OK,Teste de Carga - 250 usuarios 1-170,text,true,,4757,120,215,215,https://www.blazedemo.com/,1812,0,129
1774386498613,296,1 - Acessar Home,200,OK,Teste de Carga - 250 usuarios 1-139,text,true,,4757,120,215,215,https://www.blazedemo.com/,285,0,0
1774386498175,736,3 - Comprar Passagem,200,OK,Teste de Carga - 250 usuarios 1-153,text,true,,6719,420,215,215,https://www.blazedemo.com/purchase.php,722,0,0
1774386498489,423,2 - Escolher Voo,200,OK,Teste de Carga - 250 usuarios 1-78,text,true,,7381,250,215,215,https://www.blazedemo.com/reserve.php,403,0,0
1774386497180,1732,1 - Acessar Home,200,OK,Teste de Carga - 250 usuarios 1-18,text,true,,4757,120,215,215,https://www.blazedemo.com/,1721,0,0
1774386498574,343,2 - Escolher Voo,200,OK,Teste de Carga - 250 usuarios 1-127,text,true,,7381,250,215,215,https://www.blazedemo.com/reserve.php,323,0,0
1774386498509,409,1 - Acessar Home,200,OK,Teste de Carga - 250 usuarios 1-68,text,true,,4757,120,215,215,https://www.blazedemo.com/,397,0,0
1774386497854,1068,1 - Acessar Home,200,OK,Teste de Carga - 250 usuarios 1-154,text,true,,4757,120,216,216,https://www.blazedemo.com/,1056,0,0
1774386498626,314,2 - Escolher Voo,200,OK,Teste de Carga - 250 usuarios 1-99,text,true,,7381,250,216,216,https://www.blazedemo.com/reserve.php,293,0,0
1774386497461,1486,1 - Acessar Home,200,OK,Teste de Carga - 250 usuarios 1-147,text,true,,4757,120,216,216,https://www.blazedemo.com/,1474,0,0
1774386498660,302,3 - Comprar Passagem,200,OK,Teste de Carga - 250 usuarios 1-129,text,true,,6719,420,217,217,https://www.blazedemo.com/purchase.php,291,0,0
1774386498641,321,1 - Acessar Home,200,OK,Teste de Carga - 250 usuarios 1-166,text,true,,4757,120,217,217,https://www.blazedemo.com/,311,0,0
1774386498402,571,1 - Acessar Home,200,OK,Teste de Carga - 250 usuarios 1-203,text,true,,4757,120,217,217,https://www.blazedemo.com/,560,0,221
1774386498237,740,3 - Comprar Passagem,200,OK,Teste de Carga - 250 usuarios 1-75,text,true,,6719,420,217,217,https://www.blazedemo.com/purchase.php,728,0,0
1774386497794,1188,3 - Comprar Passagem,200,OK,Teste de Carga - 250 usuarios 1-74,text,true,,6719,420,217,217,https://www.blazedemo.com/purchase.php,1178,0,0
1774386498528,458,2 - Escolher Voo,200,OK,Teste de Carga - 250 usuarios 1-1,text,true,,7381,250,217,217,https://www.blazedemo.com/reserve.php,440,0,0
1774386497533,1455,1 - Acessar Home,200,OK,Teste de Carga - 250 usuarios 1-86,text,true,,4757,120,217,217,https://www.blazedemo.com/,1443,0,0
1774386497309,1682,1 - Acessar Home,200,OK,Teste de Carga - 250 usuarios 1-97,text,true,,4757,120,217,217,https://www.blazedemo.com/,1669,0,0
1774386498627,365,2 - Escolher Voo,200,OK,Teste de Carga - 250 usuarios 1-64,text,true,,7381,250,217,217,https://www.blazedemo.com/reserve.php,345,0,0
1774386498447,547,3 - Comprar Passagem,200,OK,Teste de Carga - 250 usuarios 1-53,text,true,,6719,420,217,217,https://www.blazedemo.com/purchase.php,535,0,0
1774386498703,298,3 - Comprar Passagem,200,OK,Teste de Carga - 250 usuarios 1-126,text,true,,6719,420,217,217,https://www.blazedemo.com/purchase.php,283,0,0
1774386498547,456,3 - Comprar Passagem,200,OK,Teste de Carga - 250 usuarios 1-164,text,true,,6719,420,218,218,https://www.blazedemo.com/purchase.php,444,0,0
1774386497876,1136,2 - Escolher Voo,200,OK,Teste de Carga - 250 usuarios 1-179,text,true,,7381,250,218,218,https://www.blazedemo.com/reserve.php,1118,0,0
1774386498582,435,1 - Acessar Home,200,OK,Teste de Carga - 250 usuarios 1-113,text,true,,4757,120,218,218,https://www.blazedemo.com/,422,0,0
1774386498688,330,3 - Comprar Passagem,200,OK,Teste de Carga - 250 usuarios 1-20,text,true,,6719,420,218,218,https://www.blazedemo.com/purchase.php,318,0,0
1774386498668,352,3 - Comprar Passagem,200,OK,Teste de Carga - 250 usuarios 1-4,text,true,,6719,420,218,218,https://www.blazedemo.com/purchase.php,339,0,0
1774386498216,809,3 - Comprar Passagem,200,OK,Teste de Carga - 250 usuarios 1-134,text,true,,6719,420,218,218,https://www.blazedemo.com/purchase.php,798,0,0
1774386498230,803,2 - Escolher Voo,200,OK,Teste de Carga - 250 usuarios 1-172,text,true,,7381,250,218,218,https://www.blazedemo.com/reserve.php,783,0,0
1774386498724,310,2 - Escolher Voo,200,OK,Teste de Carga - 250 usuarios 1-140,text,true,,7381,250,218,218,https://www.blazedemo.com/reserve.php,290,0,0
1774386497579,1464,3 - Comprar Passagem,200,OK,Teste de Carga - 250 usuarios 1-63,text,true,,6719,420,219,219,https://www.blazedemo.com/purchase.php,1452,0,0
1774386498318,741,1 - Acessar Home,200,OK,Teste de Carga - 250 usuarios 1-146,text,true,,4757,120,219,219,https://www.blazedemo.com/,729,0,0
1774386498309,756,2 - Escolher Voo,200,OK,Teste de Carga - 250 usuarios 1-81,text,true,,7381,250,219,219,https://www.blazedemo.com/reserve.php,733,0,0
1774386498706,378,2 - Escolher Voo,200,OK,Teste de Carga - 250 usuarios 1-196,text,true,,7381,250,220,220,https://www.blazedemo.com/reserve.php,357,0,0
1774386498602,486,1 - Acessar Home,200,OK,Teste de Carga - 250 usuarios 1-208,text,true,,4757,120,220,220,https://www.blazedemo.com/,476,0,132
1774386498808,290,2 - Escolher Voo,200,OK,Teste de Carga - 250 usuarios 1-177,text,true,,7381,250,220,220,https://www.blazedemo.com/reserve.php,275,0,0
1774386497414,1689,3 - Comprar Passagem,200,OK,Teste de Carga - 250 usuarios 1-54,text,true,,6719,420,220,220,https://www.blazedemo.com/purchase.php,1677,0,0
1774386498163,950,1 - Acessar Home,200,OK,Teste de Carga - 250 usuarios 1-197,text,true,,4757,120,220,220,https://www.blazedemo.com/,939,0,129
1774386497630,1486,1 - Acessar Home,200,OK,Teste de Carga - 250 usuarios 1-33,text,true,,4757,120,220,220,https://www.blazedemo.com/,1474,0,0
1774386498242,874,1 - Acessar Home,200,OK,Teste de Carga - 250 usuarios 1-199,text,true,,4757,120,220,220,https://www.blazedemo.com/,863,0,129
1774386498734,384,2 - Escolher Voo,200,OK,Teste de Carga - 250 usuarios 1-200,text,true,,7381,250,220,220,https://www.blazedemo.com/reserve.php,364,0,0
1774386498827,297,1 - Acessar Home,200,OK,Teste de Carga - 250 usuarios 1-76,text,true,,4757,120,221,221,https://www.blazedemo.com/,285,0,0
1774386498600,525,2 - Escolher Voo,200,OK,Teste de Carga - 250 usuarios 1-195,text,true,,7381,250,221,221,https://www.blazedemo.com/reserve.php,505,0,0
1774386498726,407,1 - Acessar Home,200,OK,Teste de Carga - 250 usuarios 1-211,text,true,,4757,120,221,221,https://www.blazedemo.com/,396,0,136
1774386498670,463,2 - Escolher Voo,200,OK,Teste de Carga - 250 usuarios 1-169,text,true,,7381,250,221,221,https://www.blazedemo.com/reserve.php,443,0,0
1774386497863,1271,2 - Escolher Voo,200,OK,Teste de Carga - 250 usuarios 1-26,text,true,,7381,250,221,221,https://www.blazedemo.com/reserve.php,1250,0,0
1774386498786,349,3 - Comprar Passagem,200,OK,Teste de Carga - 250 usuarios 1-184,text,true,,6719,420,221,221,https://www.blazedemo.com/purchase.php,337,0,0
1774386498695,451,1 - Acessar Home,200,OK,Teste de Carga - 250 usuarios 1-136,text,true,,4757,120,221,221,https://www.blazedemo.com/,440,0,0
1774386498428,722,3 - Comprar Passagem,200,OK,Teste de Carga - 250 usuarios 1-89,text,true,,6719,420,221,221,https://www.blazedemo.com/purchase.php,709,0,0
1774386498352,803,3 - Comprar Passagem,200,OK,Teste de Carga - 250 usuarios 1-72,text,true,,6719,420,221,221,https://www.blazedemo.com/purchase.php,788,0,0
1774386498804,357,3 - Comprar Passagem,200,OK,Teste de Carga - 250 usuarios 1-5,text,true,,6719,420,221,221,https://www.blazedemo.com/purchase.php,342,0,0
1774386498879,284,2 - Escolher Voo,200,OK,Teste de Carga - 250 usuarios 1-145,text,true,,7381,250,222,222,https://www.blazedemo.com/reserve.php,263,0,0
1774386497416,1749,1 - Acessar Home,200,OK,Teste de Carga - 250 usuarios 1-105,text,true,,4757,120,222,222,https://www.blazedemo.com/,1737,0,0
1774386498468,700,2 - Escolher Voo,200,OK,Teste de Carga - 250 usuarios 1-151,text,true,,7381,250,222,222,https://www.blazedemo.com/reserve.php,680,0,0
1774386497617,1566,1 - Acessar Home,200,OK,Teste de Carga - 250 usuarios 1-124,text,true,,4757,120,222,222,https://www.blazedemo.com/,1554,0,0
1774386498911,281,1 - Acessar Home,200,OK,Teste de Carga - 250 usuarios 1-153,text,true,,4757,120,222,222,https://www.blazedemo.com/,269,0,0
1774386498818,378,3 - Comprar Passagem,200,OK,Teste de Carga - 250 usuarios 1-133,text,true,,6719,420,222,222,https://www.blazedemo.com/purchase.php,363,0,0
1774386498394,807,2 - Escolher Voo,200,OK,Teste de Carga - 250 usuarios 1-128,text,true,,7381,250,222,222,https://www.blazedemo.com/reserve.php,786,0,0
1774386498827,378,1 - Acessar Home,200,OK,Teste de Carga - 250 usuarios 1-67,text,true,,4757,120,223,223,https://www.blazedemo.com/,363,0,0
1774386498683,536,1 - Acessar Home,200,OK,Teste de Carga - 250 usuarios 1-210,text,true,,4757,120,223,223,https://www.blazedemo.com/,524,0,133
1774386498390,831,3 - Comprar Passagem,200,OK,Teste de Carga - 250 usuarios 1-106,text,true,,6719,420,223,223,https://www.blazedemo.com/purchase.php,818,0,0
1774386497963,1258,3 - Comprar Passagem,200,OK,Teste de Carga - 250 usuarios 1-112,text,true,,6719,420,223,223,https://www.blazedemo.com/purchase.php,1245,0,0
1774386498830,400,2 - Escolher Voo,200,OK,Teste de Carga - 250 usuarios 1-159,text,true,,7381,250,223,223,https://www.blazedemo.com/reserve.php,379,0,0
1774386498379,871,1 - Acessar Home,200,OK,Teste de Carga - 250 usuarios 1-141,text,true,,4757,120,224,224,https://www.blazedemo.com/,859,0,0
1774386498978,273,1 - Acessar Home,200,OK,Teste de Carga - 250 usuarios 1-75,text,true,,4757,120,224,224,https://www.blazedemo.com/,260,0,0
1774386498962,289,1 - Acessar Home,200,OK,Teste de Carga - 250 usuarios 1-129,text,true,,4757,120,224,224,https://www.blazedemo.com/,276,0,0
1774386497506,1747,1 - Acessar Home,200,OK,Teste de Carga - 250 usuarios 1-50,text,true,,4757,120,224,224,https://www.blazedemo.com/,1735,0,0
1774386498701,553,2 - Escolher Voo,200,OK,Teste de Carga - 250 usuarios 1-9,text,true,,7381,250,224,224,https://www.blazedemo.com/reserve.php,532,0,0
1774386497971,1292,1 - Acessar Home,200,OK,Teste de Carga - 250 usuarios 1-7,text,true,,4757,120,224,224,https://www.blazedemo.com/,1280,0,0
1774386498643,627,1 - Acessar Home,200,OK,Teste de Carga - 250 usuarios 1-209,text,true,,4757,120,224,224,https://www.blazedemo.com/,613,0,131
1774386498362,909,1 - Acessar Home,200,OK,Teste de Carga - 250 usuarios 1-202,text,true,,4757,120,224,224,https://www.blazedemo.com/,896,0,132
1774386499033,239,3 - Comprar Passagem,200,OK,Teste de Carga - 250 usuarios 1-172,text,true,,6719,420,224,224,https://www.blazedemo.com/purchase.php,226,0,0
1774386498419,854,3 - Comprar Passagem,200,OK,Teste de Carga - 250 usuarios 1-160,text,true,,6719,420,224,224,https://www.blazedemo.com/purchase.php,843,0,0
1774386498036,1237,2 - Escolher Voo,200,OK,Teste de Carga - 250 usuarios 1-168,text,true,,7381,250,224,224,https://www.blazedemo.com/reserve.php,1215,0,0
1774386498543,731,1 - Acessar Home,200,OK,Teste de Carga - 250 usuarios 1-42,text,true,,4757,120,224,224,https://www.blazedemo.com/,721,0,0
1774386499020,254,1 - Acessar Home,200,OK,Teste de Carga - 250 usuarios 1-4,text,true,,4757,120,224,224,https://www.blazedemo.com/,242,0,0
1774386497427,1847,2 - Escolher Voo,200,OK,Teste de Carga - 250 usuarios 1-165,text,true,,7381,250,224,224,https://www.blazedemo.com/reserve.php,1827,0,0
1774386497559,1717,1 - Acessar Home,200,OK,Teste de Carga - 250 usuarios 1-34,text,true,,4757,120,224,224,https://www.blazedemo.com/,1705,0,0
1774386498859,428,3 - Comprar Passagem,200,OK,Teste de Carga - 250 usuarios 1-47,text,true,,6719,420,225,225,https://www.blazedemo.com/purchase.php,415,0,0
1774386498901,388,2 - Escolher Voo,200,OK,Teste de Carga - 250 usuarios 1-65,text,true,,7381,250,225,225,https://www.blazedemo.com/reserve.php,370,0,0
1774386498993,296,3 - Comprar Passagem,200,OK,Teste de Carga - 250 usuarios 1-64,text,true,,6719,420,225,225,https://www.blazedemo.com/purchase.php,283,0,0
1774386497641,1650,2 - Escolher Voo,200,OK,Teste de Carga - 250 usuarios 1-52,text,true,,7381,250,225,225,https://www.blazedemo.com/reserve.php,1629,0,0
1774386498892,406,2 - Escolher Voo,200,OK,Teste de Carga - 250 usuarios 1-121,text,true,,7381,250,225,225,https://www.blazedemo.com/reserve.php,386,0,0
1774386497570,1735,3 - Comprar Passagem,200,OK,Teste de Carga - 250 usuarios 1-36,text,true,,6719,420,225,225,https://www.blazedemo.com/purchase.php,1720,0,0
1774386498667,643,1 - Acessar Home,200,OK,Teste de Carga - 250 usuarios 1-62,text,true,,4757,120,225,225,https://www.blazedemo.com/,630,0,0
1774386499018,295,1 - Acessar Home,200,OK,Teste de Carga - 250 usuarios 1-20,text,true,,4757,120,225,225,https://www.blazedemo.com/,284,0,0
1774386498882,441,1 - Acessar Home,200,OK,Teste de Carga - 250 usuarios 1-215,text,true,,4757,120,226,226,https://www.blazedemo.com/,430,0,132
1774386498912,421,3 - Comprar Passagem,200,OK,Teste de Carga - 250 usuarios 1-78,text,true,,6719,420,226,226,https://www.blazedemo.com/purchase.php,409,0,0
1774386497655,1691,2 - Escolher Voo,200,OK,Teste de Carga - 250 usuarios 1-58,text,true,,7381,250,226,226,https://www.blazedemo.com/reserve.php,1678,0,0
1774386498003,1343,1 - Acessar Home,200,OK,Teste de Carga - 250 usuarios 1-193,text,true,,4757,120,226,226,https://www.blazedemo.com/,1328,0,133
1774386498774,572,1 - Acessar Home,200,OK,Teste de Carga - 250 usuarios 1-84,text,true,,4757,120,226,226,https://www.blazedemo.com/,560,0,0
1774386498049,1301,2 - Escolher Voo,200,OK,Teste de Carga - 250 usuarios 1-41,text,true,,7381,250,226,226,https://www.blazedemo.com/reserve.php,1281,0,0
1774386497511,1842,2 - Escolher Voo,200,OK,Teste de Carga - 250 usuarios 1-59,text,true,,7381,250,226,226,https://www.blazedemo.com/reserve.php,1822,0,0
1774386497564,1804,1 - Acessar Home,200,OK,Teste de Carga - 250 usuarios 1-182,text,true,,4757,120,227,227,https://www.blazedemo.com/,1792,0,130
1774386498912,458,2 - Escolher Voo,200,OK,Teste de Carga - 250 usuarios 1-18,text,true,,7381,250,227,227,https://www.blazedemo.com/reserve.php,438,0,0
1774386499113,268,2 - Escolher Voo,200,OK,Teste de Carga - 250 usuarios 1-197,text,true,,7381,250,227,227,https://www.blazedemo.com/reserve.php,248,0,0
1774386498906,477,2 - Escolher Voo,200,OK,Teste de Carga - 250 usuarios 1-170,text,true,,7381,250,227,227,https://www.blazedemo.com/reserve.php,456,0,0
1774386498917,468,3 - Comprar Passagem,200,OK,Teste de Carga - 250 usuarios 1-127,text,true,,6719,420,227,227,https://www.blazedemo.com/purchase.php,456,0,0
1774386498595,791,2 - Escolher Voo,200,OK,Teste de Carga - 250 usuarios 1-190,text,true,,7381,250,227,227,https://www.blazedemo.com/reserve.php,771,0,0
1774386498606,780,2 - Escolher Voo,200,OK,Teste de Carga - 250 usuarios 1-138,text,true,,7381,250,227,227,https://www.blazedemo.com/reserve.php,760,0,0
1774386497714,1680,1 - Acessar Home,200,OK,Teste de Carga - 250 usuarios 1-93,text,true,,4757,120,227,227,https://www.blazedemo.com/,1669,0,0
1774386499084,310,3 - Comprar Passagem,200,OK,Teste de Carga - 250 usuarios 1-196,text,true,,6719,420,227,227,https://www.blazedemo.com/purchase.php,299,0,0
1774386498765,634,1 - Acessar Home,200,OK,Teste de Carga - 250 usuarios 1-16,text,true,,4757,120,227,227,https://www.blazedemo.com/,623,0,0
1774386497497,1925,1 - Acessar Home,200,OK,Teste de Carga - 250 usuarios 1-101,text,true,,4757,120,228,228,https://www.blazedemo.com/,1914,0,0
1774386497632,1791,3 - Comprar Passagem,200,OK,Teste de Carga - 250 usuarios 1-109,text,true,,6719,420,228,228,https://www.blazedemo.com/purchase.php,1780,0,0
1774386498526,902,1 - Acessar Home,200,OK,Teste de Carga - 250 usuarios 1-43,text,true,,4757,120,228,228,https://www.blazedemo.com/,890,0,0
1774386499118,314,3 - Comprar Passagem,200,OK,Teste de Carga - 250 usuarios 1-200,text,true,,6719,420,228,228,https://www.blazedemo.com/purchase.php,301,0,0
1774386499125,310,3 - Comprar Passagem,200,OK,Teste de Carga - 250 usuarios 1-195,text,true,,6719,420,228,228,https://www.blazedemo.com/purchase.php,298,0,0
1774386499065,373,3 - Comprar Passagem,200,OK,Teste de Carga - 250 usuarios 1-81,text,true,,6719,420,228,228,https://www.blazedemo.com/purchase.php,361,0,0
1774386498918,520,2 - Escolher Voo,200,OK,Teste de Carga - 250 usuarios 1-68,text,true,,7381,250,228,228,https://www.blazedemo.com/reserve.php,500,0,0
1774386499043,400,1 - Acessar Home,200,OK,Teste de Carga - 250 usuarios 1-219,text,true,,4757,120,229,229,https://www.blazedemo.com/,389,0,130
1774386498049,1395,1 - Acessar Home,200,OK,Teste de Carga - 250 usuarios 1-13,text,true,,4757,120,229,229,https://www.blazedemo.com/,1384,0,0
1774386498043,1402,2 - Escolher Voo,200,OK,Teste de Carga - 250 usuarios 1-94,text,true,,7381,250,229,229,https://www.blazedemo.com/reserve.php,1382,0,0
1774386497699,1749,2 - Escolher Voo,200,OK,Teste de Carga - 250 usuarios 1-27,text,true,,7381,250,229,229,https://www.blazedemo.com/reserve.php,1728,0,0
1774386498172,1282,3 - Comprar Passagem,200,OK,Teste de Carga - 250 usuarios 1-116,text,true,,6719,420,229,229,https://www.blazedemo.com/purchase.php,1270,0,0
1774386497696,1771,1 - Acessar Home,200,OK,Teste de Carga - 250 usuarios 1-14,text,true,,4757,120,229,229,https://www.blazedemo.com/,1759,0,0
1774386498995,476,1 - Acessar Home,200,OK,Teste de Carga - 250 usuarios 1-53,text,true,,4757,120,229,229,https://www.blazedemo.com/,464,0,0
1774386497660,1816,3 - Comprar Passagem,200,OK,Teste de Carga - 250 usuarios 1-120,text,true,,6719,420,229,229,https://www.blazedemo.com/purchase.php,1805,0,0
1774386499083,394,1 - Acessar Home,200,OK,Teste de Carga - 250 usuarios 1-220,text,true,,4757,120,229,229,https://www.blazedemo.com/,380,0,130
1774386499103,379,1 - Acessar Home,200,OK,Teste de Carga - 250 usuarios 1-54,text,true,,4757,120,230,230,https://www.blazedemo.com/,369,0,0
1774386499221,265,1 - Acessar Home,200,OK,Teste de Carga - 250 usuarios 1-112,text,true,,4757,120,230,230,https://www.blazedemo.com/,252,0,0
1774386498698,800,3 - Comprar Passagem,200,OK,Teste de Carga - 250 usuarios 1-144,text,true,,6719,420,230,230,https://www.blazedemo.com/purchase.php,783,0,0
1774386499219,280,2 - Escolher Voo,200,OK,Teste de Carga - 250 usuarios 1-210,text,true,,7381,250,230,230,https://www.blazedemo.com/reserve.php,260,0,0
1774386498769,734,2 - Escolher Voo,200,OK,Teste de Carga - 250 usuarios 1-137,text,true,,7381,250,230,230,https://www.blazedemo.com/reserve.php,713,0,0
1774386497501,2004,2 - Escolher Voo,200,OK,Teste de Carga - 250 usuarios 1-161,text,true,,7381,250,230,230,https://www.blazedemo.com/reserve.php,1983,0,0
1774386498575,933,3 - Comprar Passagem,200,OK,Teste de Carga - 250 usuarios 1-8,text,true,,6719,420,230,230,https://www.blazedemo.com/purchase.php,920,0,0
1774386499272,236,1 - Acessar Home,200,OK,Teste de Carga - 250 usuarios 1-172,text,true,,4757,120,230,230,https://www.blazedemo.com/,224,0,0
1774386497520,1988,2 - Escolher Voo,200,OK,Teste de Carga - 250 usuarios 1-104,text,true,,7381,250,230,230,https://www.blazedemo.com/reserve.php,1974,0,0
1774386498737,773,2 - Escolher Voo,200,OK,Teste de Carga - 250 usuarios 1-152,text,true,,7381,250,230,230,https://www.blazedemo.com/reserve.php,751,0,0
1774386499122,390,1 - Acessar Home,200,OK,Teste de Carga - 250 usuarios 1-221,text,true,,4757,120,230,230,https://www.blazedemo.com/,378,0,130
1774386499251,272,2 - Escolher Voo,200,OK,Teste de Carga - 250 usuarios 1-129,text,true,,7381,250,231,231,https://www.blazedemo.com/reserve.php,252,0,0
1774386499116,414,2 - Escolher Voo,200,OK,Teste de Carga - 250 usuarios 1-33,text,true,,7381,250,231,231,https://www.blazedemo.com/reserve.php,394,0,0
1774386497767,1770,2 - Escolher Voo,200,OK,Teste de Carga - 250 usuarios 1-73,text,true,,7381,250,231,231,https://www.blazedemo.com/reserve.php,1749,0,0
1774386498117,1428,2 - Escolher Voo,200,OK,Teste de Carga - 250 usuarios 1-178,text,true,,7381,250,231,231,https://www.blazedemo.com/reserve.php,1408,0,0
1774386499163,385,3 - Comprar Passagem,200,OK,Teste de Carga - 250 usuarios 1-145,text,true,,6719,420,231,231,https://www.blazedemo.com/purchase.php,368,0,0
1774386499134,421,3 - Comprar Passagem,200,OK,Teste de Carga - 250 usuarios 1-26,text,true,,6719,420,231,231,https://www.blazedemo.com/purchase.php,406,0,0
1774386499273,292,3 - Comprar Passagem,200,OK,Teste de Carga - 250 usuarios 1-168,text,true,,6719,420,232,232,https://www.blazedemo.com/purchase.php,280,0,0
1774386499271,299,2 - Escolher Voo,200,OK,Teste de Carga - 250 usuarios 1-202,text,true,,7381,250,232,232,https://www.blazedemo.com/reserve.php,279,0,0
1774386499274,297,2 - Escolher Voo,200,OK,Teste de Carga - 250 usuarios 1-4,text,true,,7381,250,232,232,https://www.blazedemo.com/reserve.php,277,0,0
1774386499298,276,3 - Comprar Passagem,200,OK,Teste de Carga - 250 usuarios 1-121,text,true,,6719,420,232,232,https://www.blazedemo.com/purchase.php,264,0,0
1774386499165,411,2 - Escolher Voo,200,OK,Teste de Carga - 250 usuarios 1-105,text,true,,7381,250,232,232,https://www.blazedemo.com/reserve.php,391,0,0
1774386499270,310,2 - Escolher Voo,200,OK,Teste de Carga - 250 usuarios 1-209,text,true,,7381,250,232,232,https://www.blazedemo.com/reserve.php,288,0,0
1774386499124,456,2 - Escolher Voo,200,OK,Teste de Carga - 250 usuarios 1-76,text,true,,7381,250,232,232,https://www.blazedemo.com/reserve.php,435,0,0
1774386499290,296,3 - Comprar Passagem,200,OK,Teste de Carga - 250 usuarios 1-65,text,true,,6719,420,232,232,https://www.blazedemo.com/purchase.php,280,0,0
1774386499205,381,2 - Escolher Voo,200,OK,Teste de Carga - 250 usuarios 1-67,text,true,,7381,250,232,232,https://www.blazedemo.com/reserve.php,360,0,0
1774386498606,980,2 - Escolher Voo,200,OK,Teste de Carga - 250 usuarios 1-51,text,true,,7381,250,232,232,https://www.blazedemo.com/reserve.php,959,0,0
1774386498833,755,2 - Escolher Voo,200,OK,Teste de Carga - 250 usuarios 1-56,text,true,,7381,250,232,232,https://www.blazedemo.com/reserve.php,735,0,0
1774386498922,674,2 - Escolher Voo,200,OK,Teste de Carga - 250 usuarios 1-154,text,true,,7381,250,232,232,https://www.blazedemo.com/reserve.php,654,0,0
1774386498110,1488,1 - Acessar Home,200,OK,Teste de Carga - 250 usuarios 1-123,text,true,,4757,120,232,232,https://www.blazedemo.com/,1476,0,0
1774386498745,858,2 - Escolher Voo,200,OK,Teste de Carga - 250 usuarios 1-22,text,true,,7381,250,233,233,https://www.blazedemo.com/reserve.php,838,0,0
1774386498183,1423,2 - Escolher Voo,200,OK,Teste de Carga - 250 usuarios 1-125,text,true,,7381,250,233,233,https://www.blazedemo.com/reserve.php,1400,0,0
1774386499287,333,1 - Acessar Home,200,OK,Teste de Carga - 250 usuarios 1-47,text,true,,4757,120,233,233,https://www.blazedemo.com/,319,0,0
1774386497517,2105,2 - Escolher Voo,200,OK,Teste de Carga - 250 usuarios 1-143,text,true,,7381,250,233,233,https://www.blazedemo.com/reserve.php,2083,0,0
1774386499290,337,1 - Acessar Home,200,OK,Teste de Carga - 250 usuarios 1-64,text,true,,4757,120,233,233,https://www.blazedemo.com/,330,0,0
1774386497969,1662,2 - Escolher Voo,200,OK,Teste de Carga - 250 usuarios 1-80,text,true,,7381,250,233,233,https://www.blazedemo.com/reserve.php,1642,0,0
1774386499230,403,3 - Comprar Passagem,200,OK,Teste de Carga - 250 usuarios 1-159,text,true,,6719,420,233,233,https://www.blazedemo.com/purchase.php,390,0,0
1774386499381,259,3 - Comprar Passagem,200,OK,Teste de Carga - 250 usuarios 1-197,text,true,,6719,420,233,233,https://www.blazedemo.com/purchase.php,247,0,0
1774386497769,1874,3 - Comprar Passagem,200,OK,Teste de Carga - 250 usuarios 1-30,text,true,,6719,420,234,234,https://www.blazedemo.com/purchase.php,1862,0,0
1774386497866,1778,3 - Comprar Passagem,200,OK,Teste de Carga - 250 usuarios 1-103,text,true,,6719,420,234,234,https://www.blazedemo.com/purchase.php,1761,0,0
1774386498192,1458,1 - Acessar Home,200,OK,Teste de Carga - 250 usuarios 1-37,text,true,,4757,120,234,234,https://www.blazedemo.com/,1445,0,0
1774386499395,258,1 - Acessar Home,200,OK,Teste de Carga - 250 usuarios 1-196,text,true,,4757,120,234,234,https://www.blazedemo.com/,245,0,0
1774386499276,383,2 - Escolher Voo,200,OK,Teste de Carga - 250 usuarios 1-34,text,true,,7381,250,234,234,https://www.blazedemo.com/reserve.php,364,0,0
1774386499135,526,1 - Acessar Home,200,OK,Teste de Carga - 250 usuarios 1-184,text,true,,4757,120,234,234,https://www.blazedemo.com/,514,0,0
1774386499333,330,1 - Acessar Home,200,OK,Teste de Carga - 250 usuarios 1-78,text,true,,4757,120,234,234,https://www.blazedemo.com/,319,0,0
1774386498189,1477,1 - Acessar Home,200,OK,Teste de Carga - 250 usuarios 1-96,text,true,,4757,120,234,234,https://www.blazedemo.com/,1465,0,0
1774386497999,1668,2 - Escolher Voo,200,OK,Teste de Carga - 250 usuarios 1-85,text,true,,7381,250,234,234,https://www.blazedemo.com/reserve.php,1650,0,0
1774386498028,1641,2 - Escolher Voo,200,OK,Teste de Carga - 250 usuarios 1-181,text,true,,7381,250,234,234,https://www.blazedemo.com/reserve.php,1620,0,0
1774386497803,1883,1 - Acessar Home,200,OK,Teste de Carga - 250 usuarios 1-188,text,true,,4757,120,235,235,https://www.blazedemo.com/,1871,0,129
1774386499399,290,2 - Escolher Voo,200,OK,Teste de Carga - 250 usuarios 1-16,text,true,,7381,250,235,235,https://www.blazedemo.com/reserve.php,270,0,0
1774386497654,2040,1 - Acessar Home,200,OK,Teste de Carga - 250 usuarios 1-92,text,true,,4757,120,235,235,https://www.blazedemo.com/,2027,0,0
1774386499435,260,1 - Acessar Home,200,OK,Teste de Carga - 250 usuarios 1-195,text,true,,4757,120,235,235,https://www.blazedemo.com/,247,0,0
1774386499163,534,1 - Acessar Home,200,OK,Teste de Carga - 250 usuarios 1-222,text,true,,4757,120,235,235,https://www.blazedemo.com/,522,0,128
1774386498988,716,2 - Escolher Voo,200,OK,Teste de Carga - 250 usuarios 1-86,text,true,,7381,250,235,235,https://www.blazedemo.com/reserve.php,694,0,0
1774386498233,1477,2 - Escolher Voo,200,OK,Teste de Carga - 250 usuarios 1-77,text,true,,7381,250,235,235,https://www.blazedemo.com/reserve.php,1456,0,0
1774386499134,579,2 - Escolher Voo,200,OK,Teste de Carga - 250 usuarios 1-211,text,true,,7381,250,235,235,https://www.blazedemo.com/reserve.php,559,0,0
1774386499444,277,2 - Escolher Voo,200,OK,Teste de Carga - 250 usuarios 1-13,text,true,,7381,250,235,235,https://www.blazedemo.com/reserve.php,257,0,0
1774386499203,520,1 - Acessar Home,200,OK,Teste de Carga - 250 usuarios 1-223,text,true,,4757,120,235,235,https://www.blazedemo.com/,508,0,128
1774386499423,318,1 - Acessar Home,200,OK,Teste de Carga - 250 usuarios 1-109,text,true,,4757,120,236,236,https://www.blazedemo.com/,302,0,0
1774386497567,2174,2 - Escolher Voo,200,OK,Teste de Carga - 250 usuarios 1-61,text,true,,7381,250,236,236,https://www.blazedemo.com/reserve.php,2149,0,0
1774386498356,1389,3 - Comprar Passagem,200,OK,Teste de Carga - 250 usuarios 1-44,text,true,,6719,420,236,236,https://www.blazedemo.com/purchase.php,1376,0,0
1774386498563,1183,1 - Acessar Home,200,OK,Teste de Carga - 250 usuarios 1-207,text,true,,4757,120,236,236,https://www.blazedemo.com/,1170,0,131
1774386499323,428,2 - Escolher Voo,200,OK,Teste de Carga - 250 usuarios 1-215,text,true,,7381,250,236,236,https://www.blazedemo.com/reserve.php,409,0,0
1774386499478,275,2 - Escolher Voo,200,OK,Teste de Carga - 250 usuarios 1-220,text,true,,7381,250,236,236,https://www.blazedemo.com/reserve.php,255,0,0
1774386499438,318,3 - Comprar Passagem,200,OK,Teste de Carga - 250 usuarios 1-68,text,true,,6719,420,236,236,https://www.blazedemo.com/purchase.php,307,0,0
1774386499429,338,2 - Escolher Voo,200,OK,Teste de Carga - 250 usuarios 1-43,text,true,,7381,250,237,237,https://www.blazedemo.com/reserve.php,317,0,0
1774386499471,296,2 - Escolher Voo,200,OK,Teste de Carga - 250 usuarios 1-53,text,true,,7381,250,237,237,https://www.blazedemo.com/reserve.php,276,0,0
1774386499251,528,2 - Escolher Voo,200,OK,Teste de Carga - 250 usuarios 1-75,text,true,,7381,250,237,237,https://www.blazedemo.com/reserve.php,507,0,0
1774386499503,276,3 - Comprar Passagem,200,OK,Teste de Carga - 250 usuarios 1-137,text,true,,6719,420,237,237,https://www.blazedemo.com/purchase.php,263,0,0
1774386499273,506,1 - Acessar Home,200,OK,Teste de Carga - 250 usuarios 1-160,text,true,,4757,120,237,237,https://www.blazedemo.com/,495,0,0
1774386498276,1507,1 - Acessar Home,200,OK,Teste de Carga - 250 usuarios 1-122,text,true,,4757,120,237,237,https://www.blazedemo.com/,1495,0,0
1774386497824,1960,2 - Escolher Voo,200,OK,Teste de Carga - 250 usuarios 1-163,text,true,,7381,250,237,237,https://www.blazedemo.com/reserve.php,1941,0,0
1774386499386,399,3 - Comprar Passagem,200,OK,Teste de Carga - 250 usuarios 1-190,text,true,,6719,420,237,237,https://www.blazedemo.com/purchase.php,379,0,0
1774386497604,2188,1 - Acessar Home,200,OK,Teste de Carga - 250 usuarios 1-183,text,true,,4757,120,237,237,https://www.blazedemo.com/,2177,0,130
1774386499482,314,2 - Escolher Voo,200,OK,Teste de Carga - 250 usuarios 1-54,text,true,,7381,250,237,237,https://www.blazedemo.com/reserve.php,299,0,0
1774386499394,405,2 - Escolher Voo,200,OK,Teste de Carga - 250 usuarios 1-93,text,true,,7381,250,237,237,https://www.blazedemo.com/reserve.php,385,0,0
1774386498176,1625,3 - Comprar Passagem,200,OK,Teste de Carga - 250 usuarios 1-180,text,true,,6719,420,237,237,https://www.blazedemo.com/purchase.php,1614,0,0
1774386499162,642,1 - Acessar Home,200,OK,Teste de Carga - 250 usuarios 1-5,text,true,,4757,120,238,238,https://www.blazedemo.com/,630,0,0
1774386498141,1666,3 - Comprar Passagem,200,OK,Teste de Carga - 250 usuarios 1-117,text,true,,6719,420,238,238,https://www.blazedemo.com/purchase.php,1655,0,0
1774386499385,423,1 - Acessar Home,200,OK,Teste de Carga - 250 usuarios 1-127,text,true,,4757,120,238,238,https://www.blazedemo.com/,412,0,0
1774386499467,341,2 - Escolher Voo,200,OK,Teste de Carga - 250 usuarios 1-14,text,true,,7381,250,238,238,https://www.blazedemo.com/reserve.php,323,0,0
1774386499168,662,3 - Comprar Passagem,200,OK,Teste de Carga - 250 usuarios 1-151,text,true,,6719,420,238,238,https://www.blazedemo.com/purchase.php,650,0,0
1774386497945,1885,3 - Comprar Passagem,200,OK,Teste de Carga - 250 usuarios 1-69,text,true,,6719,420,238,238,https://www.blazedemo.com/purchase.php,1874,0,0
1774386498697,1134,2 - Escolher Voo,200,OK,Teste de Carga - 250 usuarios 1-187,text,true,,7381,250,238,238,https://www.blazedemo.com/reserve.php,1114,0,0
1774386499477,356,1 - Acessar Home,200,OK,Teste de Carga - 250 usuarios 1-120,text,true,,4757,120,238,238,https://www.blazedemo.com/,344,0,0
1774386497997,1847,2 - Escolher Voo,200,OK,Teste de Carga - 250 usuarios 1-176,text,true,,7381,250,239,239,https://www.blazedemo.com/reserve.php,1827,0,0
1774386498381,1464,3 - Comprar Passagem,200,OK,Teste de Carga - 250 usuarios 1-98,text,true,,6719,420,239,239,https://www.blazedemo.com/purchase.php,1449,0,0
1774386498397,1448,3 - Comprar Passagem,200,OK,Teste de Carga - 250 usuarios 1-25,text,true,,6719,420,239,239,https://www.blazedemo.com/purchase.php,1435,0,0
1774386499442,413,1 - Acessar Home,200,OK,Teste de Carga - 250 usuarios 1-229,text,true,,4757,120,239,239,https://www.blazedemo.com/,400,0,128
1774386499363,493,1 - Acessar Home,200,OK,Teste de Carga - 250 usuarios 1-227,text,true,,4757,120,239,239,https://www.blazedemo.com/,481,0,131
1774386499586,276,1 - Acessar Home,200,OK,Teste de Carga - 250 usuarios 1-65,text,true,,4757,120,239,239,https://www.blazedemo.com/,265,0,0
1774386499508,354,1 - Acessar Home,200,OK,Teste de Carga - 250 usuarios 1-8,text,true,,4757,120,239,239,https://www.blazedemo.com/,343,0,0
1774386499580,282,3 - Comprar Passagem,200,OK,Teste de Carga - 250 usuarios 1-76,text,true,,6719,420,239,239,https://www.blazedemo.com/purchase.php,269,0,0
1774386497737,2129,2 - Escolher Voo,200,OK,Teste de Carga - 250 usuarios 1-49,text,true,,7381,250,239,239,https://www.blazedemo.com/reserve.php,2109,0,0
1774386499556,316,1 - Acessar Home,200,OK,Teste de Carga - 250 usuarios 1-26,text,true,,4757,120,239,239,https://www.blazedemo.com/,306,0,0
1774386498030,1843,2 - Escolher Voo,200,OK,Teste de Carga - 250 usuarios 1-118,text,true,,7381,250,239,239,https://www.blazedemo.com/reserve.php,1823,0,0
1774386499498,380,1 - Acessar Home,200,OK,Teste de Carga - 250 usuarios 1-144,text,true,,4757,120,239,239,https://www.blazedemo.com/,367,0,0
1774386499571,317,3 - Comprar Passagem,200,OK,Teste de Carga - 250 usuarios 1-4,text,true,,6719,420,240,240,https://www.blazedemo.com/purchase.php,305,0,0
1774386499620,271,2 - Escolher Voo,200,OK,Teste de Carga - 250 usuarios 1-47,text,true,,7381,250,240,240,https://www.blazedemo.com/reserve.php,251,0,0
1774386499346,546,2 - Escolher Voo,200,OK,Teste de Carga - 250 usuarios 1-193,text,true,,7381,250,240,240,https://www.blazedemo.com/reserve.php,525,0,0
1774386499505,388,3 - Comprar Passagem,200,OK,Teste de Carga - 250 usuarios 1-161,text,true,,6719,420,240,240,https://www.blazedemo.com/purchase.php,375,0,0
1774386499586,307,3 - Comprar Passagem,200,OK,Teste de Carga - 250 usuarios 1-51,text,true,,6719,420,240,240,https://www.blazedemo.com/purchase.php,295,0,0
1774386498596,1298,1 - Acessar Home,200,OK,Teste de Carga - 250 usuarios 1-149,text,true,,4757,120,240,240,https://www.blazedemo.com/,1286,0,0
1774386499631,264,3 - Comprar Passagem,200,OK,Teste de Carga - 250 usuarios 1-80,text,true,,6719,420,240,240,https://www.blazedemo.com/purchase.php,252,0,0
1774386498392,1503,2 - Escolher Voo,200,OK,Teste de Carga - 250 usuarios 1-15,text,true,,7381,250,240,240,https://www.blazedemo.com/reserve.php,1483,0,0
1774386499346,550,2 - Escolher Voo,200,OK,Teste de Carga - 250 usuarios 1-84,text,true,,7381,250,240,240,https://www.blazedemo.com/reserve.php,534,0,0
1774386497893,2006,3 - Comprar Passagem,200,OK,Teste de Carga - 250 usuarios 1-19,text,true,,6719,420,240,240,https://www.blazedemo.com/purchase.php,1995,0,0
1774386497843,2060,1 - Acessar Home,200,OK,Teste de Carga - 250 usuarios 1-189,text,true,,4757,120,240,240,https://www.blazedemo.com/,2049,0,128
1774386499622,295,3 - Comprar Passagem,200,OK,Teste de Carga - 250 usuarios 1-143,text,true,,6719,420,240,240,https://www.blazedemo.com/purchase.php,283,0,0
1774386499545,372,3 - Comprar Passagem,200,OK,Teste de Carga - 250 usuarios 1-178,text,true,,6719,420,240,240,https://www.blazedemo.com/purchase.php,359,0,0
1774386498306,1614,3 - Comprar Passagem,200,OK,Teste de Carga - 250 usuarios 1-131,text,true,,6719,420,240,240,https://www.blazedemo.com/purchase.php,1602,0,0
1774386499254,671,3 - Comprar Passagem,200,OK,Teste de Carga - 250 usuarios 1-9,text,true,,6719,420,241,241,https://www.blazedemo.com/purchase.php,657,0,0
1774386499598,330,2 - Escolher Voo,200,OK,Teste de Carga - 250 usuarios 1-123,text,true,,7381,250,241,241,https://www.blazedemo.com/reserve.php,310,0,0
1774386498414,1522,3 - Comprar Passagem,200,OK,Teste de Carga - 250 usuarios 1-40,text,true,,6719,420,241,241,https://www.blazedemo.com/purchase.php,1511,0,0
1774386498491,1447,1 - Acessar Home,200,OK,Teste de Carga - 250 usuarios 1-205,text,true,,4757,120,241,241,https://www.blazedemo.com/,1435,0,128
1774386499402,539,1 - Acessar Home,200,OK,Teste de Carga - 250 usuarios 1-228,text,true,,4757,120,241,241,https://www.blazedemo.com/,527,0,130
1774386499580,376,3 - Comprar Passagem,200,OK,Teste de Carga - 250 usuarios 1-209,text,true,,6719,420,241,241,https://www.blazedemo.com/purchase.php,364,0,0
1774386499664,293,2 - Escolher Voo,200,OK,Teste de Carga - 250 usuarios 1-78,text,true,,7381,250,241,241,https://www.blazedemo.com/reserve.php,272,0,0
1774386499508,454,2 - Escolher Voo,200,OK,Teste de Carga - 250 usuarios 1-172,text,true,,7381,250,242,242,https://www.blazedemo.com/reserve.php,433,0,0
1774386499633,337,1 - Acessar Home,200,OK,Teste de Carga - 250 usuarios 1-159,text,true,,4757,120,242,242,https://www.blazedemo.com/,323,0,0
1774386497962,2011,1 - Acessar Home,200,OK,Teste de Carga - 250 usuarios 1-192,text,true,,4757,120,242,242,https://www.blazedemo.com/,1999,0,130
1774386499146,831,2 - Escolher Voo,200,OK,Teste de Carga - 250 usuarios 1-136,text,true,,7381,250,242,242,https://www.blazedemo.com/reserve.php,814,0,0
1774386497773,2209,1 - Acessar Home,200,OK,Teste de Carga - 250 usuarios 1-48,text,true,,4757,120,242,242,https://www.blazedemo.com/,2197,0,0
1774386499242,748,1 - Acessar Home,200,OK,Teste de Carga - 250 usuarios 1-224,text,true,,4757,120,242,242,https://www.blazedemo.com/,736,0,130
1774386497931,2061,3 - Comprar Passagem,200,OK,Teste de Carga - 250 usuarios 1-130,text,true,,6719,420,242,242,https://www.blazedemo.com/purchase.php,2044,0,0
1774386499666,331,2 - Escolher Voo,200,OK,Teste de Carga - 250 usuarios 1-96,text,true,,7381,250,242,242,https://www.blazedemo.com/reserve.php,310,0,0
1774386499752,251,3 - Comprar Passagem,200,OK,Teste de Carga - 250 usuarios 1-215,text,true,,6719,420,242,242,https://www.blazedemo.com/purchase.php,239,0,0
1774386498756,1253,2 - Escolher Voo,200,OK,Teste de Carga - 250 usuarios 1-57,text,true,,7381,250,243,243,https://www.blazedemo.com/reserve.php,1232,0,0
1774386498238,1775,1 - Acessar Home,200,OK,Teste de Carga - 250 usuarios 1-132,text,true,,4757,120,243,243,https://www.blazedemo.com/,1765,0,0
1774386499313,700,2 - Escolher Voo,200,OK,Teste de Carga - 250 usuarios 1-20,text,true,,7381,250,243,243,https://www.blazedemo.com/reserve.php,680,0,0
1774386499603,412,1 - Acessar Home,200,OK,Teste de Carga - 250 usuarios 1-233,text,true,,4757,120,243,243,https://www.blazedemo.com/,401,0,135
1774386499704,312,3 - Comprar Passagem,200,OK,Teste de Carga - 250 usuarios 1-86,text,true,,6719,420,243,243,https://www.blazedemo.com/purchase.php,300,0,0
1774386499710,312,3 - Comprar Passagem,200,OK,Teste de Carga - 250 usuarios 1-77,text,true,,6719,420,243,243,https://www.blazedemo.com/purchase.php,299,0,0
1774386498254,1773,2 - Escolher Voo,200,OK,Teste de Carga - 250 usuarios 1-10,text,true,,7381,250,243,243,https://www.blazedemo.com/reserve.php,1753,0,0
1774386498639,1394,2 - Escolher Voo,200,OK,Teste de Carga - 250 usuarios 1-23,text,true,,7381,250,243,243,https://www.blazedemo.com/reserve.php,1374,0,0
1774386498940,1095,3 - Comprar Passagem,200,OK,Teste de Carga - 250 usuarios 1-99,text,true,,6719,420,243,243,https://www.blazedemo.com/purchase.php,1083,0,0
1774386499586,452,3 - Comprar Passagem,200,OK,Teste de Carga - 250 usuarios 1-67,text,true,,6719,420,243,243,https://www.blazedemo.com/purchase.php,439,0,0
1774386498404,1636,2 - Escolher Voo,200,OK,Teste de Carga - 250 usuarios 1-3,text,true,,7381,250,243,243,https://www.blazedemo.com/reserve.php,1616,0,0
1774386499690,358,3 - Comprar Passagem,200,OK,Teste de Carga - 250 usuarios 1-16,text,true,,6719,420,244,244,https://www.blazedemo.com/purchase.php,346,0,0
1774386499779,270,2 - Escolher Voo,200,OK,Teste de Carga - 250 usuarios 1-160,text,true,,7381,250,244,244,https://www.blazedemo.com/reserve.php,250,0,0
1774386499150,904,1 - Acessar Home,200,OK,Teste de Carga - 250 usuarios 1-89,text,true,,4757,120,244,244,https://www.blazedemo.com/,894,0,0
1774386499667,402,3 - Comprar Passagem,200,OK,Teste de Carga - 250 usuarios 1-85,text,true,,6719,420,244,244,https://www.blazedemo.com/purchase.php,386,0,0
1774386498480,1589,2 - Escolher Voo,200,OK,Teste de Carga - 250 usuarios 1-102,text,true,,7381,250,244,244,https://www.blazedemo.com/reserve.php,1565,0,0
1774386499603,466,3 - Comprar Passagem,200,OK,Teste de Carga - 250 usuarios 1-22,text,true,,6719,420,244,244,https://www.blazedemo.com/purchase.php,454,0,0
1774386499387,694,3 - Comprar Passagem,200,OK,Teste de Carga - 250 usuarios 1-138,text,true,,6719,420,244,244,https://www.blazedemo.com/purchase.php,682,0,0
1774386499454,631,1 - Acessar Home,200,OK,Teste de Carga - 250 usuarios 1-116,text,true,,4757,120,245,245,https://www.blazedemo.com/,619,0,0
1774386499741,345,2 - Escolher Voo,200,OK,Teste de Carga - 250 usuarios 1-109,text,true,,7381,250,245,245,https://www.blazedemo.com/reserve.php,328,0,0
1774386499785,302,1 - Acessar Home,200,OK,Teste de Carga - 250 usuarios 1-190,text,true,,4757,120,245,245,https://www.blazedemo.com/,290,0,0
1774386499745,342,1 - Acessar Home,200,OK,Teste de Carga - 250 usuarios 1-44,text,true,,4757,120,245,245,https://www.blazedemo.com/,330,0,0
1774386497947,2141,2 - Escolher Voo,200,OK,Teste de Carga - 250 usuarios 1-2,text,true,,7381,250,245,245,https://www.blazedemo.com/reserve.php,2122,0,0
1774386499768,330,3 - Comprar Passagem,200,OK,Teste de Carga - 250 usuarios 1-53,text,true,,6719,420,245,245,https://www.blazedemo.com/purchase.php,318,0,0
1774386499779,320,1 - Acessar Home,200,OK,Teste de Carga - 250 usuarios 1-137,text,true,,4757,120,245,245,https://www.blazedemo.com/,307,0,0
1774386499423,689,2 - Escolher Voo,200,OK,Teste de Carga - 250 usuarios 1-101,text,true,,7381,250,245,245,https://www.blazedemo.com/reserve.php,669,0,0
1774386498323,1789,1 - Acessar Home,200,OK,Teste de Carga - 250 usuarios 1-201,text,true,,4757,120,245,245,https://www.blazedemo.com/,1777,0,129
1774386499156,960,1 - Acessar Home,200,OK,Teste de Carga - 250 usuarios 1-72,text,true,,4757,120,245,245,https://www.blazedemo.com/,947,0,0
1774386499784,335,3 - Comprar Passagem,200,OK,Teste de Carga - 250 usuarios 1-163,text,true,,6719,420,245,245,https://www.blazedemo.com/purchase.php,323,0,0
1774386499807,315,1 - Acessar Home,200,OK,Teste de Carga - 250 usuarios 1-117,text,true,,4757,120,245,245,https://www.blazedemo.com/,304,0,0
1774386499683,442,1 - Acessar Home,200,OK,Teste de Carga - 250 usuarios 1-235,text,true,,4757,120,246,246,https://www.blazedemo.com/,430,0,144
1774386498681,1450,3 - Comprar Passagem,200,OK,Teste de Carga - 250 usuarios 1-31,text,true,,6719,420,246,246,https://www.blazedemo.com/purchase.php,1437,0,0
1774386499855,287,2 - Escolher Voo,200,OK,Teste de Carga - 250 usuarios 1-229,text,true,,7381,250,246,246,https://www.blazedemo.com/reserve.php,267,0,0
1774386499686,457,2 - Escolher Voo,200,OK,Teste de Carga - 250 usuarios 1-188,text,true,,7381,250,246,246,https://www.blazedemo.com/reserve.php,437,0,0
1774386499784,366,2 - Escolher Voo,200,OK,Teste de Carga - 250 usuarios 1-122,text,true,,7381,250,246,246,https://www.blazedemo.com/reserve.php,345,0,0
1774386499741,417,3 - Comprar Passagem,200,OK,Teste de Carga - 250 usuarios 1-61,text,true,,6719,420,246,246,https://www.blazedemo.com/purchase.php,406,0,0
1774386498596,1562,2 - Escolher Voo,200,OK,Teste de Carga - 250 usuarios 1-186,text,true,,7381,250,246,246,https://www.blazedemo.com/reserve.php,1542,0,0
1774386498352,1809,1 - Acessar Home,200,OK,Teste de Carga - 250 usuarios 1-107,text,true,,4757,120,246,246,https://www.blazedemo.com/,1799,0,0
1774386498982,1179,1 - Acessar Home,200,OK,Teste de Carga - 250 usuarios 1-74,text,true,,4757,120,246,246,https://www.blazedemo.com/,1168,0,0
1774386499896,273,3 - Comprar Passagem,200,OK,Teste de Carga - 250 usuarios 1-84,text,true,,6719,420,247,247,https://www.blazedemo.com/purchase.php,260,0,0
1774386499697,474,2 - Escolher Voo,200,OK,Teste de Carga - 250 usuarios 1-222,text,true,,7381,250,247,247,https://www.blazedemo.com/reserve.php,454,0,0
1774386499856,315,2 - Escolher Voo,200,OK,Teste de Carga - 250 usuarios 1-227,text,true,,7381,250,247,247,https://www.blazedemo.com/reserve.php,295,0,0
1774386499917,268,1 - Acessar Home,200,OK,Teste de Carga - 250 usuarios 1-178,text,true,,4757,120,247,247,https://www.blazedemo.com/,256,0,0
1774386498642,1544,3 - Comprar Passagem,200,OK,Teste de Carga - 250 usuarios 1-24,text,true,,6719,420,247,247,https://www.blazedemo.com/purchase.php,1532,0,0
1774386497979,2207,2 - Escolher Voo,200,OK,Teste de Carga - 250 usuarios 1-55,text,true,,7381,250,247,247,https://www.blazedemo.com/reserve.php,2186,0,0
1774386498302,1888,1 - Acessar Home,200,OK,Teste de Carga - 250 usuarios 1-108,text,true,,4757,120,247,247,https://www.blazedemo.com/,1876,0,0
1774386499925,268,1 - Acessar Home,200,OK,Teste de Carga - 250 usuarios 1-9,text,true,,4757,120,247,247,https://www.blazedemo.com/,256,0,0
1774386499643,558,1 - Acessar Home,200,OK,Teste de Carga - 250 usuarios 1-234,text,true,,4757,120,247,247,https://www.blazedemo.com/,546,0,131
1774386499523,678,1 - Acessar Home,200,OK,Teste de Carga - 250 usuarios 1-231,text,true,,4757,120,247,247,https://www.blazedemo.com/,664,0,171
1774386498962,1240,1 - Acessar Home,200,OK,Teste de Carga - 250 usuarios 1-217,text,true,,4757,120,248,248,https://www.blazedemo.com/,1230,0,130
1774386498517,1691,3 - Comprar Passagem,200,OK,Teste de Carga - 250 usuarios 1-171,text,true,,6719,420,248,248,https://www.blazedemo.com/purchase.php,1679,0,0
1774386499892,318,3 - Comprar Passagem,200,OK,Teste de Carga - 250 usuarios 1-193,text,true,,6719,420,248,248,https://www.blazedemo.com/purchase.php,306,0,0
1774386499596,618,3 - Comprar Passagem,200,OK,Teste de Carga - 250 usuarios 1-154,text,true,,6719,420,248,248,https://www.blazedemo.com/purchase.php,601,0,0
1774386499896,319,3 - Comprar Passagem,200,OK,Teste de Carga - 250 usuarios 1-15,text,true,,6719,420,248,248,https://www.blazedemo.com/purchase.php,306,0,0
1774386499250,966,2 - Escolher Voo,200,OK,Teste de Carga - 250 usuarios 1-141,text,true,,7381,250,248,248,https://www.blazedemo.com/reserve.php,946,0,0
1774386497985,2239,1 - Acessar Home,200,OK,Teste de Carga - 250 usuarios 1-115,text,true,,4757,120,248,248,https://www.blazedemo.com/,2227,0,0
1774386499867,359,3 - Comprar Passagem,200,OK,Teste de Carga - 250 usuarios 1-49,text,true,,6719,420,248,248,https://www.blazedemo.com/purchase.php,342,0,0
1774386498897,1333,3 - Comprar Passagem,200,OK,Teste de Carga - 250 usuarios 1-35,text,true,,6719,420,248,248,https://www.blazedemo.com/purchase.php,1323,0,0
1774386499862,371,1 - Acessar Home,200,OK,Teste de Carga - 250 usuarios 1-76,text,true,,4757,120,248,248,https://www.blazedemo.com/,358,0,0
1774386499445,790,3 - Comprar Passagem,200,OK,Teste de Carga - 250 usuarios 1-94,text,true,,6719,420,248,248,https://www.blazedemo.com/purchase.php,778,0,0
1774386499872,381,2 - Escolher Voo,200,OK,Teste de Carga - 250 usuarios 1-26,text,true,,7381,250,249,249,https://www.blazedemo.com/reserve.php,361,0,0
1774386498364,1895,2 - Escolher Voo,200,OK,Teste de Carga - 250 usuarios 1-119,text,true,,7381,250,249,249,https://www.blazedemo.com/reserve.php,1879,0,0
1774386499746,516,2 - Escolher Voo,200,OK,Teste de Carga - 250 usuarios 1-207,text,true,,7381,250,249,249,https://www.blazedemo.com/reserve.php,496,0,0
1774386499992,274,1 - Acessar Home,200,OK,Teste de Carga - 250 usuarios 1-130,text,true,,4757,120,249,249,https://www.blazedemo.com/,262,0,0
1774386500017,249,1 - Acessar Home,200,OK,Teste de Carga - 250 usuarios 1-86,text,true,,4757,120,249,249,https://www.blazedemo.com/,237,0,0
1774386499803,463,1 - Acessar Home,200,OK,Teste de Carga - 250 usuarios 1-238,text,true,,4757,120,249,249,https://www.blazedemo.com/,450,0,128
1774386499862,409,2 - Escolher Voo,200,OK,Teste de Carga - 250 usuarios 1-8,text,true,,7381,250,249,249,https://www.blazedemo.com/reserve.php,389,0,0
1774386498702,1571,2 - Escolher Voo,200,OK,Teste de Carga - 250 usuarios 1-28,text,true,,7381,250,249,249,https://www.blazedemo.com/reserve.php,1550,0,0
1774386499893,393,1 - Acessar Home,200,OK,Teste de Carga - 250 usuarios 1-51,text,true,,4757,120,250,250,https://www.blazedemo.com/,382,0,0
1774386498708,1584,1 - Acessar Home,200,OK,Teste de Carga - 250 usuarios 1-174,text,true,,4757,120,250,250,https://www.blazedemo.com/,1573,0,0
1774386500040,262,3 - Comprar Passagem,200,OK,Teste de Carga - 250 usuarios 1-3,text,true,,6719,420,250,250,https://www.blazedemo.com/purchase.php,251,0,0
1774386500015,288,2 - Escolher Voo,200,OK,Teste de Carga - 250 usuarios 1-233,text,true,,7381,250,250,250,https://www.blazedemo.com/reserve.php,268,0,0
1774386498546,1758,1 - Acessar Home,200,OK,Teste de Carga - 250 usuarios 1-111,text,true,,4757,120,250,250,https://www.blazedemo.com/,1747,0,0
1774386499878,428,2 - Escolher Voo,200,OK,Teste de Carga - 250 usuarios 1-144,text,true,,7381,250,250,250,https://www.blazedemo.com/reserve.php,408,0,0
1774386499941,365,2 - Escolher Voo,200,OK,Teste de Carga - 250 usuarios 1-228,text,true,,7381,250,250,250,https://www.blazedemo.com/reserve.php,346,0,0
1774386499997,320,3 - Comprar Passagem,200,OK,Teste de Carga - 250 usuarios 1-96,text,true,,6719,420,250,250,https://www.blazedemo.com/purchase.php,309,0,0
1774386498398,1923,3 - Comprar Passagem,200,OK,Teste de Carga - 250 usuarios 1-11,text,true,,6719,420,250,250,https://www.blazedemo.com/purchase.php,1912,0,0
1774386499438,892,1 - Acessar Home,200,OK,Teste de Carga - 250 usuarios 1-81,text,true,,4757,120,250,250,https://www.blazedemo.com/,882,0,0
1774386499481,851,1 - Acessar Home,200,OK,Teste de Carga - 250 usuarios 1-230,text,true,,4757,120,250,250,https://www.blazedemo.com/,839,0,131
1774386499844,495,1 - Acessar Home,200,OK,Teste de Carga - 250 usuarios 1-239,text,true,,4757,120,250,250,https://www.blazedemo.com/,483,0,151
1774386498844,1495,1 - Acessar Home,200,OK,Teste de Carga - 250 usuarios 1-214,text,true,,4757,120,250,250,https://www.blazedemo.com/,1484,0,151
1774386498003,2336,1 - Acessar Home,200,OK,Teste de Carga - 250 usuarios 1-88,text,true,,4757,120,250,250,https://www.blazedemo.com/,2325,0,0
1774386499970,371,2 - Escolher Voo,200,OK,Teste de Carga - 250 usuarios 1-159,text,true,,7381,250,250,250,https://www.blazedemo.com/reserve.php,351,0,0
1774386499809,533,3 - Comprar Passagem,200,OK,Teste de Carga - 250 usuarios 1-14,text,true,,6719,420,250,250,https://www.blazedemo.com/purchase.php,521,0,0
1774386499736,611,1 - Acessar Home,200,OK,Teste de Carga - 250 usuarios 1-236,text,true,,4757,120,250,250,https://www.blazedemo.com/,600,0,131
1774386497922,2427,1 - Acessar Home,200,OK,Teste de Carga - 250 usuarios 1-191,text,true,,4757,120,250,250,https://www.blazedemo.com/,2415,0,129
1774386500027,323,3 - Comprar Passagem,200,OK,Teste de Carga - 250 usuarios 1-10,text,true,,6719,420,250,250,https://www.blazedemo.com/purchase.php,312,0,0
1774386498091,2276,3 - Comprar Passagem,200,OK,Teste de Carga - 250 usuarios 1-17,text,true,,6719,420,250,250,https://www.blazedemo.com/purchase.php,2264,0,0
1774386498549,1820,2 - Escolher Voo,200,OK,Teste de Carga - 250 usuarios 1-90,text,true,,7381,250,250,250,https://www.blazedemo.com/reserve.php,1799,0,0
1774386500004,368,1 - Acessar Home,200,OK,Teste de Carga - 250 usuarios 1-243,text,true,,4757,120,250,250,https://www.blazedemo.com/,356,0,133
1774386498717,1660,3 - Comprar Passagem,200,OK,Teste de Carga - 250 usuarios 1-79,text,true,,6719,420,250,250,https://www.blazedemo.com/purchase.php,1649,0,0
1774386499570,808,3 - Comprar Passagem,200,OK,Teste de Carga - 250 usuarios 1-202,text,true,,6719,420,250,250,https://www.blazedemo.com/purchase.php,792,0,0
1774386499962,419,3 - Comprar Passagem,200,OK,Teste de Carga - 250 usuarios 1-172,text,true,,6719,420,250,250,https://www.blazedemo.com/purchase.php,407,0,0
1774386500125,258,2 - Escolher Voo,200,OK,Teste de Carga - 250 usuarios 1-235,text,true,,7381,250,250,250,https://www.blazedemo.com/reserve.php,238,0,0
1774386499894,489,2 - Escolher Voo,200,OK,Teste de Carga - 250 usuarios 1-149,text,true,,7381,250,250,250,https://www.blazedemo.com/reserve.php,468,0,0
1774386500119,274,1 - Acessar Home,200,OK,Teste de Carga - 250 usuarios 1-163,text,true,,4757,120,250,250,https://www.blazedemo.com/,262,0,0
1774386499713,684,3 - Comprar Passagem,200,OK,Teste de Carga - 250 usuarios 1-211,text,true,,6719,420,250,250,https://www.blazedemo.com/purchase.php,675,0,0
1774386500054,350,2 - Escolher Voo,200,OK,Teste de Carga - 250 usuarios 1-89,text,true,,7381,250,250,250,https://www.blazedemo.com/reserve.php,330,0,0
1774386498552,1853,1 - Acessar Home,200,OK,Teste de Carga - 250 usuarios 1-71,text,true,,4757,120,250,250,https://www.blazedemo.com/,1841,0,0
1774386500169,253,1 - Acessar Home,200,OK,Teste de Carga - 250 usuarios 1-84,text,true,,4757,120,250,250,https://www.blazedemo.com/,243,0,0
1774386499873,553,3 - Comprar Passagem,200,OK,Teste de Carga - 250 usuarios 1-118,text,true,,6719,420,250,250,https://www.blazedemo.com/purchase.php,538,0,0
1774386500161,268,2 - Escolher Voo,200,OK,Teste de Carga - 250 usuarios 1-74,text,true,,7381,250,250,250,https://www.blazedemo.com/reserve.php,248,0,0
1774386500112,320,2 - Escolher Voo,200,OK,Teste de Carga - 250 usuarios 1-201,text,true,,7381,250,250,250,https://www.blazedemo.com/reserve.php,300,0,0
1774386500116,317,2 - Escolher Voo,200,OK,Teste de Carga - 250 usuarios 1-72,text,true,,7381,250,250,250,https://www.blazedemo.com/reserve.php,297,0,0
1774386499797,636,3 - Comprar Passagem,200,OK,Teste de Carga - 250 usuarios 1-54,text,true,,6719,420,250,250,https://www.blazedemo.com/purchase.php,625,0,0
1774386498630,1814,2 - Escolher Voo,200,OK,Teste de Carga - 250 usuarios 1-156,text,true,,7381,250,250,250,https://www.blazedemo.com/reserve.php,1791,0,0
1774386499888,558,1 - Acessar Home,200,OK,Teste de Carga - 250 usuarios 1-4,text,true,,4757,120,250,250,https://www.blazedemo.com/,545,0,0
1774386499643,806,1 - Acessar Home,200,OK,Teste de Carga - 250 usuarios 1-30,text,true,,4757,120,250,250,https://www.blazedemo.com/,794,0,0
1774386499882,570,1 - Acessar Home,200,OK,Teste de Carga - 250 usuarios 1-240,text,true,,4757,120,250,250,https://www.blazedemo.com/,559,0,130
1774386498524,1930,1 - Acessar Home,200,OK,Teste de Carga - 250 usuarios 1-206,text,true,,4757,120,250,250,https://www.blazedemo.com/,1918,0,128
1774386500216,250,3 - Comprar Passagem,200,OK,Teste de Carga - 250 usuarios 1-141,text,true,,6719,420,250,250,https://www.blazedemo.com/purchase.php,238,0,0
1774386500131,335,1 - Acessar Home,200,OK,Teste de Carga - 250 usuarios 1-31,text,true,,4757,120,250,250,https://www.blazedemo.com/,323,0,0
1774386500224,246,2 - Escolher Voo,200,OK,Teste de Carga - 250 usuarios 1-115,text,true,,7381,250,250,250,https://www.blazedemo.com/reserve.php,226,0,0
1774386499723,757,2 - Escolher Voo,200,OK,Teste de Carga - 250 usuarios 1-223,text,true,,7381,250,250,250,https://www.blazedemo.com/reserve.php,737,0,0
1774386499523,958,3 - Comprar Passagem,200,OK,Teste de Carga - 250 usuarios 1-129,text,true,,6719,420,250,250,https://www.blazedemo.com/purchase.php,946,0,0
1774386499043,1442,1 - Acessar Home,200,OK,Teste de Carga - 250 usuarios 1-63,text,true,,4757,120,250,250,https://www.blazedemo.com/,1430,0,0
1774386499757,734,1 - Acessar Home,200,OK,Teste de Carga - 250 usuarios 1-68,text,true,,4757,120,250,250,https://www.blazedemo.com/,724,0,0
1774386499830,668,1 - Acessar Home,200,OK,Teste de Carga - 250 usuarios 1-69,text,true,,4757,120,250,250,https://www.blazedemo.com/,657,0,0
1774386500042,460,1 - Acessar Home,200,OK,Teste de Carga - 250 usuarios 1-244,text,true,,4757,120,250,250,https://www.blazedemo.com/,448,0,129
1774386498658,1846,1 - Acessar Home,200,OK,Teste de Carga - 250 usuarios 1-148,text,true,,4757,120,250,250,https://www.blazedemo.com/,1833,0,0
1774386500216,288,1 - Acessar Home,200,OK,Teste de Carga - 250 usuarios 1-15,text,true,,4757,120,250,250,https://www.blazedemo.com/,277,0,0
1774386499917,592,1 - Acessar Home,200,OK,Teste de Carga - 250 usuarios 1-143,text,true,,4757,120,250,250,https://www.blazedemo.com/,581,0,0
1774386500159,354,3 - Comprar Passagem,200,OK,Teste de Carga - 250 usuarios 1-186,text,true,,6719,420,250,250,https://www.blazedemo.com/purchase.php,342,0,0
1774386500253,265,3 - Comprar Passagem,200,OK,Teste de Carga - 250 usuarios 1-26,text,true,,6719,420,250,250,https://www.blazedemo.com/purchase.php,252,0,0
1774386499903,618,2 - Escolher Voo,200,OK,Teste de Carga - 250 usuarios 1-189,text,true,,7381,250,250,250,https://www.blazedemo.com/reserve.php,598,0,0
1774386500214,315,1 - Acessar Home,200,OK,Teste de Carga - 250 usuarios 1-154,text,true,,4757,120,250,250,https://www.blazedemo.com/,304,0,0
1774386500171,360,3 - Comprar Passagem,200,OK,Teste de Carga - 250 usuarios 1-222,text,true,,6719,420,250,250,https://www.blazedemo.com/purchase.php,348,0,0
1774386499831,700,3 - Comprar Passagem,200,OK,Teste de Carga - 250 usuarios 1-187,text,true,,6719,420,250,250,https://www.blazedemo.com/purchase.php,688,0,0
1774386500201,330,2 - Escolher Voo,200,OK,Teste de Carga - 250 usuarios 1-231,text,true,,7381,250,250,250,https://www.blazedemo.com/reserve.php,311,0,0
1774386500210,322,1 - Acessar Home,200,OK,Teste de Carga - 250 usuarios 1-193,text,true,,4757,120,250,250,https://www.blazedemo.com/,307,0,0
1774386498648,1885,2 - Escolher Voo,200,OK,Teste de Carga - 250 usuarios 1-91,text,true,,7381,250,250,250,https://www.blazedemo.com/reserve.php,1864,0,0
1774386500187,346,3 - Comprar Passagem,200,OK,Teste de Carga - 250 usuarios 1-55,text,true,,6719,420,250,250,https://www.blazedemo.com/purchase.php,336,0,0
1774386499899,642,1 - Acessar Home,200,OK,Teste de Carga - 250 usuarios 1-19,text,true,,4757,120,250,250,https://www.blazedemo.com/,630,0,0
1774386500262,284,3 - Comprar Passagem,200,OK,Teste de Carga - 250 usuarios 1-207,text,true,,6719,420,250,250,https://www.blazedemo.com/purchase.php,272,0,0
1774386500306,252,3 - Comprar Passagem,200,OK,Teste de Carga - 250 usuarios 1-144,text,true,,6719,420,250,250,https://www.blazedemo.com/purchase.php,242,0,0
1774386499831,730,1 - Acessar Home,200,OK,Teste de Carga - 250 usuarios 1-151,text,true,,4757,120,250,250,https://www.blazedemo.com/,720,0,0
1774386498093,2472,2 - Escolher Voo,200,OK,Teste de Carga - 250 usuarios 1-38,text,true,,7381,250,250,250,https://www.blazedemo.com/reserve.php,2452,0,0
1774386498986,1582,3 - Comprar Passagem,200,OK,Teste de Carga - 250 usuarios 1-1,text,true,,6719,420,250,250,https://www.blazedemo.com/purchase.php,1570,0,0
1774386499893,676,1 - Acessar Home,200,OK,Teste de Carga - 250 usuarios 1-161,text,true,,4757,120,250,250,https://www.blazedemo.com/,663,0,0
1774386500273,300,3 - Comprar Passagem,200,OK,Teste de Carga - 250 usuarios 1-28,text,true,,6719,420,250,250,https://www.blazedemo.com/purchase.php,286,0,0
1774386498651,1923,1 - Acessar Home,200,OK,Teste de Carga - 250 usuarios 1-135,text,true,,4757,120,250,250,https://www.blazedemo.com/,1911,0,0
1774386500190,388,2 - Escolher Voo,200,OK,Teste de Carga - 250 usuarios 1-108,text,true,,7381,250,250,250,https://www.blazedemo.com/reserve.php,368,0,0
1774386498184,2407,2 - Escolher Voo,200,OK,Teste de Carga - 250 usuarios 1-110,text,true,,7381,250,250,250,https://www.blazedemo.com/reserve.php,2386,0,0
1774386500162,433,1 - Acessar Home,200,OK,Teste de Carga - 250 usuarios 1-247,text,true,,4757,120,250,250,https://www.blazedemo.com/,421,0,132
1774386500367,230,1 - Acessar Home,200,OK,Teste de Carga - 250 usuarios 1-17,text,true,,4757,120,250,250,https://www.blazedemo.com/,218,0,0
1774386500303,295,1 - Acessar Home,200,OK,Teste de Carga - 250 usuarios 1-3,text,true,,4757,120,250,250,https://www.blazedemo.com/,284,0,0
1774386500014,584,2 - Escolher Voo,200,OK,Teste de Carga - 250 usuarios 1-132,text,true,,7381,250,250,250,https://www.blazedemo.com/reserve.php,562,0,0
1774386499589,1010,3 - Comprar Passagem,200,OK,Teste de Carga - 250 usuarios 1-56,text,true,,6719,420,250,250,https://www.blazedemo.com/purchase.php,998,0,0
1774386500235,367,1 - Acessar Home,200,OK,Teste de Carga - 250 usuarios 1-94,text,true,,4757,120,250,250,https://www.blazedemo.com/,355,0,0
1774386500035,567,1 - Acessar Home,200,OK,Teste de Carga - 250 usuarios 1-99,text,true,,4757,120,250,250,https://www.blazedemo.com/,556,0,0
1774386499116,1499,2 - Escolher Voo,200,OK,Teste de Carga - 250 usuarios 1-199,text,true,,7381,250,250,250,https://www.blazedemo.com/reserve.php,1479,0,0
1774386499977,638,3 - Comprar Passagem,200,OK,Teste de Carga - 250 usuarios 1-136,text,true,,6719,420,250,250,https://www.blazedemo.com/purchase.php,627,0,0
1774386500286,330,2 - Escolher Voo,200,OK,Teste de Carga - 250 usuarios 1-51,text,true,,7381,250,250,250,https://www.blazedemo.com/reserve.php,310,0,0
1774386500317,299,1 - Acessar Home,200,OK,Teste de Carga - 250 usuarios 1-96,text,true,,4757,120,250,250,https://www.blazedemo.com/,287,0,0
1774386500259,363,3 - Comprar Passagem,200,OK,Teste de Carga - 250 usuarios 1-119,text,true,,6719,420,250,250,https://www.blazedemo.com/purchase.php,352,0,0
1774386500124,501,1 - Acessar Home,200,OK,Teste de Carga - 250 usuarios 1-246,text,true,,4757,120,250,250,https://www.blazedemo.com/,489,0,130
1774386498731,1899,1 - Acessar Home,200,OK,Teste de Carga - 250 usuarios 1-155,text,true,,4757,120,250,250,https://www.blazedemo.com/,1885,0,0
1774386500383,247,3 - Comprar Passagem,200,OK,Teste de Carga - 250 usuarios 1-149,text,true,,6719,420,250,250,https://www.blazedemo.com/purchase.php,233,0,0
1774386500208,433,1 - Acessar Home,200,OK,Teste de Carga - 250 usuarios 1-171,text,true,,4757,120,250,250,https://www.blazedemo.com/,422,0,0
1774386500193,452,2 - Escolher Voo,200,OK,Teste de Carga - 250 usuarios 1-9,text,true,,7381,250,250,250,https://www.blazedemo.com/reserve.php,437,0,0
1774386498100,2547,3 - Comprar Passagem,200,OK,Teste de Carga - 250 usuarios 1-150,text,true,,6719,420,250,250,https://www.blazedemo.com/purchase.php,2536,0,0
1774386499896,768,1 - Acessar Home,200,OK,Teste de Carga - 250 usuarios 1-80,text,true,,4757,120,250,250,https://www.blazedemo.com/,756,0,0
1774386500033,633,3 - Comprar Passagem,200,OK,Teste de Carga - 250 usuarios 1-23,text,true,,6719,420,250,250,https://www.blazedemo.com/purchase.php,621,0,0
1774386500342,324,1 - Acessar Home,200,OK,Teste de Carga - 250 usuarios 1-14,text,true,,4757,120,250,250,https://www.blazedemo.com/,312,0,0
1774386500049,623,3 - Comprar Passagem,200,OK,Teste de Carga - 250 usuarios 1-160,text,true,,6719,420,250,250,https://www.blazedemo.com/purchase.php,612,0,0
1774386499012,1662,3 - Comprar Passagem,200,OK,Teste de Carga - 250 usuarios 1-179,text,true,,6719,420,250,250,https://www.blazedemo.com/purchase.php,1645,0,0
1774386499928,750,3 - Comprar Passagem,200,OK,Teste de Carga - 250 usuarios 1-123,text,true,,6719,420,250,250,https://www.blazedemo.com/purchase.php,738,0,0
1774386498740,1945,1 - Acessar Home,200,OK,Teste de Carga - 250 usuarios 1-142,text,true,,4757,120,250,250,https://www.blazedemo.com/,1934,0,0
1774386500422,266,2 - Escolher Voo,200,OK,Teste de Carga - 250 usuarios 1-84,text,true,,7381,250,250,250,https://www.blazedemo.com/reserve.php,245,0,0
1774386499197,1493,1 - Acessar Home,200,OK,Teste de Carga - 250 usuarios 1-133,text,true,,4757,120,250,250,https://www.blazedemo.com/,1481,0,0
1774386498805,1886,1 - Acessar Home,200,OK,Teste de Carga - 250 usuarios 1-213,text,true,,4757,120,250,250,https://www.blazedemo.com/,1876,0,127
1774386499606,1089,3 - Comprar Passagem,200,OK,Teste de Carga - 250 usuarios 1-125,text,true,,6719,420,250,250,https://www.blazedemo.com/purchase.php,1073,0,0
1774386499627,1069,2 - Escolher Voo,200,OK,Teste de Carga - 250 usuarios 1-64,text,true,,7381,250,250,250,https://www.blazedemo.com/reserve.php,1049,0,0
1774386500293,404,2 - Escolher Voo,200,OK,Teste de Carga - 250 usuarios 1-174,text,true,,7381,250,250,250,https://www.blazedemo.com/reserve.php,385,0,0
1774386498909,1793,2 - Escolher Voo,200,OK,Teste de Carga - 250 usuarios 1-139,text,true,,7381,250,250,250,https://www.blazedemo.com/reserve.php,1774,0,0
1774386498070,2633,3 - Comprar Passagem,200,OK,Teste de Carga - 250 usuarios 1-167,text,true,,6719,420,250,250,https://www.blazedemo.com/purchase.php,2621,0,0
1774386500398,327,1 - Acessar Home,200,OK,Teste de Carga - 250 usuarios 1-211,text,true,,4757,120,250,250,https://www.blazedemo.com/,315,0,0
1774386500434,292,1 - Acessar Home,200,OK,Teste de Carga - 250 usuarios 1-54,text,true,,4757,120,250,250,https://www.blazedemo.com/,280,0,0
1774386500466,260,1 - Acessar Home,200,OK,Teste de Carga - 250 usuarios 1-141,text,true,,4757,120,250,250,https://www.blazedemo.com/,248,0,0
1774386500321,406,1 - Acessar Home,200,OK,Teste de Carga - 250 usuarios 1-11,text,true,,4757,120,250,250,https://www.blazedemo.com/,394,0,0
1774386500452,281,2 - Escolher Voo,200,OK,Teste de Carga - 250 usuarios 1-240,text,true,,7381,250,250,250,https://www.blazedemo.com/reserve.php,265,0,0
1774386499253,1484,2 - Escolher Voo,200,OK,Teste de Carga - 250 usuarios 1-50,text,true,,7381,250,250,250,https://www.blazedemo.com/reserve.php,1468,0,0
1774386500069,670,1 - Acessar Home,200,OK,Teste de Carga - 250 usuarios 1-85,text,true,,4757,120,250,250,https://www.blazedemo.com/,657,0,0
1774386500426,313,1 - Acessar Home,200,OK,Teste de Carga - 250 usuarios 1-118,text,true,,4757,120,250,250,https://www.blazedemo.com/,302,0,0
1774386500339,403,2 - Escolher Voo,200,OK,Teste de Carga - 250 usuarios 1-239,text,true,,7381,250,250,250,https://www.blazedemo.com/reserve.php,382,0,0
1774386500226,517,1 - Acessar Home,200,OK,Teste de Carga - 250 usuarios 1-49,text,true,,4757,120,250,250,https://www.blazedemo.com/,506,0,0
1774386500303,441,3 - Comprar Passagem,200,OK,Teste de Carga - 250 usuarios 1-233,text,true,,6719,420,250,250,https://www.blazedemo.com/purchase.php,424,0,0
1774386500347,399,2 - Escolher Voo,200,OK,Teste de Carga - 250 usuarios 1-236,text,true,,7381,250,250,250,https://www.blazedemo.com/reserve.php,379,0,0
1774386498043,2706,1 - Acessar Home,200,OK,Teste de Carga - 250 usuarios 1-194,text,true,,4757,120,250,250,https://www.blazedemo.com/,2695,0,131
1774386500521,230,3 - Comprar Passagem,200,OK,Teste de Carga - 250 usuarios 1-189,text,true,,6719,420,250,250,https://www.blazedemo.com/purchase.php,218,0,0
1774386499982,781,2 - Escolher Voo,200,OK,Teste de Carga - 250 usuarios 1-48,text,true,,7381,250,250,250,https://www.blazedemo.com/reserve.php,761,0,0
1774386499974,790,2 - Escolher Voo,200,OK,Teste de Carga - 250 usuarios 1-192,text,true,,7381,250,250,250,https://www.blazedemo.com/reserve.php,771,0,0
1774386498973,1797,2 - Escolher Voo,200,OK,Teste de Carga - 250 usuarios 1-203,text,true,,7381,250,250,250,https://www.blazedemo.com/reserve.php,1776,0,0
1774386498249,2534,3 - Comprar Passagem,200,OK,Teste de Carga - 250 usuarios 1-60,text,true,,6719,420,250,250,https://www.blazedemo.com/purchase.php,2522,0,0
1774386498334,2451,2 - Escolher Voo,200,OK,Teste de Carga - 250 usuarios 1-45,text,true,,7381,250,250,250,https://www.blazedemo.com/reserve.php,2431,0,0
1774386499753,1039,3 - Comprar Passagem,200,OK,Teste de Carga - 250 usuarios 1-220,text,true,,6719,420,250,250,https://www.blazedemo.com/purchase.php,1027,0,0
1774386500454,342,2 - Escolher Voo,200,OK,Teste de Carga - 250 usuarios 1-206,text,true,,7381,250,250,250,https://www.blazedemo.com/reserve.php,321,0,0
1774386500339,459,2 - Escolher Voo,200,OK,Teste de Carga - 250 usuarios 1-88,text,true,,7381,250,250,250,https://www.blazedemo.com/reserve.php,439,0,0
1774386500433,365,3 - Comprar Passagem,200,OK,Teste de Carga - 250 usuarios 1-72,text,true,,6719,420,250,250,https://www.blazedemo.com/purchase.php,353,0,0
1774386499653,1149,2 - Escolher Voo,200,OK,Teste de Carga - 250 usuarios 1-196,text,true,,7381,250,250,250,https://www.blazedemo.com/reserve.php,1128,0,0
1774386500480,327,3 - Comprar Passagem,200,OK,Teste de Carga - 250 usuarios 1-223,text,true,,6719,420,250,250,https://www.blazedemo.com/purchase.php,315,0,0
1774386499018,1791,2 - Escolher Voo,200,OK,Teste de Carga - 250 usuarios 1-113,text,true,,7381,250,250,250,https://www.blazedemo.com/reserve.php,1755,0,0
1774386500370,440,3 - Comprar Passagem,200,OK,Teste de Carga - 250 usuarios 1-90,text,true,,6719,420,250,250,https://www.blazedemo.com/purchase.php,428,0,0
1774386499369,1441,2 - Escolher Voo,200,OK,Teste de Carga - 250 usuarios 1-182,text,true,,7381,250,250,250,https://www.blazedemo.com/reserve.php,1433,0,0
1774386500404,409,3 - Comprar Passagem,200,OK,Teste de Carga - 250 usuarios 1-89,text,true,,6719,420,250,250,https://www.blazedemo.com/purchase.php,396,0,0
1774386500541,289,2 - Escolher Voo,200,OK,Teste de Carga - 250 usuarios 1-19,text,true,,7381,250,250,250,https://www.blazedemo.com/reserve.php,269,0,0
1774386500504,336,2 - Escolher Voo,200,OK,Teste de Carga - 250 usuarios 1-148,text,true,,7381,250,250,250,https://www.blazedemo.com/reserve.php,322,0,0
1774386500502,339,2 - Escolher Voo,200,OK,Teste de Carga - 250 usuarios 1-244,text,true,,7381,250,250,250,https://www.blazedemo.com/reserve.php,319,0,0
1774386500446,397,2 - Escolher Voo,200,OK,Teste de Carga - 250 usuarios 1-4,text,true,,7381,250,250,250,https://www.blazedemo.com/reserve.php,376,0,0
1774386500533,318,1 - Acessar Home,200,OK,Teste de Carga - 250 usuarios 1-55,text,true,,4757,120,250,250,https://www.blazedemo.com/,305,0,0
1774386500341,510,3 - Comprar Passagem,200,OK,Teste de Carga - 250 usuarios 1-159,text,true,,6719,420,250,250,https://www.blazedemo.com/purchase.php,497,0,0
1774386500466,392,2 - Escolher Voo,200,OK,Teste de Carga - 250 usuarios 1-31,text,true,,7381,250,250,250,https://www.blazedemo.com/reserve.php,372,0,0
1774386500405,463,2 - Escolher Voo,200,OK,Teste de Carga - 250 usuarios 1-71,text,true,,7381,250,250,250,https://www.blazedemo.com/reserve.php,442,0,0
1774386500382,494,1 - Acessar Home,200,OK,Teste de Carga - 250 usuarios 1-172,text,true,,4757,120,250,250,https://www.blazedemo.com/,482,0,0
1774386499962,918,1 - Acessar Home,200,OK,Teste de Carga - 250 usuarios 1-242,text,true,,4757,120,250,250,https://www.blazedemo.com/,908,0,130
1774386499099,1781,3 - Comprar Passagem,200,OK,Teste de Carga - 250 usuarios 1-177,text,true,,6719,420,250,250,https://www.blazedemo.com/purchase.php,1768,0,0
1774386500087,800,2 - Escolher Voo,200,OK,Teste de Carga - 250 usuarios 1-44,text,true,,7381,250,250,250,https://www.blazedemo.com/reserve.php,783,0,0
1774386499346,1542,3 - Comprar Passagem,200,OK,Teste de Carga - 250 usuarios 1-58,text,true,,6719,420,250,250,https://www.blazedemo.com/purchase.php,1527,0,0
1774386499002,1886,1 - Acessar Home,200,OK,Teste de Carga - 250 usuarios 1-218,text,true,,4757,120,250,250,https://www.blazedemo.com/,1874,0,130
1774386500283,606,1 - Acessar Home,200,OK,Teste de Carga - 250 usuarios 1-250,text,true,,4757,120,250,250,https://www.blazedemo.com/,595,0,131
1774386500513,378,1 - Acessar Home,200,OK,Teste de Carga - 250 usuarios 1-186,text,true,,4757,120,250,250,https://www.blazedemo.com/,365,0,0
1774386500591,306,3 - Comprar Passagem,200,OK,Teste de Carga - 250 usuarios 1-110,text,true,,6719,420,250,250,https://www.blazedemo.com/purchase.php,290,0,0
1774386500630,275,1 - Acessar Home,200,OK,Teste de Carga - 250 usuarios 1-149,text,true,,4757,120,250,250,https://www.blazedemo.com/,262,0,0
1774386500565,345,3 - Comprar Passagem,200,OK,Teste de Carga - 250 usuarios 1-38,text,true,,6719,420,250,250,https://www.blazedemo.com/purchase.php,333,0,0
1774386498343,2569,2 - Escolher Voo,200,OK,Teste de Carga - 250 usuarios 1-39,text,true,,7381,250,250,250,https://www.blazedemo.com/reserve.php,2548,0,0
1774386499845,1069,1 - Acessar Home,200,OK,Teste de Carga - 250 usuarios 1-25,text,true,,4757,120,250,250,https://www.blazedemo.com/,1056,0,0
1774386499767,1147,3 - Comprar Passagem,200,OK,Teste de Carga - 250 usuarios 1-43,text,true,,6719,420,250,250,https://www.blazedemo.com/purchase.php,1135,0,0
1774386499659,1261,3 - Comprar Passagem,200,OK,Teste de Carga - 250 usuarios 1-34,text,true,,6719,420,250,250,https://www.blazedemo.com/purchase.php,1251,0,0
1774386500641,303,2 - Escolher Voo,200,OK,Teste de Carga - 250 usuarios 1-171,text,true,,7381,250,250,250,https://www.blazedemo.com/reserve.php,280,0,0
1774386500243,701,1 - Acessar Home,200,OK,Teste de Carga - 250 usuarios 1-249,text,true,,4757,120,250,250,https://www.blazedemo.com/,686,0,128
1774386499562,1370,1 - Acessar Home,200,OK,Teste de Carga - 250 usuarios 1-232,text,true,,4757,120,250,250,https://www.blazedemo.com/,1359,0,131
1774386500546,400,1 - Acessar Home,200,OK,Teste de Carga - 250 usuarios 1-207,text,true,,4757,120,250,250,https://www.blazedemo.com/,398,0,0
1774386498196,2750,3 - Comprar Passagem,200,OK,Teste de Carga - 250 usuarios 1-162,text,true,,6719,420,250,250,https://www.blazedemo.com/purchase.php,2748,0,0
1774386500082,870,1 - Acessar Home,200,OK,Teste de Carga - 250 usuarios 1-245,text,true,,4757,120,250,250,https://www.blazedemo.com/,862,0,133
1774386500432,527,3 - Comprar Passagem,200,OK,Teste de Carga - 250 usuarios 1-201,text,true,,6719,420,250,250,https://www.blazedemo.com/purchase.php,516,0,0
1774386500615,344,3 - Comprar Passagem,200,OK,Teste de Carga - 250 usuarios 1-199,text,true,,6719,420,250,250,https://www.blazedemo.com/purchase.php,332,0,0
1774386500558,405,1 - Acessar Home,200,OK,Teste de Carga - 250 usuarios 1-144,text,true,,4757,120,250,250,https://www.blazedemo.com/,393,0,0
1774386500430,535,3 - Comprar Passagem,200,OK,Teste de Carga - 250 usuarios 1-74,text,true,,6719,420,250,250,https://www.blazedemo.com/purchase.php,523,0,0
1774386499183,1787,2 - Escolher Voo,200,OK,Teste de Carga - 250 usuarios 1-124,text,true,,7381,250,250,250,https://www.blazedemo.com/reserve.php,1767,0,0
1774386500562,409,2 - Escolher Voo,200,OK,Teste de Carga - 250 usuarios 1-151,text,true,,7381,250,250,250,https://www.blazedemo.com/reserve.php,389,0,0
1774386499221,1751,1 - Acessar Home,200,OK,Teste de Carga - 250 usuarios 1-106,text,true,,4757,120,250,250,https://www.blazedemo.com/,1740,0,0
1774386499509,1468,3 - Comprar Passagem,200,OK,Teste de Carga - 250 usuarios 1-104,text,true,,6719,420,250,250,https://www.blazedemo.com/purchase.php,1455,0,0
1774386500531,446,1 - Acessar Home,200,OK,Teste de Carga - 250 usuarios 1-222,text,true,,4757,120,250,250,https://www.blazedemo.com/,434,0,0
1774386500531,449,1 - Acessar Home,200,OK,Teste de Carga - 250 usuarios 1-187,text,true,,4757,120,250,250,https://www.blazedemo.com/,437,0,0
1774386500597,385,2 - Escolher Voo,200,OK,Teste de Carga - 250 usuarios 1-17,text,true,,7381,250,250,250,https://www.blazedemo.com/reserve.php,365,0,0
1774386500602,387,2 - Escolher Voo,200,OK,Teste de Carga - 250 usuarios 1-94,text,true,,7381,250,250,250,https://www.blazedemo.com/reserve.php,367,0,0
1774386500685,325,2 - Escolher Voo,200,OK,Teste de Carga - 250 usuarios 1-142,text,true,,7381,250,250,250,https://www.blazedemo.com/reserve.php,305,0,0
1774386498320,2695,3 - Comprar Passagem,200,OK,Teste de Carga - 250 usuarios 1-114,text,true,,6719,420,250,250,https://www.blazedemo.com/purchase.php,2682,0,0
1774386499862,1155,2 - Escolher Voo,200,OK,Teste de Carga - 250 usuarios 1-65,text,true,,7381,250,250,250,https://www.blazedemo.com/reserve.php,1134,0,0
1774386500231,789,1 - Acessar Home,200,OK,Teste de Carga - 250 usuarios 1-35,text,true,,4757,120,250,250,https://www.blazedemo.com/,777,0,0
1774386500630,392,2 - Escolher Voo,200,OK,Teste de Carga - 250 usuarios 1-155,text,true,,7381,250,250,250,https://www.blazedemo.com/reserve.php,372,0,0
1774386499274,1749,2 - Escolher Voo,200,OK,Teste de Carga - 250 usuarios 1-42,text,true,,7381,250,250,250,https://www.blazedemo.com/reserve.php,1729,0,0
1774386499762,1264,1 - Acessar Home,200,OK,Teste de Carga - 250 usuarios 1-237,text,true,,4757,120,250,250,https://www.blazedemo.com/,1253,0,136
1774386499565,1461,1 - Acessar Home,200,OK,Teste de Carga - 250 usuarios 1-168,text,true,,4757,120,250,250,https://www.blazedemo.com/,1449,0,0
1774386500485,549,2 - Escolher Voo,200,OK,Teste de Carga - 250 usuarios 1-63,text,true,,7381,250,250,250,https://www.blazedemo.com/reserve.php,530,0,0
1774386499844,1201,3 - Comprar Passagem,200,OK,Teste de Carga - 250 usuarios 1-176,text,true,,6719,420,250,250,https://www.blazedemo.com/purchase.php,1189,0,0
1774386500739,314,2 - Escolher Voo,200,OK,Teste de Carga - 250 usuarios 1-85,text,true,,7381,250,250,250,https://www.blazedemo.com/reserve.php,292,0,0
1774386500573,491,1 - Acessar Home,200,OK,Teste de Carga - 250 usuarios 1-28,text,true,,4757,120,250,250,https://www.blazedemo.com/,480,0,0
1774386500733,337,3 - Comprar Passagem,200,OK,Teste de Carga - 250 usuarios 1-240,text,true,,6719,420,250,250,https://www.blazedemo.com/purchase.php,321,0,0
1774386500674,401,1 - Acessar Home,200,OK,Teste de Carga - 250 usuarios 1-179,text,true,,4757,120,250,250,https://www.blazedemo.com/,389,0,0
1774386499291,1791,3 - Comprar Passagem,200,OK,Teste de Carga - 250 usuarios 1-52,text,true,,6719,420,250,250,https://www.blazedemo.com/purchase.php,1775,0,0
1774386500809,282,3 - Comprar Passagem,200,OK,Teste de Carga - 250 usuarios 1-113,text,true,,6719,420,250,250,https://www.blazedemo.com/purchase.php,270,0,0
1774386500751,342,1 - Acessar Home,200,OK,Teste de Carga - 250 usuarios 1-189,text,true,,4757,120,250,250,https://www.blazedemo.com/,328,0,0
1774386500726,367,2 - Escolher Voo,200,OK,Teste de Carga - 250 usuarios 1-141,text,true,,7381,250,250,250,https://www.blazedemo.com/reserve.php,346,0,0
1774386500695,401,1 - Acessar Home,200,OK,Teste de Carga - 250 usuarios 1-125,text,true,,4757,120,250,250,https://www.blazedemo.com/,390,0,0
1774386500690,412,2 - Escolher Voo,200,OK,Teste de Carga - 250 usuarios 1-133,text,true,,7381,250,250,250,https://www.blazedemo.com/reserve.php,397,0,0
1774386498494,2622,2 - Escolher Voo,200,OK,Teste de Carga - 250 usuarios 1-157,text,true,,7381,250,250,250,https://www.blazedemo.com/reserve.php,2602,0,0
1774386499350,1784,3 - Comprar Passagem,200,OK,Teste de Carga - 250 usuarios 1-41,text,true,,6719,420,250,250,https://www.blazedemo.com/purchase.php,1768,0,0
1774386500531,605,3 - Comprar Passagem,200,OK,Teste de Carga - 250 usuarios 1-231,text,true,,6719,420,250,250,https://www.blazedemo.com/purchase.php,591,0,0
1774386500022,1119,1 - Acessar Home,200,OK,Teste de Carga - 250 usuarios 1-77,text,true,,4757,120,250,250,https://www.blazedemo.com/,1107,0,0
1774386500697,444,3 - Comprar Passagem,200,OK,Teste de Carga - 250 usuarios 1-174,text,true,,6719,420,250,250,https://www.blazedemo.com/purchase.php,429,0,0
1774386499845,1296,1 - Acessar Home,200,OK,Teste de Carga - 250 usuarios 1-98,text,true,,4757,120,250,250,https://www.blazedemo.com/,1285,0,0
1774386500802,339,3 - Comprar Passagem,200,OK,Teste de Carga - 250 usuarios 1-196,text,true,,6719,420,250,250,https://www.blazedemo.com/purchase.php,327,0,0
1774386500743,402,2 - Escolher Voo,200,OK,Teste de Carga - 250 usuarios 1-49,text,true,,7381,250,250,250,https://www.blazedemo.com/reserve.php,384,0,0
1774386499695,1456,2 - Escolher Voo,200,OK,Teste de Carga - 250 usuarios 1-195,text,true,,7381,250,250,250,https://www.blazedemo.com/reserve.php,1436,0,0
1774386499990,1162,2 - Escolher Voo,200,OK,Teste de Carga - 250 usuarios 1-224,text,true,,7381,250,250,250,https://www.blazedemo.com/reserve.php,1142,0,0
1774386500851,302,1 - Acessar Home,200,OK,Teste de Carga - 250 usuarios 1-159,text,true,,4757,120,250,250,https://www.blazedemo.com/,290,0,0
1774386500783,371,1 - Acessar Home,200,OK,Teste de Carga - 250 usuarios 1-60,text,true,,4757,120,250,250,https://www.blazedemo.com/,359,0,0
1774386500906,250,2 - Escolher Voo,200,OK,Teste de Carga - 250 usuarios 1-149,text,true,,7381,250,250,250,https://www.blazedemo.com/reserve.php,230,0,0
1774386498394,2762,3 - Comprar Passagem,200,OK,Teste de Carga - 250 usuarios 1-95,text,true,,6719,420,250,250,https://www.blazedemo.com/purchase.php,2750,0,0
1774386500792,366,1 - Acessar Home,200,OK,Teste de Carga - 250 usuarios 1-220,text,true,,4757,120,250,250,https://www.blazedemo.com/,354,0,0
1774386498203,2955,1 - Acessar Home,200,OK,Teste de Carga - 250 usuarios 1-198,text,true,,4757,120,250,250,https://www.blazedemo.com/,2945,0,140
1774386500810,351,3 - Comprar Passagem,200,OK,Teste de Carga - 250 usuarios 1-182,text,true,,6719,420,250,250,https://www.blazedemo.com/purchase.php,339,0,0
1774386500912,253,3 - Comprar Passagem,200,OK,Teste de Carga - 250 usuarios 1-39,text,true,,6719,420,250,250,https://www.blazedemo.com/purchase.php,240,0,0
1774386500678,487,1 - Acessar Home,200,OK,Teste de Carga - 250 usuarios 1-123,text,true,,4757,120,250,250,https://www.blazedemo.com/,473,0,0
1774386499281,1884,1 - Acessar Home,200,OK,Teste de Carga - 250 usuarios 1-225,text,true,,4757,120,250,250,https://www.blazedemo.com/,1871,0,130
1774386499263,1902,2 - Escolher Voo,200,OK,Teste de Carga - 250 usuarios 1-7,text,true,,7381,250,250,250,https://www.blazedemo.com/reserve.php,1883,0,0
1774386500202,967,1 - Acessar Home,200,OK,Teste de Carga - 250 usuarios 1-248,text,true,,4757,120,250,250,https://www.blazedemo.com/,956,0,130
1774386499310,1861,2 - Escolher Voo,200,OK,Teste de Carga - 250 usuarios 1-62,text,true,,7381,250,250,250,https://www.blazedemo.com/reserve.php,1844,0,0
1774386500666,515,1 - Acessar Home,200,OK,Teste de Carga - 250 usuarios 1-23,text,true,,4757,120,250,250,https://www.blazedemo.com/,503,0,0
1774386499792,1397,2 - Escolher Voo,200,OK,Teste de Carga - 250 usuarios 1-183,text,true,,7381,250,250,250,https://www.blazedemo.com/reserve.php,1377,0,0
1774386500813,386,1 - Acessar Home,200,OK,Teste de Carga - 250 usuarios 1-89,text,true,,4757,120,250,250,https://www.blazedemo.com/,374,0,0
1774386500785,416,3 - Comprar Passagem,200,OK,Teste de Carga - 250 usuarios 1-45,text,true,,6719,420,250,250,https://www.blazedemo.com/purchase.php,404,0,0
1774386500764,448,3 - Comprar Passagem,200,OK,Teste de Carga - 250 usuarios 1-192,text,true,,6719,420,250,250,https://www.blazedemo.com/purchase.php,431,0,0
1774386500946,279,2 - Escolher Voo,200,OK,Teste de Carga - 250 usuarios 1-207,text,true,,7381,250,250,250,https://www.blazedemo.com/reserve.php,262,0,0
1774386500770,456,3 - Comprar Passagem,200,OK,Teste de Carga - 250 usuarios 1-203,text,true,,6719,420,250,250,https://www.blazedemo.com/purchase.php,443,0,0
1774386500869,359,3 - Comprar Passagem,200,OK,Teste de Carga - 250 usuarios 1-71,text,true,,6719,420,250,250,https://www.blazedemo.com/purchase.php,347,0,0
1774386500602,627,2 - Escolher Voo,200,OK,Teste de Carga - 250 usuarios 1-99,text,true,,7381,250,250,250,https://www.blazedemo.com/reserve.php,606,0,0
1774386500965,266,1 - Acessar Home,200,OK,Teste de Carga - 250 usuarios 1-74,text,true,,4757,120,250,250,https://www.blazedemo.com/,255,0,0
1774386500014,1219,3 - Comprar Passagem,200,OK,Teste de Carga - 250 usuarios 1-20,text,true,,6719,420,250,250,https://www.blazedemo.com/purchase.php,1207,0,0
1774386500069,1164,1 - Acessar Home,200,OK,Teste de Carga - 250 usuarios 1-22,text,true,,4757,120,250,250,https://www.blazedemo.com/,1152,0,0
1774386500746,491,3 - Comprar Passagem,200,OK,Teste de Carga - 250 usuarios 1-236,text,true,,6719,420,250,250,https://www.blazedemo.com/purchase.php,479,0,0
1774386500946,292,1 - Acessar Home,200,OK,Teste de Carga - 250 usuarios 1-162,text,true,,4757,120,250,250,https://www.blazedemo.com/,280,0,0
1774386500970,270,3 - Comprar Passagem,200,OK,Teste de Carga - 250 usuarios 1-124,text,true,,6719,420,250,250,https://www.blazedemo.com/purchase.php,257,0,0
1774386500339,903,2 - Escolher Voo,200,OK,Teste de Carga - 250 usuarios 1-214,text,true,,7381,250,250,250,https://www.blazedemo.com/reserve.php,883,0,0
1774386500944,300,2 - Escolher Voo,200,OK,Teste de Carga - 250 usuarios 1-249,text,true,,7381,250,250,250,https://www.blazedemo.com/reserve.php,284,0,0
1774386500798,453,1 - Acessar Home,200,OK,Teste de Carga - 250 usuarios 1-72,text,true,,4757,120,250,250,https://www.blazedemo.com/,442,0,0
1774386500144,1110,3 - Comprar Passagem,200,OK,Teste de Carga - 250 usuarios 1-188,text,true,,6719,420,250,250,https://www.blazedemo.com/purchase.php,1097,0,0
1774386498433,2821,2 - Escolher Voo,200,OK,Teste de Carga - 250 usuarios 1-82,text,true,,7381,250,250,250,https://www.blazedemo.com/reserve.php,2800,0,0
1774386501011,250,3 - Comprar Passagem,200,OK,Teste de Carga - 250 usuarios 1-142,text,true,,6719,420,250,250,https://www.blazedemo.com/purchase.php,238,0,0
1774386500703,559,3 - Comprar Passagem,200,OK,Teste de Carga - 250 usuarios 1-139,text,true,,6719,420,250,250,https://www.blazedemo.com/purchase.php,547,0,0
1774386499305,1961,1 - Acessar Home,200,OK,Teste de Carga - 250 usuarios 1-36,text,true,,4757,120,250,250,https://www.blazedemo.com/,1949,0,0
1774386501015,255,1 - Acessar Home,200,OK,Teste de Carga - 250 usuarios 1-114,text,true,,4757,120,250,250,https://www.blazedemo.com/,243,0,0
1774386498452,2820,1 - Acessar Home,200,OK,Teste de Carga - 250 usuarios 1-29,text,true,,4757,120,250,250,https://www.blazedemo.com/,2808,0,0
1774386500880,416,2 - Escolher Voo,200,OK,Teste de Carga - 250 usuarios 1-242,text,true,,7381,250,250,250,https://www.blazedemo.com/reserve.php,395,0,0
1774386499443,1865,2 - Escolher Voo,200,OK,Teste de Carga - 250 usuarios 1-219,text,true,,7381,250,250,250,https://www.blazedemo.com/reserve.php,1845,0,0
1774386500039,1274,1 - Acessar Home,200,OK,Teste de Carga - 250 usuarios 1-67,text,true,,4757,120,250,250,https://www.blazedemo.com/,1262,0,0
1774386500798,518,3 - Comprar Passagem,200,OK,Teste de Carga - 250 usuarios 1-88,text,true,,6719,420,250,250,https://www.blazedemo.com/purchase.php,506,0,0
1774386501045,283,1 - Acessar Home,200,OK,Teste de Carga - 250 usuarios 1-176,text,true,,4757,120,250,250,https://www.blazedemo.com/,272,0,0
1774386501017,314,3 - Comprar Passagem,200,OK,Teste de Carga - 250 usuarios 1-65,text,true,,6719,420,250,250,https://www.blazedemo.com/purchase.php,302,0,0
1774386500350,986,2 - Escolher Voo,200,OK,Teste de Carga - 250 usuarios 1-191,text,true,,7381,250,250,250,https://www.blazedemo.com/reserve.php,966,0,0
1774386501020,325,2 - Escolher Voo,200,OK,Teste de Carga - 250 usuarios 1-35,text,true,,7381,250,250,250,https://www.blazedemo.com/reserve.php,305,0,0
1774386499921,1426,1 - Acessar Home,200,OK,Teste de Carga - 250 usuarios 1-131,text,true,,4757,120,250,250,https://www.blazedemo.com/,1413,0,0
1774386500266,1084,2 - Escolher Voo,200,OK,Teste de Carga - 250 usuarios 1-86,text,true,,7381,250,250,250,https://www.blazedemo.com/reserve.php,1064,0,0
1774386501064,290,2 - Escolher Voo,200,OK,Teste de Carga - 250 usuarios 1-28,text,true,,7381,250,250,250,https://www.blazedemo.com/reserve.php,268,0,0
1774386501026,328,2 - Escolher Voo,200,OK,Teste de Carga - 250 usuarios 1-237,text,true,,7381,250,250,250,https://www.blazedemo.com/reserve.php,312,0,0
1774386500383,974,3 - Comprar Passagem,200,OK,Teste de Carga - 250 usuarios 1-235,text,true,,6719,420,250,250,https://www.blazedemo.com/purchase.php,961,0,0
1774386501026,331,2 - Escolher Voo,200,OK,Teste de Carga - 250 usuarios 1-168,text,true,,7381,250,250,250,https://www.blazedemo.com/reserve.php,308,0,0
1774386501091,268,1 - Acessar Home,200,OK,Teste de Carga - 250 usuarios 1-113,text,true,,4757,120,250,250,https://www.blazedemo.com/,256,0,0
1774386501093,266,2 - Escolher Voo,200,OK,Teste de Carga - 250 usuarios 1-189,text,true,,7381,250,250,250,https://www.blazedemo.com/reserve.php,244,0,0
1774386500914,446,1 - Acessar Home,200,OK,Teste de Carga - 250 usuarios 1-43,text,true,,4757,120,250,250,https://www.blazedemo.com/,435,0,0
1774386499537,1829,3 - Comprar Passagem,200,OK,Teste de Carga - 250 usuarios 1-73,text,true,,6719,420,250,250,https://www.blazedemo.com/purchase.php,1817,0,0
1774386498560,2808,3 - Comprar Passagem,200,OK,Teste de Carga - 250 usuarios 1-21,text,true,,6719,420,250,250,https://www.blazedemo.com/purchase.php,2795,0,0
1774386499650,1718,2 - Escolher Voo,200,OK,Teste de Carga - 250 usuarios 1-37,text,true,,7381,250,250,250,https://www.blazedemo.com/reserve.php,1698,0,0
1774386498519,2851,2 - Escolher Voo,200,OK,Teste de Carga - 250 usuarios 1-32,text,true,,7381,250,250,250,https://www.blazedemo.com/reserve.php,2832,0,0
1774386500377,993,1 - Acessar Home,200,OK,Teste de Carga - 250 usuarios 1-79,text,true,,4757,120,250,250,https://www.blazedemo.com/,981,0,0
1774386498543,2829,1 - Acessar Home,200,OK,Teste de Carga - 250 usuarios 1-6,text,true,,4757,120,250,250,https://www.blazedemo.com/,2818,0,0
1774386501116,263,3 - Comprar Passagem,200,OK,Teste de Carga - 250 usuarios 1-157,text,true,,6719,420,250,250,https://www.blazedemo.com/purchase.php,251,0,0
1774386500944,437,2 - Escolher Voo,200,OK,Teste de Carga - 250 usuarios 1-232,text,true,,7381,250,250,250,https://www.blazedemo.com/reserve.php,418,0,0
1774386500749,653,2 - Escolher Voo,200,OK,Teste de Carga - 250 usuarios 1-194,text,true,,7381,250,250,250,https://www.blazedemo.com/reserve.php,633,0,0
1774386500085,1326,2 - Escolher Voo,200,OK,Teste de Carga - 250 usuarios 1-116,text,true,,7381,250,250,250,https://www.blazedemo.com/reserve.php,1309,0,0
1774386498593,2823,2 - Escolher Voo,200,OK,Teste de Carga - 250 usuarios 1-185,text,true,,7381,250,250,250,https://www.blazedemo.com/reserve.php,2803,0,0
1774386501161,256,1 - Acessar Home,200,OK,Teste de Carga - 250 usuarios 1-182,text,true,,4757,120,250,250,https://www.blazedemo.com/,245,0,0
1774386500378,1043,1 - Acessar Home,200,OK,Teste de Carga - 250 usuarios 1-202,text,true,,4757,120,250,250,https://www.blazedemo.com/,1030,0,0
1774386500810,611,1 - Acessar Home,200,OK,Teste de Carga - 250 usuarios 1-90,text,true,,4757,120,250,250,https://www.blazedemo.com/,603,0,0
1774386501141,286,2 - Escolher Voo,200,OK,Teste de Carga - 250 usuarios 1-98,text,true,,7381,250,250,250,https://www.blazedemo.com/reserve.php,269,0,0
1774386500971,458,3 - Comprar Passagem,200,OK,Teste de Carga - 250 usuarios 1-151,text,true,,6719,420,250,250,https://www.blazedemo.com/purchase.php,442,0,0
1774386501141,294,2 - Escolher Voo,200,OK,Teste de Carga - 250 usuarios 1-77,text,true,,7381,250,250,250,https://www.blazedemo.com/reserve.php,278,0,0
1774386501145,295,3 - Comprar Passagem,200,OK,Teste de Carga - 250 usuarios 1-49,text,true,,6719,420,250,250,https://www.blazedemo.com/purchase.php,283,0,0
1774386501165,276,3 - Comprar Passagem,200,OK,Teste de Carga - 250 usuarios 1-7,text,true,,6719,420,250,250,https://www.blazedemo.com/purchase.php,264,0,0
1774386501169,281,2 - Escolher Voo,200,OK,Teste de Carga - 250 usuarios 1-248,text,true,,7381,250,250,250,https://www.blazedemo.com/reserve.php,260,0,0
1774386501152,299,3 - Comprar Passagem,200,OK,Teste de Carga - 250 usuarios 1-224,text,true,,6719,420,250,250,https://www.blazedemo.com/purchase.php,287,0,0
1774386501053,399,3 - Comprar Passagem,200,OK,Teste de Carga - 250 usuarios 1-85,text,true,,6719,420,250,250,https://www.blazedemo.com/purchase.php,386,0,0
1774386499576,1878,3 - Comprar Passagem,200,OK,Teste de Carga - 250 usuarios 1-105,text,true,,6719,420,250,250,https://www.blazedemo.com/purchase.php,1865,0,0
1774386501159,304,2 - Escolher Voo,200,OK,Teste de Carga - 250 usuarios 1-198,text,true,,7381,250,250,250,https://www.blazedemo.com/reserve.php,284,0,0
1774386501189,275,3 - Comprar Passagem,200,OK,Teste de Carga - 250 usuarios 1-183,text,true,,6719,420,250,250,https://www.blazedemo.com/purchase.php,265,0,0
1774386498443,3037,1 - Acessar Home,200,OK,Teste de Carga - 250 usuarios 1-204,text,true,,4757,120,250,250,https://www.blazedemo.com/,3025,0,129
1774386500098,1385,1 - Acessar Home,200,OK,Teste de Carga - 250 usuarios 1-53,text,true,,4757,120,250,250,https://www.blazedemo.com/,1374,0,0
1774386498566,2917,2 - Escolher Voo,200,OK,Teste de Carga - 250 usuarios 1-173,text,true,,7381,250,250,250,https://www.blazedemo.com/reserve.php,2898,0,0
1774386500763,725,3 - Comprar Passagem,200,OK,Teste de Carga - 250 usuarios 1-48,text,true,,6719,420,250,250,https://www.blazedemo.com/purchase.php,713,0,0
1774386499938,1556,2 - Escolher Voo,200,OK,Teste de Carga - 250 usuarios 1-205,text,true,,7381,250,250,250,https://www.blazedemo.com/reserve.php,1536,0,0
1774386498947,2548,2 - Escolher Voo,200,OK,Teste de Carga - 250 usuarios 1-147,text,true,,7381,250,250,250,https://www.blazedemo.com/reserve.php,2532,0,0
1774386499661,1836,2 - Escolher Voo,200,OK,Teste de Carga - 250 usuarios 1-184,text,true,,7381,250,250,250,https://www.blazedemo.com/reserve.php,1816,0,0
1774386501232,268,2 - Escolher Voo,200,OK,Teste de Carga - 250 usuarios 1-74,text,true,,7381,250,250,250,https://www.blazedemo.com/reserve.php,248,0,0
1774386501035,466,3 - Comprar Passagem,200,OK,Teste de Carga - 250 usuarios 1-63,text,true,,6719,420,250,250,https://www.blazedemo.com/purchase.php,455,0,0
1774386500830,683,3 - Comprar Passagem,200,OK,Teste de Carga - 250 usuarios 1-19,text,true,,6719,420,250,250,https://www.blazedemo.com/purchase.php,670,0,0
1774386501156,357,3 - Comprar Passagem,200,OK,Teste de Carga - 250 usuarios 1-149,text,true,,6719,420,250,250,https://www.blazedemo.com/purchase.php,341,0,0
1774386499801,1717,1 - Acessar Home,200,OK,Teste de Carga - 250 usuarios 1-180,text,true,,4757,120,250,250,https://www.blazedemo.com/,1705,0,0
1774386500491,1030,2 - Escolher Voo,200,OK,Teste de Carga - 250 usuarios 1-68,text,true,,7381,250,250,250,https://www.blazedemo.com/reserve.php,1009,0,0
1774386500844,678,3 - Comprar Passagem,200,OK,Teste de Carga - 250 usuarios 1-4,text,true,,6719,420,250,250,https://www.blazedemo.com/purchase.php,666,0,0
1774386501296,228,3 - Comprar Passagem,200,OK,Teste de Carga - 250 usuarios 1-242,text,true,,6719,420,250,250,https://www.blazedemo.com/purchase.php,216,0,0
1774386501254,279,3 - Comprar Passagem,200,OK,Teste de Carga - 250 usuarios 1-82,text,true,,6719,420,250,250,https://www.blazedemo.com/purchase.php,267,0,0
1774386500449,1086,2 - Escolher Voo,200,OK,Teste de Carga - 250 usuarios 1-30,text,true,,7381,250,250,250,https://www.blazedemo.com/reserve.php,1065,0,0
1774386500568,971,1 - Acessar Home,200,OK,Teste de Carga - 250 usuarios 1-1,text,true,,4757,120,250,250,https://www.blazedemo.com/,959,0,0
1774386501233,311,2 - Escolher Voo,200,OK,Teste de Carga - 250 usuarios 1-22,text,true,,7381,250,250,250,https://www.blazedemo.com/reserve.php,292,0,0
1774386500142,1409,3 - Comprar Passagem,200,OK,Teste de Carga - 250 usuarios 1-229,text,true,,6719,420,250,250,https://www.blazedemo.com/purchase.php,1391,0,0
1774386501159,393,2 - Escolher Voo,200,OK,Teste de Carga - 250 usuarios 1-220,text,true,,7381,250,250,250,https://www.blazedemo.com/reserve.php,372,0,0
1774386500086,1497,3 - Comprar Passagem,200,OK,Teste de Carga - 250 usuarios 1-109,text,true,,6719,420,250,250,https://www.blazedemo.com/purchase.php,1485,0,0
1774386500876,710,2 - Escolher Voo,200,OK,Teste de Carga - 250 usuarios 1-172,text,true,,7381,250,250,250,https://www.blazedemo.com/reserve.php,689,0,0
1774386501228,358,1 - Acessar Home,200,OK,Teste de Carga - 250 usuarios 1-71,text,true,,4757,120,250,250,https://www.blazedemo.com/,345,0,0
1774386501171,416,3 - Comprar Passagem,200,OK,Teste de Carga - 250 usuarios 1-62,text,true,,6719,420,250,250,https://www.blazedemo.com/purchase.php,404,0,0
1774386500626,962,2 - Escolher Voo,200,OK,Teste de Carga - 250 usuarios 1-246,text,true,,7381,250,250,250,https://www.blazedemo.com/reserve.php,942,0,0
1774386498740,2850,2 - Escolher Voo,200,OK,Teste de Carga - 250 usuarios 1-66,text,true,,7381,250,250,250,https://www.blazedemo.com/reserve.php,2829,0,0
1774386501262,339,1 - Acessar Home,200,OK,Teste de Carga - 250 usuarios 1-139,text,true,,4757,120,250,250,https://www.blazedemo.com/,326,0,0
1774386498681,2920,2 - Escolher Voo,200,OK,Teste de Carga - 250 usuarios 1-100,text,true,,7381,250,250,250,https://www.blazedemo.com/reserve.php,2900,0,0
1774386498962,2640,2 - Escolher Voo,200,OK,Teste de Carga - 250 usuarios 1-166,text,true,,7381,250,250,250,https://www.blazedemo.com/reserve.php,2620,0,0
1774386501093,516,3 - Comprar Passagem,200,OK,Teste de Carga - 250 usuarios 1-141,text,true,,6719,420,250,250,https://www.blazedemo.com/purchase.php,504,0,0
1774386501354,257,3 - Comprar Passagem,200,OK,Teste de Carga - 250 usuarios 1-28,text,true,,6719,420,250,250,https://www.blazedemo.com/purchase.php,242,0,0
1774386500529,1083,2 - Escolher Voo,200,OK,Teste de Carga - 250 usuarios 1-154,text,true,,7381,250,250,250,https://www.blazedemo.com/reserve.php,1062,0,0
1774386498710,2904,1 - Acessar Home,200,OK,Teste de Carga - 250 usuarios 1-158,text,true,,4757,120,250,250,https://www.blazedemo.com/,2892,0,0
1774386501272,349,2 - Escolher Voo,200,OK,Teste de Carga - 250 usuarios 1-29,text,true,,7381,250,250,250,https://www.blazedemo.com/reserve.php,329,0,0
1774386498922,2699,1 - Acessar Home,200,OK,Teste de Carga - 250 usuarios 1-216,text,true,,4757,120,250,250,https://www.blazedemo.com/,2688,0,130
1774386501199,423,2 - Escolher Voo,200,OK,Teste de Carga - 250 usuarios 1-89,text,true,,7381,250,250,250,https://www.blazedemo.com/reserve.php,402,0,0
1774386501328,296,2 - Escolher Voo,200,OK,Teste de Carga - 250 usuarios 1-176,text,true,,7381,250,250,250,https://www.blazedemo.com/reserve.php,275,0,0
1774386498735,2897,3 - Comprar Passagem,200,OK,Teste de Carga - 250 usuarios 1-83,text,true,,6719,420,250,250,https://www.blazedemo.com/purchase.php,2885,0,0
1774386500672,971,1 - Acessar Home,200,OK,Teste de Carga - 250 usuarios 1-160,text,true,,4757,120,250,250,https://www.blazedemo.com/,959,0,0
1774386498991,2660,2 - Escolher Voo,200,OK,Teste de Carga - 250 usuarios 1-97,text,true,,7381,250,250,250,https://www.blazedemo.com/reserve.php,2641,0,0
1774386500069,1593,3 - Comprar Passagem,200,OK,Teste de Carga - 250 usuarios 1-102,text,true,,6719,420,250,250,https://www.blazedemo.com/purchase.php,1582,0,0
1774386501226,439,1 - Acessar Home,200,OK,Teste de Carga - 250 usuarios 1-203,text,true,,4757,120,250,250,https://www.blazedemo.com/,431,0,0
1774386501370,297,3 - Comprar Passagem,200,OK,Teste de Carga - 250 usuarios 1-32,text,true,,6719,420,250,250,https://www.blazedemo.com/purchase.php,287,0,0
1774386500272,1405,3 - Comprar Passagem,200,OK,Teste de Carga - 250 usuarios 1-8,text,true,,6719,420,250,250,https://www.blazedemo.com/purchase.php,1393,0,0
1774386500304,1376,2 - Escolher Voo,200,OK,Teste de Carga - 250 usuarios 1-111,text,true,,7381,250,250,250,https://www.blazedemo.com/reserve.php,1356,0,0
1774386500691,989,2 - Escolher Voo,200,OK,Teste de Carga - 250 usuarios 1-213,text,true,,7381,250,250,250,https://www.blazedemo.com/reserve.php,970,0,0
1774386501237,447,1 - Acessar Home,200,OK,Teste de Carga - 250 usuarios 1-236,text,true,,4757,120,250,250,https://www.blazedemo.com/,434,0,0
1774386500914,773,2 - Escolher Voo,200,OK,Teste de Carga - 250 usuarios 1-25,text,true,,7381,250,250,250,https://www.blazedemo.com/reserve.php,753,0,0
1774386500099,1593,2 - Escolher Voo,200,OK,Teste de Carga - 250 usuarios 1-137,text,true,,7381,250,250,250,https://www.blazedemo.com/reserve.php,1573,0,0
1774386498789,2908,1 - Acessar Home,200,OK,Teste de Carga - 250 usuarios 1-12,text,true,,4757,120,250,250,https://www.blazedemo.com/,2897,0,0
1774386501359,340,2 - Escolher Voo,200,OK,Teste de Carga - 250 usuarios 1-113,text,true,,7381,250,250,250,https://www.blazedemo.com/reserve.php,325,0,0
1774386501430,271,1 - Acessar Home,200,OK,Teste de Carga - 250 usuarios 1-151,text,true,,4757,120,250,250,https://www.blazedemo.com/,260,0,0
1774386498872,2830,3 - Comprar Passagem,200,OK,Teste de Carga - 250 usuarios 1-70,text,true,,6719,420,250,250,https://www.blazedemo.com/purchase.php,2818,0,0
1774386501369,336,3 - Comprar Passagem,200,OK,Teste de Carga - 250 usuarios 1-37,text,true,,6719,420,250,250,https://www.blazedemo.com/purchase.php,323,0,0
1774386501361,348,2 - Escolher Voo,200,OK,Teste de Carga - 250 usuarios 1-43,text,true,,7381,250,250,250,https://www.blazedemo.com/reserve.php,326,0,0
1774386501354,355,3 - Comprar Passagem,200,OK,Teste de Carga - 250 usuarios 1-237,text,true,,6719,420,250,250,https://www.blazedemo.com/purchase.php,338,0,0
1774386501229,480,3 - Comprar Passagem,200,OK,Teste de Carga - 250 usuarios 1-99,text,true,,6719,420,250,250,https://www.blazedemo.com/purchase.php,466,0,0
1774386500532,1177,2 - Escolher Voo,200,OK,Teste de Carga - 250 usuarios 1-193,text,true,,7381,250,250,250,https://www.blazedemo.com/reserve.php,1158,0,0
1774386501452,266,1 - Acessar Home,200,OK,Teste de Carga - 250 usuarios 1-85,text,true,,4757,120,250,250,https://www.blazedemo.com/,253,0,0
1774386501270,451,2 - Escolher Voo,200,OK,Teste de Carga - 250 usuarios 1-114,text,true,,7381,250,250,250,https://www.blazedemo.com/reserve.php,431,0,0
1774386501244,482,3 - Comprar Passagem,200,OK,Teste de Carga - 250 usuarios 1-249,text,true,,6719,420,250,250,https://www.blazedemo.com/purchase.php,469,0,0
1774386501450,277,3 - Comprar Passagem,200,OK,Teste de Carga - 250 usuarios 1-248,text,true,,6719,420,250,250,https://www.blazedemo.com/purchase.php,263,0,0
1774386500122,1606,2 - Escolher Voo,200,OK,Teste de Carga - 250 usuarios 1-117,text,true,,7381,250,250,250,https://www.blazedemo.com/reserve.php,1587,0,0
1774386501402,330,3 - Comprar Passagem,200,OK,Teste de Carga - 250 usuarios 1-194,text,true,,6719,420,250,250,https://www.blazedemo.com/purchase.php,317,0,0
1774386501441,299,1 - Acessar Home,200,OK,Teste de Carga - 250 usuarios 1-7,text,true,,4757,120,250,250,https://www.blazedemo.com/,287,0,0
1774386501416,325,3 - Comprar Passagem,200,OK,Teste de Carga - 250 usuarios 1-185,text,true,,6719,420,250,250,https://www.blazedemo.com/purchase.php,314,0,0
1774386500726,1017,2 - Escolher Voo,200,OK,Teste de Carga - 250 usuarios 1-54,text,true,,7381,250,250,250,https://www.blazedemo.com/reserve.php,995,0,0
1774386500185,1572,2 - Escolher Voo,200,OK,Teste de Carga - 250 usuarios 1-178,text,true,,7381,250,250,250,https://www.blazedemo.com/reserve.php,1551,0,0
1774386500049,1716,1 - Acessar Home,200,OK,Teste de Carga - 250 usuarios 1-16,text,true,,4757,120,250,250,https://www.blazedemo.com/,1703,0,0
1774386500920,848,1 - Acessar Home,200,OK,Teste de Carga - 250 usuarios 1-34,text,true,,4757,120,250,250,https://www.blazedemo.com/,836,0,0
1774386499088,2681,2 - Escolher Voo,200,OK,Teste de Carga - 250 usuarios 1-208,text,true,,7381,250,250,250,https://www.blazedemo.com/reserve.php,2661,0,0
1774386501518,260,2 - Escolher Voo,200,OK,Teste de Carga - 250 usuarios 1-180,text,true,,7381,250,250,250,https://www.blazedemo.com/reserve.php,240,0,0
1774386501357,428,3 - Comprar Passagem,200,OK,Teste de Carga - 250 usuarios 1-168,text,true,,6719,420,250,250,https://www.blazedemo.com/purchase.php,415,0,0
1774386500973,812,2 - Escolher Voo,200,OK,Teste de Carga - 250 usuarios 1-106,text,true,,7381,250,250,250,https://www.blazedemo.com/reserve.php,791,0,0
1774386499003,2789,1 - Acessar Home,200,OK,Teste de Carga - 250 usuarios 1-164,text,true,,4757,120,250,250,https://www.blazedemo.com/,2778,0,0
1774386498800,3002,3 - Comprar Passagem,200,OK,Teste de Carga - 250 usuarios 1-46,text,true,,6719,420,250,250,https://www.blazedemo.com/purchase.php,2989,0,0
1774386499274,2532,3 - Comprar Passagem,200,OK,Teste de Carga - 250 usuarios 1-165,text,true,,6719,420,250,250,https://www.blazedemo.com/purchase.php,2520,0,0
1774386501544,266,3 - Comprar Passagem,200,OK,Teste de Carga - 250 usuarios 1-22,text,true,,6719,420,250,250,https://www.blazedemo.com/purchase.php,253,0,0
1774386501440,376,1 - Acessar Home,200,OK,Teste de Carga - 250 usuarios 1-49,text,true,,4757,120,250,250,https://www.blazedemo.com/,364,0,0
1774386501417,404,2 - Escolher Voo,200,OK,Teste de Carga - 250 usuarios 1-182,text,true,,7381,250,250,250,https://www.blazedemo.com/reserve.php,383,0,0
1774386501463,361,3 - Comprar Passagem,200,OK,Teste de Carga - 250 usuarios 1-198,text,true,,6719,420,250,250,https://www.blazedemo.com/purchase.php,349,0,0
1774386501497,329,3 - Comprar Passagem,200,OK,Teste de Carga - 250 usuarios 1-184,text,true,,6719,420,250,250,https://www.blazedemo.com/purchase.php,317,0,0
1774386501533,298,1 - Acessar Home,200,OK,Teste de Carga - 250 usuarios 1-82,text,true,,4757,120,250,250,https://www.blazedemo.com/,286,0,0
1774386500989,844,3 - Comprar Passagem,200,OK,Teste de Carga - 250 usuarios 1-94,text,true,,6719,420,250,250,https://www.blazedemo.com/purchase.php,832,0,0
1774386498872,2961,2 - Escolher Voo,200,OK,Teste de Carga - 250 usuarios 1-175,text,true,,7381,250,250,250,https://www.blazedemo.com/reserve.php,2940,0,0
1774386500744,1089,1 - Acessar Home,200,OK,Teste de Carga - 250 usuarios 1-233,text,true,,4757,120,250,250,https://www.blazedemo.com/,1078,0,0
1774386500623,1215,1 - Acessar Home,200,OK,Teste de Carga - 250 usuarios 1-119,text,true,,4757,120,250,250,https://www.blazedemo.com/,1205,0,0
1774386501242,596,3 - Comprar Passagem,200,OK,Teste de Carga - 250 usuarios 1-214,text,true,,6719,420,250,250,https://www.blazedemo.com/purchase.php,580,0,0
1774386500266,1574,2 - Escolher Voo,200,OK,Teste de Carga - 250 usuarios 1-238,text,true,,7381,250,250,250,https://www.blazedemo.com/reserve.php,1553,0,0
1774386501586,257,3 - Comprar Passagem,200,OK,Teste de Carga - 250 usuarios 1-172,text,true,,6719,420,250,250,https://www.blazedemo.com/purchase.php,245,0,0
1774386501421,423,2 - Escolher Voo,200,OK,Teste de Carga - 250 usuarios 1-202,text,true,,7381,250,250,250,https://www.blazedemo.com/reserve.php,399,0,0
1774386501075,797,2 - Escolher Voo,200,OK,Teste de Carga - 250 usuarios 1-179,text,true,,7381,250,250,250,https://www.blazedemo.com/reserve.php,777,0,0
1774386500977,898,2 - Escolher Voo,200,OK,Teste de Carga - 250 usuarios 1-222,text,true,,7381,250,250,250,https://www.blazedemo.com/reserve.php,877,0,0
1774386500159,1718,1 - Acessar Home,200,OK,Teste de Carga - 250 usuarios 1-61,text,true,,4757,120,250,250,https://www.blazedemo.com/,1706,0,0
1774386501513,364,1 - Acessar Home,200,OK,Teste de Carga - 250 usuarios 1-19,text,true,,4757,120,250,250,https://www.blazedemo.com/,352,0,0
1774386501454,423,1 - Acessar Home,200,OK,Teste de Carga - 250 usuarios 1-105,text,true,,4757,120,250,250,https://www.blazedemo.com/,411,0,0
1774386501524,355,1 - Acessar Home,200,OK,Teste de Carga - 250 usuarios 1-242,text,true,,4757,120,250,250,https://www.blazedemo.com/,343,0,0
1774386500112,1776,3 - Comprar Passagem,200,OK,Teste de Carga - 250 usuarios 1-101,text,true,,6719,420,250,250,https://www.blazedemo.com/purchase.php,1764,0,0
1774386501601,288,3 - Comprar Passagem,200,OK,Teste de Carga - 250 usuarios 1-100,text,true,,6719,420,250,250,https://www.blazedemo.com/purchase.php,276,0,0
1774386500725,1170,2 - Escolher Voo,200,OK,Teste de Carga - 250 usuarios 1-211,text,true,,7381,250,250,250,https://www.blazedemo.com/reserve.php,1151,0,0
1774386500615,1281,1 - Acessar Home,200,OK,Teste de Carga - 250 usuarios 1-136,text,true,,4757,120,250,250,https://www.blazedemo.com/,1271,0,0
1774386501587,311,1 - Acessar Home,200,OK,Teste de Carga - 250 usuarios 1-62,text,true,,4757,120,250,250,https://www.blazedemo.com/,301,0,0
1774386501535,367,3 - Comprar Passagem,200,OK,Teste de Carga - 250 usuarios 1-30,text,true,,6719,420,250,250,https://www.blazedemo.com/purchase.php,356,0,0
1774386501586,319,2 - Escolher Voo,200,OK,Teste de Carga - 250 usuarios 1-71,text,true,,7381,250,250,250,https://www.blazedemo.com/reserve.php,298,0,0
1774386499001,2906,1 - Acessar Home,200,OK,Teste de Carga - 250 usuarios 1-126,text,true,,4757,120,250,250,https://www.blazedemo.com/,2894,0,0
1774386500739,1173,2 - Escolher Voo,200,OK,Teste de Carga - 250 usuarios 1-118,text,true,,7381,250,250,250,https://www.blazedemo.com/reserve.php,1153,0,0
1774386501624,293,3 - Comprar Passagem,200,OK,Teste de Carga - 250 usuarios 1-176,text,true,,6719,420,250,250,https://www.blazedemo.com/purchase.php,276,0,0
1774386500201,1718,2 - Escolher Voo,200,OK,Teste de Carga - 250 usuarios 1-234,text,true,,7381,250,250,250,https://www.blazedemo.com/reserve.php,1699,0,0
1774386501023,905,3 - Comprar Passagem,200,OK,Teste de Carga - 250 usuarios 1-155,text,true,,6719,420,250,250,https://www.blazedemo.com/purchase.php,889,0,0
1774386499353,2577,3 - Comprar Passagem,200,OK,Teste de Carga - 250 usuarios 1-59,text,true,,6719,420,250,250,https://www.blazedemo.com/purchase.php,2562,0,0
1774386501602,329,3 - Comprar Passagem,200,OK,Teste de Carga - 250 usuarios 1-166,text,true,,6719,420,250,250,https://www.blazedemo.com/purchase.php,317,0,0
1774386501240,692,1 - Acessar Home,200,OK,Teste de Carga - 250 usuarios 1-124,text,true,,4757,120,250,250,https://www.blazedemo.com/,679,0,0
1774386501621,318,2 - Escolher Voo,200,OK,Teste de Carga - 250 usuarios 1-216,text,true,,7381,250,250,250,https://www.blazedemo.com/reserve.php,297,0,0
1774386501165,777,2 - Escolher Voo,200,OK,Teste de Carga - 250 usuarios 1-123,text,true,,7381,250,250,250,https://www.blazedemo.com/reserve.php,756,0,0
1774386500616,1326,2 - Escolher Voo,200,OK,Teste de Carga - 250 usuarios 1-96,text,true,,7381,250,250,250,https://www.blazedemo.com/reserve.php,1305,0,0
1774386499025,2918,1 - Acessar Home,200,OK,Teste de Carga - 250 usuarios 1-134,text,true,,4757,120,250,250,https://www.blazedemo.com/,2906,0,0
1774386501588,356,3 - Comprar Passagem,200,OK,Teste de Carga - 250 usuarios 1-246,text,true,,6719,420,250,250,https://www.blazedemo.com/purchase.php,344,0,0
1774386501500,452,3 - Comprar Passagem,200,OK,Teste de Carga - 250 usuarios 1-74,text,true,,6719,420,250,250,https://www.blazedemo.com/purchase.php,441,0,0
1774386501665,292,2 - Escolher Voo,200,OK,Teste de Carga - 250 usuarios 1-203,text,true,,7381,250,250,250,https://www.blazedemo.com/reserve.php,272,0,0
1774386500306,1664,3 - Comprar Passagem,200,OK,Teste de Carga - 250 usuarios 1-228,text,true,,6719,420,250,250,https://www.blazedemo.com/purchase.php,1652,0,0
1774386501226,744,3 - Comprar Passagem,200,OK,Teste de Carga - 250 usuarios 1-207,text,true,,6719,420,250,250,https://www.blazedemo.com/purchase.php,728,0,0
1774386501070,904,1 - Acessar Home,200,OK,Teste de Carga - 250 usuarios 1-240,text,true,,4757,120,250,250,https://www.blazedemo.com/,893,0,0
1774386499383,2604,3 - Comprar Passagem,200,OK,Teste de Carga - 250 usuarios 1-170,text,true,,6719,420,250,250,https://www.blazedemo.com/purchase.php,2592,0,0
1774386499323,2670,1 - Acessar Home,200,OK,Teste de Carga - 250 usuarios 1-226,text,true,,4757,120,250,250,https://www.blazedemo.com/,2659,0,128
1774386501615,380,2 - Escolher Voo,200,OK,Teste de Carga - 250 usuarios 1-158,text,true,,7381,250,250,250,https://www.blazedemo.com/reserve.php,363,0,0
1774386501551,444,1 - Acessar Home,200,OK,Teste de Carga - 250 usuarios 1-229,text,true,,4757,120,250,250,https://www.blazedemo.com/,432,0,0
1774386501601,398,2 - Escolher Voo,200,OK,Teste de Carga - 250 usuarios 1-139,text,true,,7381,250,250,250,https://www.blazedemo.com/reserve.php,376,0,0
1774386501721,279,3 - Comprar Passagem,200,OK,Teste de Carga - 250 usuarios 1-114,text,true,,6719,420,250,250,https://www.blazedemo.com/purchase.php,267,0,0
1774386501687,314,3 - Comprar Passagem,200,OK,Teste de Carga - 250 usuarios 1-25,text,true,,6719,420,250,250,https://www.blazedemo.com/purchase.php,303,0,0
1774386501709,299,1 - Acessar Home,200,OK,Teste de Carga - 250 usuarios 1-237,text,true,,4757,120,250,250,https://www.blazedemo.com/,287,0,0
1774386501702,310,1 - Acessar Home,200,OK,Teste de Carga - 250 usuarios 1-70,text,true,,4757,120,250,250,https://www.blazedemo.com/,298,0,0
1774386500727,1290,2 - Escolher Voo,200,OK,Teste de Carga - 250 usuarios 1-11,text,true,,7381,250,250,250,https://www.blazedemo.com/reserve.php,1273,0,0
1774386501522,499,3 - Comprar Passagem,200,OK,Teste de Carga - 250 usuarios 1-68,text,true,,6719,420,250,250,https://www.blazedemo.com/purchase.php,488,0,0
1774386501732,290,1 - Acessar Home,200,OK,Teste de Carga - 250 usuarios 1-194,text,true,,4757,120,250,250,https://www.blazedemo.com/,279,0,0
1774386499059,2967,2 - Escolher Voo,200,OK,Teste de Carga - 250 usuarios 1-146,text,true,,7381,250,250,250,https://www.blazedemo.com/reserve.php,2944,0,0
1774386500696,1330,3 - Comprar Passagem,200,OK,Teste de Carga - 250 usuarios 1-64,text,true,,6719,420,250,250,https://www.blazedemo.com/purchase.php,1316,0,0
1774386501778,253,3 - Comprar Passagem,200,OK,Teste de Carga - 250 usuarios 1-180,text,true,,6719,420,250,250,https://www.blazedemo.com/purchase.php,240,0,0
1774386501621,410,3 - Comprar Passagem,200,OK,Teste de Carga - 250 usuarios 1-29,text,true,,6719,420,250,250,https://www.blazedemo.com/purchase.php,399,0,0
1774386501251,781,2 - Escolher Voo,200,OK,Teste de Carga - 250 usuarios 1-72,text,true,,7381,250,250,250,https://www.blazedemo.com/reserve.php,760,0,0
1774386500841,1192,3 - Comprar Passagem,200,OK,Teste de Carga - 250 usuarios 1-244,text,true,,6719,420,250,250,https://www.blazedemo.com/purchase.php,1180,0,0
1774386501421,622,2 - Escolher Voo,200,OK,Teste de Carga - 250 usuarios 1-90,text,true,,7381,250,250,250,https://www.blazedemo.com/reserve.php,605,0,0
1774386501709,347,3 - Comprar Passagem,200,OK,Teste de Carga - 250 usuarios 1-43,text,true,,6719,420,250,250,https://www.blazedemo.com/purchase.php,335,0,0
1774386500202,1857,2 - Escolher Voo,200,OK,Teste de Carga - 250 usuarios 1-217,text,true,,7381,250,250,250,https://www.blazedemo.com/reserve.php,1837,0,0
1774386498764,3296,1 - Acessar Home,200,OK,Teste de Carga - 250 usuarios 1-212,text,true,,4757,120,250,250,https://www.blazedemo.com/,3284,0,134
1774386501102,958,3 - Comprar Passagem,200,OK,Teste de Carga - 250 usuarios 1-133,text,true,,6719,420,250,250,https://www.blazedemo.com/purchase.php,946,0,0
1774386501757,308,3 - Comprar Passagem,200,OK,Teste de Carga - 250 usuarios 1-178,text,true,,6719,420,250,250,https://www.blazedemo.com/purchase.php,296,0,0
1774386501309,756,3 - Comprar Passagem,200,OK,Teste de Carga - 250 usuarios 1-219,text,true,,6719,420,250,250,https://www.blazedemo.com/purchase.php,744,0,0
1774386500444,1621,3 - Comprar Passagem,200,OK,Teste de Carga - 250 usuarios 1-156,text,true,,6719,420,250,250,https://www.blazedemo.com/purchase.php,1610,0,0
1774386500332,1735,2 - Escolher Voo,200,OK,Teste de Carga - 250 usuarios 1-230,text,true,,7381,250,250,250,https://www.blazedemo.com/reserve.php,1715,0,0
1774386500858,1210,3 - Comprar Passagem,200,OK,Teste de Carga - 250 usuarios 1-31,text,true,,6719,420,250,250,https://www.blazedemo.com/purchase.php,1198,0,0
1774386500840,1242,3 - Comprar Passagem,200,OK,Teste de Carga - 250 usuarios 1-148,text,true,,6719,420,250,250,https://www.blazedemo.com/purchase.php,1229,0,0
1774386501151,935,3 - Comprar Passagem,200,OK,Teste de Carga - 250 usuarios 1-195,text,true,,6719,420,250,250,https://www.blazedemo.com/purchase.php,918,0,0
1774386501768,324,2 - Escolher Voo,200,OK,Teste de Carga - 250 usuarios 1-34,text,true,,7381,250,250,250,https://www.blazedemo.com/reserve.php,308,0,0
1774386500952,1141,2 - Escolher Voo,200,OK,Teste de Carga - 250 usuarios 1-245,text,true,,7381,250,250,250,https://www.blazedemo.com/reserve.php,1125,0,0
1774386501523,572,1 - Acessar Home,200,OK,Teste de Carga - 250 usuarios 1-4,text,true,,4757,120,250,250,https://www.blazedemo.com/,560,0,0
1774386501622,480,3 - Comprar Passagem,200,OK,Teste de Carga - 250 usuarios 1-89,text,true,,6719,420,250,250,https://www.blazedemo.com/purchase.php,468,0,0
1774386501359,744,3 - Comprar Passagem,200,OK,Teste de Carga - 250 usuarios 1-189,text,true,,6719,420,250,250,https://www.blazedemo.com/purchase.php,733,0,0
1774386500910,1197,1 - Acessar Home,200,OK,Teste de Carga - 250 usuarios 1-38,text,true,,4757,120,250,250,https://www.blazedemo.com/,1185,0,0
1774386499034,3075,3 - Comprar Passagem,200,OK,Teste de Carga - 250 usuarios 1-140,text,true,,6719,420,250,250,https://www.blazedemo.com/purchase.php,3058,0,0
1774386501839,278,1 - Acessar Home,200,OK,Teste de Carga - 250 usuarios 1-214,text,true,,4757,120,250,250,https://www.blazedemo.com/,266,0,0
1774386499499,2622,3 - Comprar Passagem,200,OK,Teste de Carga - 250 usuarios 1-210,text,true,,6719,420,250,250,https://www.blazedemo.com/purchase.php,2603,0,0
1774386501699,426,3 - Comprar Passagem,200,OK,Teste de Carga - 250 usuarios 1-113,text,true,,6719,420,250,250,https://www.blazedemo.com/purchase.php,409,0,0
1774386501632,498,1 - Acessar Home,200,OK,Teste de Carga - 250 usuarios 1-83,text,true,,4757,120,250,250,https://www.blazedemo.com/,487,0,0
1774386501501,632,1 - Acessar Home,200,OK,Teste de Carga - 250 usuarios 1-63,text,true,,4757,120,250,250,https://www.blazedemo.com/,622,0,0
1774386501651,495,3 - Comprar Passagem,200,OK,Teste de Carga - 250 usuarios 1-97,text,true,,6719,420,250,250,https://www.blazedemo.com/purchase.php,483,0,0
1774386499799,2348,3 - Comprar Passagem,200,OK,Teste de Carga - 250 usuarios 1-93,text,true,,6719,420,250,250,https://www.blazedemo.com/purchase.php,2337,0,0
1774386500481,1675,1 - Acessar Home,200,OK,Teste de Carga - 250 usuarios 1-129,text,true,,4757,120,250,250,https://www.blazedemo.com/,1664,0,0
1774386499809,2347,2 - Escolher Voo,200,OK,Teste de Carga - 250 usuarios 1-127,text,true,,7381,250,250,250,https://www.blazedemo.com/reserve.php,2328,0,0
1774386500880,1276,1 - Acessar Home,200,OK,Teste de Carga - 250 usuarios 1-177,text,true,,4757,120,250,250,https://www.blazedemo.com/,1265,0,0
1774386501590,585,3 - Comprar Passagem,200,OK,Teste de Carga - 250 usuarios 1-66,text,true,,6719,420,250,250,https://www.blazedemo.com/purchase.php,568,0,0
1774386501895,280,3 - Comprar Passagem,200,OK,Teste de Carga - 250 usuarios 1-211,text,true,,6719,420,250,250,https://www.blazedemo.com/purchase.php,267,0,0
1774386501875,301,3 - Comprar Passagem,200,OK,Teste de Carga - 250 usuarios 1-222,text,true,,6719,420,250,250,https://www.blazedemo.com/purchase.php,285,0,0
1774386501336,844,3 - Comprar Passagem,200,OK,Teste de Carga - 250 usuarios 1-191,text,true,,6719,420,250,250,https://www.blazedemo.com/purchase.php,832,0,0
1774386500982,1198,3 - Comprar Passagem,200,OK,Teste de Carga - 250 usuarios 1-17,text,true,,6719,420,250,250,https://www.blazedemo.com/purchase.php,1186,0,0
1774386501821,359,3 - Comprar Passagem,200,OK,Teste de Carga - 250 usuarios 1-182,text,true,,6719,420,250,250,https://www.blazedemo.com/purchase.php,348,0,0
1774386501357,827,1 - Acessar Home,200,OK,Teste de Carga - 250 usuarios 1-235,text,true,,4757,120,250,250,https://www.blazedemo.com/,816,0,0
1774386501898,294,2 - Escolher Voo,200,OK,Teste de Carga - 250 usuarios 1-62,text,true,,7381,250,250,250,https://www.blazedemo.com/reserve.php,274,0,0
1774386500959,1236,1 - Acessar Home,200,OK,Teste de Carga - 250 usuarios 1-199,text,true,,4757,120,250,250,https://www.blazedemo.com/,1225,0,0
1774386499134,3063,3 - Comprar Passagem,200,OK,Teste de Carga - 250 usuarios 1-169,text,true,,6719,420,250,250,https://www.blazedemo.com/purchase.php,3050,0,0
1774386501726,473,1 - Acessar Home,200,OK,Teste de Carga - 250 usuarios 1-249,text,true,,4757,120,250,250,https://www.blazedemo.com/,459,0,0
1774386501370,830,2 - Escolher Voo,200,OK,Teste de Carga - 250 usuarios 1-79,text,true,,7381,250,250,250,https://www.blazedemo.com/reserve.php,810,0,0
1774386500897,1304,1 - Acessar Home,200,OK,Teste de Carga - 250 usuarios 1-110,text,true,,4757,120,250,250,https://www.blazedemo.com/,1293,0,0
1774386501929,281,1 - Acessar Home,200,OK,Teste de Carga - 250 usuarios 1-155,text,true,,4757,120,250,250,https://www.blazedemo.com/,270,0,0
1774386501833,387,2 - Escolher Voo,200,OK,Teste de Carga - 250 usuarios 1-233,text,true,,7381,250,250,250,https://www.blazedemo.com/reserve.php,368,0,0
1774386501942,280,3 - Comprar Passagem,200,OK,Teste de Carga - 250 usuarios 1-96,text,true,,6719,420,250,250,https://www.blazedemo.com/purchase.php,269,0,0
1774386501917,305,1 - Acessar Home,200,OK,Teste de Carga - 250 usuarios 1-176,text,true,,4757,120,250,250,https://www.blazedemo.com/,293,0,0
1774386501970,255,1 - Acessar Home,200,OK,Teste de Carga - 250 usuarios 1-207,text,true,,4757,120,250,250,https://www.blazedemo.com/,243,0,0
1774386501943,285,2 - Escolher Voo,200,OK,Teste de Carga - 250 usuarios 1-134,text,true,,7381,250,250,250,https://www.blazedemo.com/reserve.php,265,0,0
1774386501785,456,3 - Comprar Passagem,200,OK,Teste de Carga - 250 usuarios 1-106,text,true,,6719,420,250,250,https://www.blazedemo.com/purchase.php,439,0,0
1774386501833,414,3 - Comprar Passagem,200,OK,Teste de Carga - 250 usuarios 1-175,text,true,,6719,420,250,250,https://www.blazedemo.com/purchase.php,404,0,0
1774386501912,345,3 - Comprar Passagem,200,OK,Teste de Carga - 250 usuarios 1-118,text,true,,6719,420,250,250,https://www.blazedemo.com/purchase.php,333,0,0
1774386499936,2322,1 - Acessar Home,200,OK,Teste de Carga - 250 usuarios 1-40,text,true,,4757,120,250,250,https://www.blazedemo.com/,2311,0,0
1774386501379,882,1 - Acessar Home,200,OK,Teste de Carga - 250 usuarios 1-157,text,true,,4757,120,250,250,https://www.blazedemo.com/,871,0,0
1774386500977,1286,1 - Acessar Home,200,OK,Teste de Carga - 250 usuarios 1-104,text,true,,4757,120,250,250,https://www.blazedemo.com/,1274,0,0
1774386500498,1766,2 - Escolher Voo,200,OK,Teste de Carga - 250 usuarios 1-69,text,true,,7381,250,250,250,https://www.blazedemo.com/reserve.php,1749,0,0
1774386499201,3073,3 - Comprar Passagem,200,OK,Teste de Carga - 250 usuarios 1-128,text,true,,6719,420,250,250,https://www.blazedemo.com/purchase.php,3061,0,0
1774386501975,303,2 - Escolher Voo,200,OK,Teste de Carga - 250 usuarios 1-240,text,true,,7381,250,250,250,https://www.blazedemo.com/reserve.php,282,0,0
1774386501435,850,3 - Comprar Passagem,200,OK,Teste de Carga - 250 usuarios 1-77,text,true,,6719,420,250,250,https://www.blazedemo.com/purchase.php,834,0,0
1774386501552,745,3 - Comprar Passagem,200,OK,Teste de Carga - 250 usuarios 1-220,text,true,,6719,420,250,250,https://www.blazedemo.com/purchase.php,728,0,0
1774386502008,291,2 - Escolher Voo,200,OK,Teste de Carga - 250 usuarios 1-237,text,true,,7381,250,250,250,https://www.blazedemo.com/reserve.php,271,0,0
1774386501958,347,3 - Comprar Passagem,200,OK,Teste de Carga - 250 usuarios 1-203,text,true,,6719,420,250,250,https://www.blazedemo.com/purchase.php,336,0,0
1774386500980,1327,2 - Escolher Voo,200,OK,Teste de Carga - 250 usuarios 1-187,text,true,,7381,250,250,250,https://www.blazedemo.com/reserve.php,1306,0,0
1774386501995,324,2 - Escolher Voo,200,OK,Teste de Carga - 250 usuarios 1-229,text,true,,7381,250,250,250,https://www.blazedemo.com/reserve.php,307,0,0
1774386501931,391,1 - Acessar Home,200,OK,Teste de Carga - 250 usuarios 1-166,text,true,,4757,120,250,250,https://www.blazedemo.com/,379,0,0
1774386502044,278,3 - Comprar Passagem,200,OK,Teste de Carga - 250 usuarios 1-90,text,true,,6719,420,250,250,https://www.blazedemo.com/purchase.php,265,0,0
1774386501833,491,1 - Acessar Home,200,OK,Teste de Carga - 250 usuarios 1-94,text,true,,4757,120,250,250,https://www.blazedemo.com/,479,0,0
1774386501136,1192,1 - Acessar Home,200,OK,Teste de Carga - 250 usuarios 1-231,text,true,,4757,120,250,250,https://www.blazedemo.com/,1180,0,0
1774386502060,269,1 - Acessar Home,200,OK,Teste de Carga - 250 usuarios 1-133,text,true,,4757,120,250,250,https://www.blazedemo.com/,256,0,0
1774386501727,613,1 - Acessar Home,200,OK,Teste de Carga - 250 usuarios 1-248,text,true,,4757,120,250,250,https://www.blazedemo.com/,601,0,0
1774386501096,1244,2 - Escolher Voo,200,OK,Teste de Carga - 250 usuarios 1-125,text,true,,7381,250,250,250,https://www.blazedemo.com/reserve.php,1224,0,0
1774386501381,962,3 - Comprar Passagem,200,OK,Teste de Carga - 250 usuarios 1-232,text,true,,6719,420,250,250,https://www.blazedemo.com/purchase.php,950,0,0
1774386501999,351,3 - Comprar Passagem,200,OK,Teste de Carga - 250 usuarios 1-139,text,true,,6719,420,250,250,https://www.blazedemo.com/purchase.php,339,0,0
1774386502068,283,1 - Acessar Home,200,OK,Teste de Carga - 250 usuarios 1-31,text,true,,4757,120,250,250,https://www.blazedemo.com/,271,0,0
1774386501987,371,1 - Acessar Home,200,OK,Teste de Carga - 250 usuarios 1-170,text,true,,4757,120,250,250,https://www.blazedemo.com/,359,0,0
1774386500598,1770,3 - Comprar Passagem,200,OK,Teste de Carga - 250 usuarios 1-132,text,true,,6719,420,250,250,https://www.blazedemo.com/purchase.php,1758,0,0
1774386501877,495,2 - Escolher Voo,200,OK,Teste de Carga - 250 usuarios 1-19,text,true,,7381,250,250,250,https://www.blazedemo.com/reserve.php,478,0,0
1774386501165,1207,2 - Escolher Voo,200,OK,Teste de Carga - 250 usuarios 1-225,text,true,,7381,250,250,250,https://www.blazedemo.com/reserve.php,1191,0,0
1774386500574,1804,2 - Escolher Voo,200,OK,Teste de Carga - 250 usuarios 1-135,text,true,,7381,250,250,250,https://www.blazedemo.com/reserve.php,1783,0,0
1774386502022,356,2 - Escolher Voo,200,OK,Teste de Carga - 250 usuarios 1-194,text,true,,7381,250,250,250,https://www.blazedemo.com/reserve.php,336,0,0
1774386500393,1987,2 - Escolher Voo,200,OK,Teste de Carga - 250 usuarios 1-163,text,true,,7381,250,250,250,https://www.blazedemo.com/reserve.php,1970,0,0
1774386499192,3197,2 - Escolher Voo,200,OK,Teste de Carga - 250 usuarios 1-153,text,true,,7381,250,250,250,https://www.blazedemo.com/reserve.php,3178,0,0
1774386501905,493,3 - Comprar Passagem,200,OK,Teste de Carga - 250 usuarios 1-71,text,true,,6719,420,250,250,https://www.blazedemo.com/purchase.php,482,0,0
1774386502060,341,2 - Escolher Voo,200,OK,Teste de Carga - 250 usuarios 1-212,text,true,,7381,250,250,250,https://www.blazedemo.com/reserve.php,320,0,0
1774386501879,533,2 - Escolher Voo,200,OK,Teste de Carga - 250 usuarios 1-242,text,true,,7381,250,250,250,https://www.blazedemo.com/reserve.php,514,0,0
1774386501411,1004,3 - Comprar Passagem,200,OK,Teste de Carga - 250 usuarios 1-116,text,true,,6719,420,250,250,https://www.blazedemo.com/purchase.php,992,0,0
1774386499486,2941,2 - Escolher Voo,200,OK,Teste de Carga - 250 usuarios 1-112,text,true,,7381,250,250,250,https://www.blazedemo.com/reserve.php,2921,0,0
1774386502082,346,1 - Acessar Home,200,OK,Teste de Carga - 250 usuarios 1-148,text,true,,4757,120,250,250,https://www.blazedemo.com/,334,0,0
1774386502148,283,1 - Acessar Home,200,OK,Teste de Carga - 250 usuarios 1-93,text,true,,4757,120,250,250,https://www.blazedemo.com/,272,0,0
1774386501743,690,3 - Comprar Passagem,200,OK,Teste de Carga - 250 usuarios 1-54,text,true,,6719,420,250,250,https://www.blazedemo.com/purchase.php,677,0,0
1774386502107,326,2 - Escolher Voo,200,OK,Teste de Carga - 250 usuarios 1-38,text,true,,7381,250,250,250,https://www.blazedemo.com/reserve.php,306,0,0
1774386502017,421,3 - Comprar Passagem,200,OK,Teste de Carga - 250 usuarios 1-11,text,true,,6719,420,250,250,https://www.blazedemo.com/purchase.php,408,0,0
1774386501609,829,1 - Acessar Home,200,OK,Teste de Carga - 250 usuarios 1-141,text,true,,4757,120,250,250,https://www.blazedemo.com/,818,0,0
1774386502180,264,1 - Acessar Home,200,OK,Teste de Carga - 250 usuarios 1-191,text,true,,4757,120,250,250,https://www.blazedemo.com/,253,0,0
1774386502199,247,2 - Escolher Voo,200,OK,Teste de Carga - 250 usuarios 1-249,text,true,,7381,250,250,250,https://www.blazedemo.com/reserve.php,228,0,0
1774386502184,268,2 - Escolher Voo,200,OK,Teste de Carga - 250 usuarios 1-235,text,true,,7381,250,250,250,https://www.blazedemo.com/reserve.php,247,0,0
1774386501902,550,1 - Acessar Home,200,OK,Teste de Carga - 250 usuarios 1-30,text,true,,4757,120,250,250,https://www.blazedemo.com/,540,0,0
1774386499371,3103,3 - Comprar Passagem,200,OK,Teste de Carga - 250 usuarios 1-18,text,true,,6719,420,250,250,https://www.blazedemo.com/purchase.php,3084,0,0
1774386502065,409,1 - Acessar Home,200,OK,Teste de Carga - 250 usuarios 1-156,text,true,,4757,120,250,250,https://www.blazedemo.com/,395,0,0
1774386500647,1827,1 - Acessar Home,200,OK,Teste de Carga - 250 usuarios 1-150,text,true,,4757,120,250,250,https://www.blazedemo.com/,1816,0,0
1774386502021,461,1 - Acessar Home,200,OK,Teste de Carga - 250 usuarios 1-68,text,true,,4757,120,250,250,https://www.blazedemo.com/,449,0,0
1774386502156,335,2 - Escolher Voo,200,OK,Teste de Carga - 250 usuarios 1-129,text,true,,7381,250,250,250,https://www.blazedemo.com/reserve.php,318,0,0
1774386502226,273,2 - Escolher Voo,200,OK,Teste de Carga - 250 usuarios 1-207,text,true,,7381,250,250,250,https://www.blazedemo.com/reserve.php,252,0,0
1774386499956,2545,1 - Acessar Home,200,OK,Teste de Carga - 250 usuarios 1-209,text,true,,4757,120,250,250,https://www.blazedemo.com/,2532,0,0
1774386502220,286,3 - Comprar Passagem,200,OK,Teste de Carga - 250 usuarios 1-233,text,true,,6719,420,250,250,https://www.blazedemo.com/purchase.php,272,0,0
1774386501677,829,1 - Acessar Home,200,OK,Teste de Carga - 250 usuarios 1-8,text,true,,4757,120,250,250,https://www.blazedemo.com/,817,0,0
1774386501238,1274,2 - Escolher Voo,200,OK,Teste de Carga - 250 usuarios 1-162,text,true,,7381,250,250,250,https://www.blazedemo.com/reserve.php,1258,0,0
1774386502222,299,2 - Escolher Voo,200,OK,Teste de Carga - 250 usuarios 1-176,text,true,,7381,250,250,250,https://www.blazedemo.com/reserve.php,281,0,0
1774386501181,1340,2 - Escolher Voo,200,OK,Teste de Carga - 250 usuarios 1-23,text,true,,7381,250,250,250,https://www.blazedemo.com/reserve.php,1324,0,0
1774386502133,390,2 - Escolher Voo,200,OK,Teste de Carga - 250 usuarios 1-63,text,true,,7381,250,250,250,https://www.blazedemo.com/reserve.php,370,0,0
1774386502262,267,2 - Escolher Voo,200,OK,Teste de Carga - 250 usuarios 1-157,text,true,,7381,250,250,250,https://www.blazedemo.com/reserve.php,250,0,0
1774386499957,2576,3 - Comprar Passagem,200,OK,Teste de Carga - 250 usuarios 1-78,text,true,,6719,420,250,250,https://www.blazedemo.com/purchase.php,2564,0,0
1774386502222,316,1 - Acessar Home,200,OK,Teste de Carga - 250 usuarios 1-96,text,true,,4757,120,250,250,https://www.blazedemo.com/,304,0,0
1774386499432,3117,1 - Acessar Home,200,OK,Teste de Carga - 250 usuarios 1-200,text,true,,4757,120,250,250,https://www.blazedemo.com/,3106,0,0
1774386500887,1662,3 - Comprar Passagem,200,OK,Teste de Carga - 250 usuarios 1-44,text,true,,6719,420,250,250,https://www.blazedemo.com/purchase.php,1647,0,0
1774386502241,326,1 - Acessar Home,200,OK,Teste de Carga - 250 usuarios 1-106,text,true,,4757,120,250,250,https://www.blazedemo.com/,314,0,0
1774386501785,782,1 - Acessar Home,200,OK,Teste de Carga - 250 usuarios 1-168,text,true,,4757,120,250,250,https://www.blazedemo.com/,770,0,0
1774386500518,2051,1 - Acessar Home,200,OK,Teste de Carga - 250 usuarios 1-26,text,true,,4757,120,250,250,https://www.blazedemo.com/,2039,0,0
1774386502297,273,1 - Acessar Home,200,OK,Teste de Carga - 250 usuarios 1-220,text,true,,4757,120,250,250,https://www.blazedemo.com/,261,0,0
1774386502157,415,2 - Escolher Voo,200,OK,Teste de Carga - 250 usuarios 1-177,text,true,,7381,250,250,250,https://www.blazedemo.com/reserve.php,395,0,0
1774386501843,732,1 - Acessar Home,200,OK,Teste de Carga - 250 usuarios 1-172,text,true,,4757,120,250,250,https://www.blazedemo.com/,721,0,0
1774386499922,2655,1 - Acessar Home,200,OK,Teste de Carga - 250 usuarios 1-241,text,true,,4757,120,250,250,https://www.blazedemo.com/,2642,0,128
1774386501701,880,2 - Escolher Voo,200,OK,Teste de Carga - 250 usuarios 1-151,text,true,,7381,250,250,250,https://www.blazedemo.com/reserve.php,864,0,0
1774386500888,1698,2 - Escolher Voo,200,OK,Teste de Carga - 250 usuarios 1-218,text,true,,7381,250,250,250,https://www.blazedemo.com/reserve.php,1678,0,0
1774386501844,743,3 - Comprar Passagem,200,OK,Teste de Carga - 250 usuarios 1-202,text,true,,6719,420,250,250,https://www.blazedemo.com/purchase.php,731,0,0
1774386502278,313,3 - Comprar Passagem,200,OK,Teste de Carga - 250 usuarios 1-240,text,true,,6719,420,250,250,https://www.blazedemo.com/purchase.php,301,0,0
1774386501261,1331,1 - Acessar Home,200,OK,Teste de Carga - 250 usuarios 1-142,text,true,,4757,120,250,250,https://www.blazedemo.com/,1319,0,0
1774386501824,770,1 - Acessar Home,200,OK,Teste de Carga - 250 usuarios 1-198,text,true,,4757,120,250,250,https://www.blazedemo.com/,758,0,0
1774386499640,2956,1 - Acessar Home,200,OK,Teste de Carga - 250 usuarios 1-197,text,true,,4757,120,250,250,https://www.blazedemo.com/,2944,0,0
1774386502322,281,2 - Escolher Voo,200,OK,Teste de Carga - 250 usuarios 1-166,text,true,,7381,250,250,250,https://www.blazedemo.com/reserve.php,260,0,0
1774386499669,2937,3 - Comprar Passagem,200,OK,Teste de Carga - 250 usuarios 1-181,text,true,,6719,420,250,250,https://www.blazedemo.com/purchase.php,2925,0,0
1774386501826,782,1 - Acessar Home,200,OK,Teste de Carga - 250 usuarios 1-184,text,true,,4757,120,250,250,https://www.blazedemo.com/,770,0,0
1774386502305,309,1 - Acessar Home,200,OK,Teste de Carga - 250 usuarios 1-203,text,true,,4757,120,250,250,https://www.blazedemo.com/,298,0,0
1774386501331,1291,1 - Acessar Home,200,OK,Teste de Carga - 250 usuarios 1-65,text,true,,4757,120,250,250,https://www.blazedemo.com/,1280,0,0
1774386502285,340,1 - Acessar Home,200,OK,Teste de Carga - 250 usuarios 1-77,text,true,,4757,120,250,250,https://www.blazedemo.com/,329,0,0
1774386502341,287,2 - Escolher Voo,200,OK,Teste de Carga - 250 usuarios 1-248,text,true,,7381,250,250,250,https://www.blazedemo.com/reserve.php,270,0,0
1774386501873,760,3 - Comprar Passagem,200,OK,Teste de Carga - 250 usuarios 1-179,text,true,,6719,420,250,250,https://www.blazedemo.com/purchase.php,748,0,0
1774386501942,693,3 - Comprar Passagem,200,OK,Teste de Carga - 250 usuarios 1-123,text,true,,6719,420,250,250,https://www.blazedemo.com/purchase.php,681,0,0
1774386500081,2559,1 - Acessar Home,200,OK,Teste de Carga - 250 usuarios 1-138,text,true,,4757,120,250,250,https://www.blazedemo.com/,2548,0,0
1774386501612,1029,3 - Comprar Passagem,200,OK,Teste de Carga - 250 usuarios 1-154,text,true,,6719,420,250,250,https://www.blazedemo.com/purchase.php,1010,0,0
1774386499449,3196,3 - Comprar Passagem,200,OK,Teste de Carga - 250 usuarios 1-27,text,true,,6719,420,250,250,https://www.blazedemo.com/purchase.php,3184,0,0
1774386502372,278,3 - Comprar Passagem,200,OK,Teste de Carga - 250 usuarios 1-225,text,true,,6719,420,250,250,https://www.blazedemo.com/purchase.php,264,0,0
1774386501840,814,3 - Comprar Passagem,200,OK,Teste de Carga - 250 usuarios 1-238,text,true,,6719,420,250,250,https://www.blazedemo.com/purchase.php,803,0,0
1774386500959,1696,1 - Acessar Home,200,OK,Teste de Carga - 250 usuarios 1-201,text,true,,4757,120,250,250,https://www.blazedemo.com/,1685,0,0
1774386500666,1996,2 - Escolher Voo,200,OK,Teste de Carga - 250 usuarios 1-14,text,true,,7381,250,250,250,https://www.blazedemo.com/reserve.php,1978,0,0
1774386502192,476,3 - Comprar Passagem,200,OK,Teste de Carga - 250 usuarios 1-62,text,true,,6719,420,250,250,https://www.blazedemo.com/purchase.php,463,0,0
1774386502398,281,1 - Acessar Home,200,OK,Teste de Carga - 250 usuarios 1-71,text,true,,4757,120,250,250,https://www.blazedemo.com/,270,0,0
1774386502322,357,1 - Acessar Home,200,OK,Teste de Carga - 250 usuarios 1-90,text,true,,4757,120,250,250,https://www.blazedemo.com/,344,0,0
1774386502378,302,3 - Comprar Passagem,200,OK,Teste de Carga - 250 usuarios 1-135,text,true,,6719,420,250,250,https://www.blazedemo.com/purchase.php,286,0,0
1774386501877,810,2 - Escolher Voo,200,OK,Teste de Carga - 250 usuarios 1-61,text,true,,7381,250,250,250,https://www.blazedemo.com/reserve.php,789,0,0
1774386502067,636,3 - Comprar Passagem,200,OK,Teste de Carga - 250 usuarios 1-230,text,true,,6719,420,250,250,https://www.blazedemo.com/purchase.php,625,0,0
1774386502001,706,1 - Acessar Home,200,OK,Teste de Carga - 250 usuarios 1-114,text,true,,4757,120,250,250,https://www.blazedemo.com/,695,0,0
1774386501368,1341,1 - Acessar Home,200,OK,Teste de Carga - 250 usuarios 1-21,text,true,,4757,120,250,250,https://www.blazedemo.com/,1328,0,0
1774386502086,624,1 - Acessar Home,200,OK,Teste de Carga - 250 usuarios 1-195,text,true,,4757,120,250,250,https://www.blazedemo.com/,612,0,0
1774386501680,1040,3 - Comprar Passagem,200,OK,Teste de Carga - 250 usuarios 1-111,text,true,,6719,420,250,250,https://www.blazedemo.com/purchase.php,1027,0,0
1774386501889,840,1 - Acessar Home,200,OK,Teste de Carga - 250 usuarios 1-100,text,true,,4757,120,250,250,https://www.blazedemo.com/,828,0,0
1774386502146,583,1 - Acessar Home,200,OK,Teste de Carga - 250 usuarios 1-97,text,true,,4757,120,250,250,https://www.blazedemo.com/,574,0,0
1774386501952,779,1 - Acessar Home,200,OK,Teste de Carga - 250 usuarios 1-74,text,true,,4757,120,250,250,https://www.blazedemo.com/,767,0,0
1774386500331,2400,2 - Escolher Voo,200,OK,Teste de Carga - 250 usuarios 1-81,text,true,,7381,250,250,250,https://www.blazedemo.com/reserve.php,2379,0,0
1774386502428,311,3 - Comprar Passagem,200,OK,Teste de Carga - 250 usuarios 1-112,text,true,,6719,420,250,250,https://www.blazedemo.com/purchase.php,299,0,0
1774386501939,802,3 - Comprar Passagem,200,OK,Teste de Carga - 250 usuarios 1-216,text,true,,6719,420,250,250,https://www.blazedemo.com/purchase.php,790,0,0
1774386500350,2392,1 - Acessar Home,200,OK,Teste de Carga - 250 usuarios 1-10,text,true,,4757,120,250,250,https://www.blazedemo.com/,2381,0,0
1774386502434,308,3 - Comprar Passagem,200,OK,Teste de Carga - 250 usuarios 1-38,text,true,,6719,420,250,250,https://www.blazedemo.com/purchase.php,297,0,0
1774386502506,254,2 - Escolher Voo,200,OK,Teste de Carga - 250 usuarios 1-8,text,true,,7381,250,250,250,https://www.blazedemo.com/reserve.php,235,0,0
1774386502380,386,3 - Comprar Passagem,200,OK,Teste de Carga - 250 usuarios 1-163,text,true,,6719,420,250,250,https://www.blazedemo.com/purchase.php,374,0,0
1774386501494,1274,3 - Comprar Passagem,200,OK,Teste de Carga - 250 usuarios 1-205,text,true,,6719,420,250,250,https://www.blazedemo.com/purchase.php,1262,0,0
1774386502452,319,2 - Escolher Voo,200,OK,Teste de Carga - 250 usuarios 1-30,text,true,,7381,250,250,250,https://www.blazedemo.com/reserve.php,298,0,0
1774386502452,326,3 - Comprar Passagem,200,OK,Teste de Carga - 250 usuarios 1-235,text,true,,6719,420,250,250,https://www.blazedemo.com/purchase.php,313,0,0
1774386502501,279,2 - Escolher Voo,200,OK,Teste de Carga - 250 usuarios 1-209,text,true,,7381,250,250,250,https://www.blazedemo.com/reserve.php,261,0,0
1774386502102,705,1 - Acessar Home,200,OK,Teste de Carga - 250 usuarios 1-89,text,true,,4757,120,250,250,https://www.blazedemo.com/,694,0,0
1774386502521,292,3 - Comprar Passagem,200,OK,Teste de Carga - 250 usuarios 1-176,text,true,,6719,420,250,250,https://www.blazedemo.com/purchase.php,280,0,0
1774386499510,3306,3 - Comprar Passagem,200,OK,Teste de Carga - 250 usuarios 1-152,text,true,,6719,420,250,250,https://www.blazedemo.com/purchase.php,3292,0,0
1774386502513,303,3 - Comprar Passagem,200,OK,Teste de Carga - 250 usuarios 1-162,text,true,,6719,420,250,250,https://www.blazedemo.com/purchase.php,291,0,0
1774386502121,697,1 - Acessar Home,200,OK,Teste de Carga - 250 usuarios 1-210,text,true,,4757,120,250,250,https://www.blazedemo.com/,685,0,0
1774386502056,765,1 - Acessar Home,200,OK,Teste de Carga - 250 usuarios 1-43,text,true,,4757,120,250,250,https://www.blazedemo.com/,751,0,0
1774386501662,1162,1 - Acessar Home,200,OK,Teste de Carga - 250 usuarios 1-102,text,true,,4757,120,250,250,https://www.blazedemo.com/,1149,0,0
1774386502012,812,2 - Escolher Voo,200,OK,Teste de Carga - 250 usuarios 1-70,text,true,,7381,250,250,250,https://www.blazedemo.com/reserve.php,790,0,0
1774386502176,649,1 - Acessar Home,200,OK,Teste de Carga - 250 usuarios 1-222,text,true,,4757,120,250,250,https://www.blazedemo.com/,637,0,0
1774386499695,3135,2 - Escolher Voo,200,OK,Teste de Carga - 250 usuarios 1-92,text,true,,7381,250,250,250,https://www.blazedemo.com/reserve.php,3115,0,0
1774386502529,301,3 - Comprar Passagem,200,OK,Teste de Carga - 250 usuarios 1-157,text,true,,6719,420,250,250,https://www.blazedemo.com/purchase.php,289,0,0
1774386502521,316,3 - Comprar Passagem,200,OK,Teste de Carga - 250 usuarios 1-23,text,true,,6719,420,250,250,https://www.blazedemo.com/purchase.php,303,0,0
1774386502438,400,2 - Escolher Voo,200,OK,Teste de Carga - 250 usuarios 1-141,text,true,,7381,250,250,250,https://www.blazedemo.com/reserve.php,383,0,0
1774386500889,1957,2 - Escolher Voo,200,OK,Teste de Carga - 250 usuarios 1-250,text,true,,7381,250,250,250,https://www.blazedemo.com/reserve.php,1937,0,0
1774386502117,730,2 - Escolher Voo,200,OK,Teste de Carga - 250 usuarios 1-214,text,true,,7381,250,250,250,https://www.blazedemo.com/reserve.php,709,0,0
1774386502195,661,2 - Escolher Voo,200,OK,Teste de Carga - 250 usuarios 1-199,text,true,,7381,250,250,250,https://www.blazedemo.com/reserve.php,643,0,0
1774386500569,2294,2 - Escolher Voo,200,OK,Teste de Carga - 250 usuarios 1-161,text,true,,7381,250,250,250,https://www.blazedemo.com/reserve.php,2274,0,0
1774386501154,1717,2 - Escolher Voo,200,OK,Teste de Carga - 250 usuarios 1-60,text,true,,7381,250,250,250,https://www.blazedemo.com/reserve.php,1699,0,0
1774386500645,2235,3 - Comprar Passagem,200,OK,Teste de Carga - 250 usuarios 1-9,text,true,,6719,420,250,250,https://www.blazedemo.com/purchase.php,2223,0,0
1774386501765,1116,2 - Escolher Voo,200,OK,Teste de Carga - 250 usuarios 1-16,text,true,,7381,250,250,250,https://www.blazedemo.com/reserve.php,1096,0,0
1774386502428,457,2 - Escolher Voo,200,OK,Teste de Carga - 250 usuarios 1-148,text,true,,7381,250,250,250,https://www.blazedemo.com/reserve.php,436,0,0
1774386502567,320,2 - Escolher Voo,200,OK,Teste de Carga - 250 usuarios 1-168,text,true,,7381,250,250,250,https://www.blazedemo.com/reserve.php,300,0,0
1774386502567,324,2 - Escolher Voo,200,OK,Teste de Carga - 250 usuarios 1-106,text,true,,7381,250,250,250,https://www.blazedemo.com/reserve.php,303,0,0
1774386502596,298,2 - Escolher Voo,200,OK,Teste de Carga - 250 usuarios 1-197,text,true,,7381,250,250,250,https://www.blazedemo.com/reserve.php,278,0,0
1774386502499,396,3 - Comprar Passagem,200,OK,Teste de Carga - 250 usuarios 1-207,text,true,,6719,420,250,250,https://www.blazedemo.com/purchase.php,384,0,0
1774386501742,1156,1 - Acessar Home,200,OK,Teste de Carga - 250 usuarios 1-185,text,true,,4757,120,250,250,https://www.blazedemo.com/,1147,0,0
1774386502415,486,1 - Acessar Home,200,OK,Teste de Carga - 250 usuarios 1-116,text,true,,4757,120,250,250,https://www.blazedemo.com/,474,0,0
1774386502591,310,1 - Acessar Home,200,OK,Teste de Carga - 250 usuarios 1-240,text,true,,4757,120,250,250,https://www.blazedemo.com/,298,0,0
1774386502586,317,3 - Comprar Passagem,200,OK,Teste de Carga - 250 usuarios 1-218,text,true,,6719,420,250,250,https://www.blazedemo.com/purchase.php,307,0,0
1774386502104,801,1 - Acessar Home,200,OK,Teste de Carga - 250 usuarios 1-189,text,true,,4757,120,250,250,https://www.blazedemo.com/,789,0,0
1774386499512,3397,2 - Escolher Voo,200,OK,Teste de Carga - 250 usuarios 1-221,text,true,,7381,250,250,250,https://www.blazedemo.com/reserve.php,3379,0,0
1774386502125,788,1 - Acessar Home,200,OK,Teste de Carga - 250 usuarios 1-113,text,true,,4757,120,250,250,https://www.blazedemo.com/,776,0,0
1774386502156,769,3 - Comprar Passagem,200,OK,Teste de Carga - 250 usuarios 1-127,text,true,,6719,420,250,250,https://www.blazedemo.com/purchase.php,752,0,0
1774386502614,314,2 - Escolher Voo,200,OK,Teste de Carga - 250 usuarios 1-203,text,true,,7381,250,250,250,https://www.blazedemo.com/reserve.php,293,0,0
1774386502201,730,2 - Escolher Voo,200,OK,Teste de Carga - 250 usuarios 1-110,text,true,,7381,250,250,250,https://www.blazedemo.com/reserve.php,711,0,0
1774386501697,1245,2 - Escolher Voo,200,OK,Teste de Carga - 250 usuarios 1-12,text,true,,7381,250,250,250,https://www.blazedemo.com/reserve.php,1224,0,0
1774386501142,1804,1 - Acessar Home,200,OK,Teste de Carga - 250 usuarios 1-196,text,true,,4757,120,250,250,https://www.blazedemo.com/,1792,0,0
1774386502175,772,1 - Acessar Home,200,OK,Teste de Carga - 250 usuarios 1-211,text,true,,4757,120,250,250,https://www.blazedemo.com/,756,0,0
1774386499804,3144,2 - Escolher Voo,200,OK,Teste de Carga - 250 usuarios 1-5,text,true,,7381,250,250,250,https://www.blazedemo.com/reserve.php,3123,0,0
1774386501153,1798,2 - Escolher Voo,200,OK,Teste de Carga - 250 usuarios 1-159,text,true,,7381,250,250,250,https://www.blazedemo.com/reserve.php,1778,0,0
1774386502622,335,2 - Escolher Voo,200,OK,Teste de Carga - 250 usuarios 1-65,text,true,,7381,250,250,250,https://www.blazedemo.com/reserve.php,315,0,0
1774386501156,1803,1 - Acessar Home,200,OK,Teste de Carga - 250 usuarios 1-95,text,true,,4757,120,250,250,https://www.blazedemo.com/,1792,0,0
1774386502491,482,3 - Comprar Passagem,200,OK,Teste de Carga - 250 usuarios 1-129,text,true,,6719,420,250,250,https://www.blazedemo.com/purchase.php,469,0,0
1774386502679,300,2 - Escolher Voo,200,OK,Teste de Carga - 250 usuarios 1-90,text,true,,7381,250,250,250,https://www.blazedemo.com/reserve.php,280,0,0
1774386501802,1178,1 - Acessar Home,200,OK,Teste de Carga - 250 usuarios 1-46,text,true,,4757,120,250,250,https://www.blazedemo.com/,1167,0,0
1774386501897,1091,2 - Escolher Voo,200,OK,Teste de Carga - 250 usuarios 1-136,text,true,,7381,250,250,250,https://www.blazedemo.com/reserve.php,1071,0,0
1774386502633,358,1 - Acessar Home,200,OK,Teste de Carga - 250 usuarios 1-179,text,true,,4757,120,250,250,https://www.blazedemo.com/,346,0,0
1774386500664,2331,2 - Escolher Voo,200,OK,Teste de Carga - 250 usuarios 1-80,text,true,,7381,250,250,250,https://www.blazedemo.com/reserve.php,2311,0,0
1774386502319,677,3 - Comprar Passagem,200,OK,Teste de Carga - 250 usuarios 1-229,text,true,,6719,420,250,250,https://www.blazedemo.com/purchase.php,663,0,0
1774386502704,294,1 - Acessar Home,200,OK,Teste de Carga - 250 usuarios 1-230,text,true,,4757,120,250,250,https://www.blazedemo.com/,284,0,0
1774386502650,348,1 - Acessar Home,200,OK,Teste de Carga - 250 usuarios 1-225,text,true,,4757,120,250,250,https://www.blazedemo.com/,337,0,0
1774386499530,3470,3 - Comprar Passagem,200,OK,Teste de Carga - 250 usuarios 1-33,text,true,,6719,420,250,250,https://www.blazedemo.com/purchase.php,3459,0,0
1774386502228,782,3 - Comprar Passagem,200,OK,Teste de Carga - 250 usuarios 1-134,text,true,,6719,420,250,250,https://www.blazedemo.com/purchase.php,768,0,0
1774386502625,386,2 - Escolher Voo,200,OK,Teste de Carga - 250 usuarios 1-77,text,true,,7381,250,250,250,https://www.blazedemo.com/reserve.php,370,0,0
1774386502257,758,1 - Acessar Home,200,OK,Teste de Carga - 250 usuarios 1-118,text,true,,4757,120,250,250,https://www.blazedemo.com/,753,0,0
1774386502329,692,2 - Escolher Voo,200,OK,Teste de Carga - 250 usuarios 1-133,text,true,,7381,250,250,250,https://www.blazedemo.com/reserve.php,671,0,0
1774386502594,430,2 - Escolher Voo,200,OK,Teste de Carga - 250 usuarios 1-198,text,true,,7381,250,250,250,https://www.blazedemo.com/reserve.php,416,0,0
1774386502412,617,3 - Comprar Passagem,200,OK,Teste de Carga - 250 usuarios 1-242,text,true,,6719,420,250,250,https://www.blazedemo.com/purchase.php,605,0,0
1774386502710,320,2 - Escolher Voo,200,OK,Teste de Carga - 250 usuarios 1-195,text,true,,7381,250,250,250,https://www.blazedemo.com/reserve.php,301,0,0
1774386502655,379,1 - Acessar Home,200,OK,Teste de Carga - 250 usuarios 1-238,text,true,,4757,120,250,250,https://www.blazedemo.com/,366,0,0
1774386501888,1147,1 - Acessar Home,200,OK,Teste de Carga - 250 usuarios 1-101,text,true,,4757,120,250,250,https://www.blazedemo.com/,1135,0,0
1774386502299,740,3 - Comprar Passagem,200,OK,Teste de Carga - 250 usuarios 1-237,text,true,,6719,420,250,250,https://www.blazedemo.com/purchase.php,728,0,0
1774386502760,286,3 - Comprar Passagem,200,OK,Teste de Carga - 250 usuarios 1-8,text,true,,6719,420,250,250,https://www.blazedemo.com/purchase.php,270,0,0
1774386502729,325,2 - Escolher Voo,200,OK,Teste de Carga - 250 usuarios 1-97,text,true,,7381,250,250,250,https://www.blazedemo.com/reserve.php,308,0,0
1774386501316,1754,1 - Acessar Home,200,OK,Teste de Carga - 250 usuarios 1-88,text,true,,4757,120,250,250,https://www.blazedemo.com/,1742,0,0
1774386501464,1606,1 - Acessar Home,200,OK,Teste de Carga - 250 usuarios 1-183,text,true,,4757,120,250,250,https://www.blazedemo.com/,1595,0,0
1774386502655,417,2 - Escolher Voo,200,OK,Teste de Carga - 250 usuarios 1-201,text,true,,7381,250,250,250,https://www.blazedemo.com/reserve.php,396,0,0
1774386502668,409,1 - Acessar Home,200,OK,Teste de Carga - 250 usuarios 1-62,text,true,,4757,120,250,250,https://www.blazedemo.com/,397,0,0
1774386499548,3530,1 - Acessar Home,200,OK,Teste de Carga - 250 usuarios 1-145,text,true,,4757,120,250,250,https://www.blazedemo.com/,3519,0,0
1774386499892,3196,3 - Comprar Passagem,200,OK,Teste de Carga - 250 usuarios 1-47,text,true,,6719,420,250,250,https://www.blazedemo.com/purchase.php,3184,0,0
1774386502731,359,3 - Comprar Passagem,200,OK,Teste de Carga - 250 usuarios 1-81,text,true,,6719,420,250,250,https://www.blazedemo.com/purchase.php,347,0,0
1774386501810,1287,1 - Acessar Home,200,OK,Teste de Carga - 250 usuarios 1-22,text,true,,4757,120,250,250,https://www.blazedemo.com/,1275,0,0
1774386502780,317,3 - Comprar Passagem,200,OK,Teste de Carga - 250 usuarios 1-209,text,true,,6719,420,250,250,https://www.blazedemo.com/purchase.php,304,0,0
1774386502816,283,1 - Acessar Home,200,OK,Teste de Carga - 250 usuarios 1-162,text,true,,4757,120,250,250,https://www.blazedemo.com/,271,0,0
1774386502771,328,3 - Comprar Passagem,200,OK,Teste de Carga - 250 usuarios 1-30,text,true,,6719,420,250,250,https://www.blazedemo.com/purchase.php,316,0,0
1774386500742,2357,3 - Comprar Passagem,200,OK,Teste de Carga - 250 usuarios 1-239,text,true,,6719,420,250,250,https://www.blazedemo.com/purchase.php,2346,0,0
1774386501351,1750,3 - Comprar Passagem,200,OK,Teste de Carga - 250 usuarios 1-86,text,true,,6719,420,250,250,https://www.blazedemo.com/purchase.php,1739,0,0
1774386502742,378,2 - Escolher Voo,200,OK,Teste de Carga - 250 usuarios 1-10,text,true,,7381,250,250,250,https://www.blazedemo.com/reserve.php,357,0,0
1774386502721,403,1 - Acessar Home,200,OK,Teste de Carga - 250 usuarios 1-111,text,true,,4757,120,250,250,https://www.blazedemo.com/,390,0,0
1774386502871,254,3 - Comprar Passagem,200,OK,Teste de Carga - 250 usuarios 1-60,text,true,,6719,420,250,250,https://www.blazedemo.com/purchase.php,242,0,0
1774386502830,299,3 - Comprar Passagem,200,OK,Teste de Carga - 250 usuarios 1-92,text,true,,6719,420,250,250,https://www.blazedemo.com/purchase.php,283,0,0
1774386501347,1792,2 - Escolher Voo,200,OK,Teste de Carga - 250 usuarios 1-131,text,true,,7381,250,250,250,https://www.blazedemo.com/reserve.php,1771,0,0
1774386502891,261,3 - Comprar Passagem,200,OK,Teste de Carga - 250 usuarios 1-106,text,true,,6719,420,250,250,https://www.blazedemo.com/purchase.php,249,0,0
1774386502401,751,3 - Comprar Passagem,200,OK,Teste de Carga - 250 usuarios 1-212,text,true,,6719,420,250,250,https://www.blazedemo.com/purchase.php,738,0,0
1774386502549,606,2 - Escolher Voo,200,OK,Teste de Carga - 250 usuarios 1-200,text,true,,7381,250,250,250,https://www.blazedemo.com/reserve.php,586,0,0
1774386502818,339,2 - Escolher Voo,200,OK,Teste de Carga - 250 usuarios 1-210,text,true,,7381,250,250,250,https://www.blazedemo.com/reserve.php,322,0,0
1774386499574,3583,1 - Acessar Home,200,OK,Teste de Carga - 250 usuarios 1-121,text,true,,4757,120,250,250,https://www.blazedemo.com/,3571,0,0
1774386501930,1229,1 - Acessar Home,200,OK,Teste de Carga - 250 usuarios 1-59,text,true,,4757,120,250,250,https://www.blazedemo.com/,1217,0,0
1774386502826,337,2 - Escolher Voo,200,OK,Teste de Carga - 250 usuarios 1-222,text,true,,7381,250,250,250,https://www.blazedemo.com/reserve.php,317,0,0
1774386502830,336,1 - Acessar Home,200,OK,Teste de Carga - 250 usuarios 1-157,text,true,,4757,120,250,250,https://www.blazedemo.com/,324,0,0
1774386501427,1742,3 - Comprar Passagem,200,OK,Teste de Carga - 250 usuarios 1-98,text,true,,6719,420,250,250,https://www.blazedemo.com/purchase.php,1725,0,0
1774386502847,327,3 - Comprar Passagem,200,OK,Teste de Carga - 250 usuarios 1-214,text,true,,6719,420,250,250,https://www.blazedemo.com/purchase.php,314,0,0
1774386502909,286,3 - Comprar Passagem,200,OK,Teste de Carga - 250 usuarios 1-221,text,true,,6719,420,250,250,https://www.blazedemo.com/purchase.php,274,0,0
1774386502894,304,3 - Comprar Passagem,200,OK,Teste de Carga - 250 usuarios 1-197,text,true,,6719,420,250,250,https://www.blazedemo.com/purchase.php,292,0,0
1774386502931,270,3 - Comprar Passagem,200,OK,Teste de Carga - 250 usuarios 1-110,text,true,,6719,420,250,250,https://www.blazedemo.com/purchase.php,259,0,0
1774386502576,625,2 - Escolher Voo,200,OK,Teste de Carga - 250 usuarios 1-172,text,true,,7381,250,250,250,https://www.blazedemo.com/reserve.php,606,0,0
1774386500003,3199,1 - Acessar Home,200,OK,Teste de Carga - 250 usuarios 1-215,text,true,,4757,120,250,250,https://www.blazedemo.com/,3188,0,0
1774386502838,382,3 - Comprar Passagem,200,OK,Teste de Carga - 250 usuarios 1-141,text,true,,6719,420,250,250,https://www.blazedemo.com/purchase.php,370,0,0
1774386501495,1726,3 - Comprar Passagem,200,OK,Teste de Carga - 250 usuarios 1-147,text,true,,6719,420,250,250,https://www.blazedemo.com/purchase.php,1713,0,0
1774386502523,698,3 - Comprar Passagem,200,OK,Teste de Carga - 250 usuarios 1-63,text,true,,6719,420,250,250,https://www.blazedemo.com/purchase.php,685,0,0
1774386502880,344,1 - Acessar Home,200,OK,Teste de Carga - 250 usuarios 1-9,text,true,,4757,120,250,250,https://www.blazedemo.com/,333,0,0
1774386502031,1199,1 - Acessar Home,200,OK,Teste de Carga - 250 usuarios 1-29,text,true,,4757,120,250,250,https://www.blazedemo.com/,1188,0,0
1774386502065,1178,1 - Acessar Home,200,OK,Teste de Carga - 250 usuarios 1-178,text,true,,4757,120,250,250,https://www.blazedemo.com/,1165,0,0
1774386502368,878,1 - Acessar Home,200,OK,Teste de Carga - 250 usuarios 1-132,text,true,,4757,120,250,250,https://www.blazedemo.com/,865,0,0
1774386502942,304,3 - Comprar Passagem,200,OK,Teste de Carga - 250 usuarios 1-12,text,true,,6719,420,250,250,https://www.blazedemo.com/purchase.php,288,0,0
1774386502948,305,3 - Comprar Passagem,200,OK,Teste de Carga - 250 usuarios 1-5,text,true,,6719,420,250,250,https://www.blazedemo.com/purchase.php,293,0,0
1774386502973,282,1 - Acessar Home,200,OK,Teste de Carga - 250 usuarios 1-129,text,true,,4757,120,250,250,https://www.blazedemo.com/,268,0,0
1774386502341,916,3 - Comprar Passagem,200,OK,Teste de Carga - 250 usuarios 1-125,text,true,,6719,420,250,250,https://www.blazedemo.com/purchase.php,898,0,0
1774386499644,3619,1 - Acessar Home,200,OK,Teste de Carga - 250 usuarios 1-103,text,true,,4757,120,250,250,https://www.blazedemo.com/,3606,0,0
1774386502837,429,1 - Acessar Home,200,OK,Teste de Carga - 250 usuarios 1-23,text,true,,4757,120,250,250,https://www.blazedemo.com/,417,0,0
1774386501484,1783,3 - Comprar Passagem,200,OK,Teste de Carga - 250 usuarios 1-173,text,true,,6719,420,250,250,https://www.blazedemo.com/purchase.php,1771,0,0
1774386502992,282,2 - Escolher Voo,200,OK,Teste de Carga - 250 usuarios 1-179,text,true,,7381,250,250,250,https://www.blazedemo.com/reserve.php,267,0,0
1774386501611,1677,1 - Acessar Home,200,OK,Teste de Carga - 250 usuarios 1-28,text,true,,4757,120,250,250,https://www.blazedemo.com/,1666,0,0
1774386502947,343,2 - Escolher Voo,200,OK,Teste de Carga - 250 usuarios 1-211,text,true,,7381,250,250,250,https://www.blazedemo.com/reserve.php,322,0,0
1774386502999,295,2 - Escolher Voo,200,OK,Teste de Carga - 250 usuarios 1-225,text,true,,7381,250,250,250,https://www.blazedemo.com/reserve.php,275,0,0
1774386503047,259,1 - Acessar Home,200,OK,Teste de Carga - 250 usuarios 1-8,text,true,,4757,120,250,250,https://www.blazedemo.com/,247,0,0
1774386502641,667,1 - Acessar Home,200,OK,Teste de Carga - 250 usuarios 1-154,text,true,,4757,120,250,250,https://www.blazedemo.com/,655,0,0
1774386500087,3223,2 - Escolher Voo,200,OK,Teste de Carga - 250 usuarios 1-190,text,true,,7381,250,250,250,https://www.blazedemo.com/reserve.php,3202,0,0
1774386500891,2423,2 - Escolher Voo,200,OK,Teste de Carga - 250 usuarios 1-186,text,true,,7381,250,250,250,https://www.blazedemo.com/reserve.php,2402,0,0
1774386503021,302,3 - Comprar Passagem,200,OK,Teste de Carga - 250 usuarios 1-133,text,true,,6719,420,250,250,https://www.blazedemo.com/purchase.php,285,0,0
1774386503016,307,2 - Escolher Voo,200,OK,Teste de Carga - 250 usuarios 1-118,text,true,,7381,250,250,250,https://www.blazedemo.com/reserve.php,286,0,0
1774386502679,647,2 - Escolher Voo,200,OK,Teste de Carga - 250 usuarios 1-71,text,true,,7381,250,250,250,https://www.blazedemo.com/reserve.php,627,0,0
1774386502092,1236,3 - Comprar Passagem,200,OK,Teste de Carga - 250 usuarios 1-34,text,true,,6719,420,250,250,https://www.blazedemo.com/purchase.php,1224,0,0
1774386503054,277,3 - Comprar Passagem,200,OK,Teste de Carga - 250 usuarios 1-97,text,true,,6719,420,250,250,https://www.blazedemo.com/purchase.php,265,0,0
1774386502533,800,1 - Acessar Home,200,OK,Teste de Carga - 250 usuarios 1-78,text,true,,4757,120,250,250,https://www.blazedemo.com/,788,0,0
1774386502895,440,1 - Acessar Home,200,OK,Teste de Carga - 250 usuarios 1-207,text,true,,4757,120,250,250,https://www.blazedemo.com/,430,0,0
1774386502863,475,3 - Comprar Passagem,200,OK,Teste de Carga - 250 usuarios 1-161,text,true,,6719,420,250,250,https://www.blazedemo.com/purchase.php,463,0,0
1774386503090,269,1 - Acessar Home,200,OK,Teste de Carga - 250 usuarios 1-81,text,true,,4757,120,250,250,https://www.blazedemo.com/,256,0,0
1774386502065,1294,1 - Acessar Home,200,OK,Teste de Carga - 250 usuarios 1-219,text,true,,4757,120,250,250,https://www.blazedemo.com/,1282,0,0
1774386503039,325,1 - Acessar Home,200,OK,Teste de Carga - 250 usuarios 1-237,text,true,,4757,120,250,250,https://www.blazedemo.com/,312,0,0
1774386502033,1340,1 - Acessar Home,200,OK,Teste de Carga - 250 usuarios 1-244,text,true,,4757,120,250,250,https://www.blazedemo.com/,1328,0,0
1774386502640,733,2 - Escolher Voo,200,OK,Teste de Carga - 250 usuarios 1-138,text,true,,7381,250,250,250,https://www.blazedemo.com/reserve.php,711,0,0
1774386503097,282,2 - Escolher Voo,200,OK,Teste de Carga - 250 usuarios 1-22,text,true,,7381,250,250,250,https://www.blazedemo.com/reserve.php,261,0,0
1774386501709,1672,1 - Acessar Home,200,OK,Teste de Carga - 250 usuarios 1-99,text,true,,4757,120,250,250,https://www.blazedemo.com/,1661,0,0
1774386503035,346,2 - Escolher Voo,200,OK,Teste de Carga - 250 usuarios 1-101,text,true,,7381,250,250,250,https://www.blazedemo.com/reserve.php,326,0,0
1774386501728,1663,3 - Comprar Passagem,200,OK,Teste de Carga - 250 usuarios 1-117,text,true,,6719,420,250,250,https://www.blazedemo.com/purchase.php,1647,0,0
1774386503100,299,1 - Acessar Home,200,OK,Teste de Carga - 250 usuarios 1-239,text,true,,4757,120,250,250,https://www.blazedemo.com/,287,0,0
1774386500944,2458,3 - Comprar Passagem,200,OK,Teste de Carga - 250 usuarios 1-171,text,true,,6719,420,250,250,https://www.blazedemo.com/purchase.php,2441,0,0
1774386503099,305,2 - Escolher Voo,200,OK,Teste de Carga - 250 usuarios 1-162,text,true,,7381,250,250,250,https://www.blazedemo.com/reserve.php,285,0,0
1774386502901,511,2 - Escolher Voo,200,OK,Teste de Carga - 250 usuarios 1-240,text,true,,7381,250,250,250,https://www.blazedemo.com/reserve.php,488,0,0
1774386502742,670,1 - Acessar Home,200,OK,Teste de Carga - 250 usuarios 1-38,text,true,,4757,120,250,250,https://www.blazedemo.com/,659,0,0
1774386503152,262,1 - Acessar Home,200,OK,Teste de Carga - 250 usuarios 1-106,text,true,,4757,120,250,250,https://www.blazedemo.com/,249,0,0
1774386501667,1749,1 - Acessar Home,200,OK,Teste de Carga - 250 usuarios 1-32,text,true,,4757,120,250,250,https://www.blazedemo.com/,1735,0,0
1774386499721,3696,3 - Comprar Passagem,200,OK,Teste de Carga - 250 usuarios 1-13,text,true,,6719,420,250,250,https://www.blazedemo.com/purchase.php,3684,0,0
1774386503101,324,1 - Acessar Home,200,OK,Teste de Carga - 250 usuarios 1-86,text,true,,4757,120,250,250,https://www.blazedemo.com/,313,0,0
1774386503139,289,3 - Comprar Passagem,200,OK,Teste de Carga - 250 usuarios 1-131,text,true,,6719,420,250,250,https://www.blazedemo.com/purchase.php,277,0,0
1774386500150,3278,3 - Comprar Passagem,200,OK,Teste de Carga - 250 usuarios 1-122,text,true,,6719,420,250,250,https://www.blazedemo.com/purchase.php,3266,0,0
1774386502709,719,2 - Escolher Voo,200,OK,Teste de Carga - 250 usuarios 1-21,text,true,,7381,250,250,250,https://www.blazedemo.com/reserve.php,698,0,0
1774386503164,267,3 - Comprar Passagem,200,OK,Teste de Carga - 250 usuarios 1-222,text,true,,6719,420,250,250,https://www.blazedemo.com/purchase.php,251,0,0
1774386502389,1045,3 - Comprar Passagem,200,OK,Teste de Carga - 250 usuarios 1-153,text,true,,6719,420,250,250,https://www.blazedemo.com/purchase.php,1033,0,0
1774386503159,278,2 - Escolher Voo,200,OK,Teste de Carga - 250 usuarios 1-59,text,true,,7381,250,250,250,https://www.blazedemo.com/reserve.php,258,0,0
1774386503072,380,3 - Comprar Passagem,200,OK,Teste de Carga - 250 usuarios 1-201,text,true,,6719,420,250,250,https://www.blazedemo.com/purchase.php,368,0,0
1774386502904,549,1 - Acessar Home,200,OK,Teste de Carga - 250 usuarios 1-218,text,true,,4757,120,250,250,https://www.blazedemo.com/,537,0,0
1774386501741,1713,2 - Escolher Voo,200,OK,Teste de Carga - 250 usuarios 1-7,text,true,,7381,250,250,250,https://www.blazedemo.com/reserve.php,1699,0,0
1774386503169,287,1 - Acessar Home,200,OK,Teste de Carga - 250 usuarios 1-98,text,true,,4757,120,250,250,https://www.blazedemo.com/,276,0,0
1774386503124,349,2 - Escolher Voo,200,OK,Teste de Carga - 250 usuarios 1-111,text,true,,7381,250,250,250,https://www.blazedemo.com/reserve.php,331,0,0
1774386503198,283,1 - Acessar Home,200,OK,Teste de Carga - 250 usuarios 1-197,text,true,,4757,120,250,250,https://www.blazedemo.com/,272,0,0
1774386502130,1353,2 - Escolher Voo,200,OK,Teste de Carga - 250 usuarios 1-83,text,true,,7381,250,250,250,https://www.blazedemo.com/reserve.php,1333,0,0
1774386502032,1454,3 - Comprar Passagem,200,OK,Teste de Carga - 250 usuarios 1-72,text,true,,6719,420,250,250,https://www.blazedemo.com/purchase.php,1437,0,0
1774386503167,322,2 - Escolher Voo,200,OK,Teste de Carga - 250 usuarios 1-157,text,true,,7381,250,250,250,https://www.blazedemo.com/reserve.php,307,0,0
1774386503097,395,1 - Acessar Home,200,OK,Teste de Carga - 250 usuarios 1-209,text,true,,4757,120,250,250,https://www.blazedemo.com/,384,0,0
1774386502572,922,3 - Comprar Passagem,200,OK,Teste de Carga - 250 usuarios 1-177,text,true,,6719,420,250,250,https://www.blazedemo.com/purchase.php,910,0,0
1774386503202,297,2 - Escolher Voo,200,OK,Teste de Carga - 250 usuarios 1-215,text,true,,7381,250,250,250,https://www.blazedemo.com/reserve.php,277,0,0
1774386500964,2537,2 - Escolher Voo,200,OK,Teste de Carga - 250 usuarios 1-144,text,true,,7381,250,250,250,https://www.blazedemo.com/reserve.php,2521,0,0
1774386502778,737,1 - Acessar Home,200,OK,Teste de Carga - 250 usuarios 1-235,text,true,,4757,120,250,250,https://www.blazedemo.com/,725,0,0
1774386502645,870,1 - Acessar Home,200,OK,Teste de Carga - 250 usuarios 1-27,text,true,,4757,120,250,250,https://www.blazedemo.com/,858,0,0
1774386503243,275,2 - Escolher Voo,200,OK,Teste de Carga - 250 usuarios 1-178,text,true,,7381,250,250,250,https://www.blazedemo.com/reserve.php,255,0,0
1774386500171,3352,3 - Comprar Passagem,200,OK,Teste de Carga - 250 usuarios 1-227,text,true,,6719,420,250,250,https://www.blazedemo.com/purchase.php,3340,0,0
1774386499779,3744,3 - Comprar Passagem,200,OK,Teste de Carga - 250 usuarios 1-75,text,true,,6719,420,250,250,https://www.blazedemo.com/purchase.php,3732,0,0
1774386503230,295,2 - Escolher Voo,200,OK,Teste de Carga - 250 usuarios 1-29,text,true,,7381,250,250,250,https://www.blazedemo.com/reserve.php,275,0,0
1774386503274,256,3 - Comprar Passagem,200,OK,Teste de Carga - 250 usuarios 1-179,text,true,,6719,420,250,250,https://www.blazedemo.com/purchase.php,244,0,0
1774386501816,1724,2 - Escolher Voo,200,OK,Teste de Carga - 250 usuarios 1-49,text,true,,7381,250,250,250,https://www.blazedemo.com/reserve.php,1703,0,0
1774386502482,1058,2 - Escolher Voo,200,OK,Teste de Carga - 250 usuarios 1-68,text,true,,7381,250,250,250,https://www.blazedemo.com/reserve.php,1038,0,0
1774386501769,1772,3 - Comprar Passagem,200,OK,Teste de Carga - 250 usuarios 1-208,text,true,,6719,420,250,250,https://www.blazedemo.com/purchase.php,1755,0,0
1774386503156,396,3 - Comprar Passagem,200,OK,Teste de Carga - 250 usuarios 1-200,text,true,,6719,420,250,250,https://www.blazedemo.com/purchase.php,384,0,0
1774386502824,731,2 - Escolher Voo,200,OK,Teste de Carga - 250 usuarios 1-102,text,true,,7381,250,250,250,https://www.blazedemo.com/reserve.php,710,0,0
1774386501907,1652,2 - Escolher Voo,200,OK,Teste de Carga - 250 usuarios 1-126,text,true,,7381,250,250,250,https://www.blazedemo.com/reserve.php,1631,0,0
1774386502506,1054,1 - Acessar Home,200,OK,Teste de Carga - 250 usuarios 1-233,text,true,,4757,120,250,250,https://www.blazedemo.com/,1042,0,0
1774386503221,341,1 - Acessar Home,200,OK,Teste de Carga - 250 usuarios 1-147,text,true,,4757,120,250,250,https://www.blazedemo.com/,329,0,0
1774386503253,310,1 - Acessar Home,200,OK,Teste de Carga - 250 usuarios 1-5,text,true,,4757,120,250,250,https://www.blazedemo.com/,297,0,0
1774386502979,594,3 - Comprar Passagem,200,OK,Teste de Carga - 250 usuarios 1-90,text,true,,6719,420,250,250,https://www.blazedemo.com/purchase.php,583,0,0
1774386503335,239,2 - Escolher Voo,200,OK,Teste de Carga - 250 usuarios 1-207,text,true,,7381,250,250,250,https://www.blazedemo.com/reserve.php,218,0,0
1774386502606,972,1 - Acessar Home,200,OK,Teste de Carga - 250 usuarios 1-181,text,true,,4757,120,250,250,https://www.blazedemo.com/,961,0,0
1774386502175,1405,1 - Acessar Home,200,OK,Teste de Carga - 250 usuarios 1-66,text,true,,4757,120,250,250,https://www.blazedemo.com/,1393,0,0
1774386502431,1151,2 - Escolher Voo,200,OK,Teste de Carga - 250 usuarios 1-93,text,true,,7381,250,250,250,https://www.blazedemo.com/reserve.php,1134,0,0
1774386501839,1744,2 - Escolher Voo,200,OK,Teste de Carga - 250 usuarios 1-119,text,true,,7381,250,250,250,https://www.blazedemo.com/reserve.php,1723,0,0
1774386502001,1583,1 - Acessar Home,200,OK,Teste de Carga - 250 usuarios 1-25,text,true,,4757,120,250,250,https://www.blazedemo.com/,1571,0,0
1774386503323,261,1 - Acessar Home,200,OK,Teste de Carga - 250 usuarios 1-133,text,true,,4757,120,250,250,https://www.blazedemo.com/,249,0,0
1774386503314,271,3 - Comprar Passagem,200,OK,Teste de Carga - 250 usuarios 1-186,text,true,,6719,420,250,250,https://www.blazedemo.com/purchase.php,259,0,0
1774386502592,995,2 - Escolher Voo,200,OK,Teste de Carga - 250 usuarios 1-142,text,true,,7381,250,250,250,https://www.blazedemo.com/reserve.php,975,0,0
1774386502026,1565,1 - Acessar Home,200,OK,Teste de Carga - 250 usuarios 1-64,text,true,,4757,120,250,250,https://www.blazedemo.com/,1552,0,0
1774386501134,2465,1 - Acessar Home,200,OK,Teste de Carga - 250 usuarios 1-41,text,true,,4757,120,250,250,https://www.blazedemo.com/,2453,0,0
1774386503078,539,2 - Escolher Voo,200,OK,Teste de Carga - 250 usuarios 1-62,text,true,,7381,250,250,250,https://www.blazedemo.com/reserve.php,519,0,0
1774386502824,806,3 - Comprar Passagem,200,OK,Teste de Carga - 250 usuarios 1-70,text,true,,6719,420,250,250,https://www.blazedemo.com/purchase.php,794,0,0
1774386503129,501,1 - Acessar Home,200,OK,Teste de Carga - 250 usuarios 1-92,text,true,,4757,120,250,250,https://www.blazedemo.com/,489,0,0
1774386503255,377,2 - Escolher Voo,200,OK,Teste de Carga - 250 usuarios 1-129,text,true,,7381,250,250,250,https://www.blazedemo.com/reserve.php,356,0,0
1774386502881,754,3 - Comprar Passagem,200,OK,Teste de Carga - 250 usuarios 1-16,text,true,,6719,420,250,250,https://www.blazedemo.com/purchase.php,744,0,0
1774386502816,821,1 - Acessar Home,200,OK,Teste de Carga - 250 usuarios 1-152,text,true,,4757,120,250,250,https://www.blazedemo.com/,810,0,0
1774386503364,273,2 - Escolher Voo,200,OK,Teste de Carga - 250 usuarios 1-237,text,true,,7381,250,250,250,https://www.blazedemo.com/reserve.php,252,0,0
1774386503379,259,3 - Comprar Passagem,200,OK,Teste de Carga - 250 usuarios 1-22,text,true,,6719,420,250,250,https://www.blazedemo.com/purchase.php,242,0,0
1774386501878,1764,2 - Escolher Voo,200,OK,Teste de Carga - 250 usuarios 1-105,text,true,,7381,250,250,250,https://www.blazedemo.com/reserve.php,1744,0,0
1774386502662,988,3 - Comprar Passagem,200,OK,Teste de Carga - 250 usuarios 1-14,text,true,,6719,420,250,250,https://www.blazedemo.com/purchase.php,976,0,0
1774386503306,346,2 - Escolher Voo,200,OK,Teste de Carga - 250 usuarios 1-8,text,true,,7381,250,250,250,https://www.blazedemo.com/reserve.php,325,0,0
1774386503412,246,3 - Comprar Passagem,200,OK,Teste de Carga - 250 usuarios 1-240,text,true,,6719,420,250,250,https://www.blazedemo.com/purchase.php,234,0,0
1774386502999,661,2 - Escolher Voo,200,OK,Teste de Carga - 250 usuarios 1-230,text,true,,7381,250,250,250,https://www.blazedemo.com/reserve.php,641,0,0
1774386503414,250,2 - Escolher Voo,200,OK,Teste de Carga - 250 usuarios 1-106,text,true,,7381,250,250,250,https://www.blazedemo.com/reserve.php,230,0,0
1774386502846,823,3 - Comprar Passagem,200,OK,Teste de Carga - 250 usuarios 1-250,text,true,,6719,420,250,250,https://www.blazedemo.com/purchase.php,812,0,0
1774386502474,1198,1 - Acessar Home,200,OK,Teste de Carga - 250 usuarios 1-18,text,true,,4757,120,250,250,https://www.blazedemo.com/,1186,0,0
1774386502475,1198,2 - Escolher Voo,200,OK,Teste de Carga - 250 usuarios 1-150,text,true,,7381,250,250,250,https://www.blazedemo.com/reserve.php,1178,0,0
1774386501932,1741,2 - Escolher Voo,200,OK,Teste de Carga - 250 usuarios 1-124,text,true,,7381,250,250,250,https://www.blazedemo.com/reserve.php,1721,0,0
1774386503428,248,1 - Acessar Home,200,OK,Teste de Carga - 250 usuarios 1-122,text,true,,4757,120,250,250,https://www.blazedemo.com/,237,0,0
1774386502031,1650,1 - Acessar Home,200,OK,Teste de Carga - 250 usuarios 1-180,text,true,,4757,120,250,250,https://www.blazedemo.com/,1638,0,0
1774386499833,3857,2 - Escolher Voo,200,OK,Teste de Carga - 250 usuarios 1-120,text,true,,7381,250,250,250,https://www.blazedemo.com/reserve.php,3838,0,0
1774386502211,1480,2 - Escolher Voo,200,OK,Teste de Carga - 250 usuarios 1-155,text,true,,7381,250,250,250,https://www.blazedemo.com/reserve.php,1459,0,0
1774386503289,403,2 - Escolher Voo,200,OK,Teste de Carga - 250 usuarios 1-28,text,true,,7381,250,250,250,https://www.blazedemo.com/reserve.php,285,0,0
1774386501165,2528,1 - Acessar Home,200,OK,Teste de Carga - 250 usuarios 1-39,text,true,,4757,120,250,250,https://www.blazedemo.com/,2516,0,0
1774386502899,796,2 - Escolher Voo,200,OK,Teste de Carga - 250 usuarios 1-185,text,true,,7381,250,250,250,https://www.blazedemo.com/reserve.php,776,0,0
1774386502906,790,2 - Escolher Voo,200,OK,Teste de Carga - 250 usuarios 1-189,text,true,,7381,250,250,250,https://www.blazedemo.com/reserve.php,770,0,0
1774386503196,501,1 - Acessar Home,200,OK,Teste de Carga - 250 usuarios 1-221,text,true,,4757,120,250,250,https://www.blazedemo.com/,490,0,0
1774386503428,270,1 - Acessar Home,200,OK,Teste de Carga - 250 usuarios 1-131,text,true,,4757,120,250,250,https://www.blazedemo.com/,258,0,0
1774386501994,1719,2 - Escolher Voo,200,OK,Teste de Carga - 250 usuarios 1-226,text,true,,7381,250,250,250,https://www.blazedemo.com/reserve.php,1697,0,0
1774386503391,334,1 - Acessar Home,200,OK,Teste de Carga - 250 usuarios 1-117,text,true,,4757,120,250,250,https://www.blazedemo.com/,323,0,0
1774386502996,729,1 - Acessar Home,200,OK,Teste de Carga - 250 usuarios 1-229,text,true,,4757,120,250,250,https://www.blazedemo.com/,718,0,0
1774386503359,368,2 - Escolher Voo,200,OK,Teste de Carga - 250 usuarios 1-219,text,true,,7381,250,250,250,https://www.blazedemo.com/reserve.php,347,0,0
1774386503473,258,3 - Comprar Passagem,200,OK,Teste de Carga - 250 usuarios 1-111,text,true,,6719,420,250,250,https://www.blazedemo.com/purchase.php,243,0,0
1774386503024,710,3 - Comprar Passagem,200,OK,Teste de Carga - 250 usuarios 1-198,text,true,,6719,420,250,250,https://www.blazedemo.com/purchase.php,693,0,0
1774386502026,1709,3 - Comprar Passagem,200,OK,Teste de Carga - 250 usuarios 1-146,text,true,,6719,420,250,250,https://www.blazedemo.com/purchase.php,1698,0,0
1774386503455,284,3 - Comprar Passagem,200,OK,Teste de Carga - 250 usuarios 1-7,text,true,,6719,420,250,250,https://www.blazedemo.com/purchase.php,272,0,0
1774386502928,812,3 - Comprar Passagem,200,OK,Teste de Carga - 250 usuarios 1-203,text,true,,6719,420,250,250,https://www.blazedemo.com/purchase.php,801,0,0
1774386503381,360,3 - Comprar Passagem,200,OK,Teste de Carga - 250 usuarios 1-101,text,true,,6719,420,250,250,https://www.blazedemo.com/purchase.php,348,0,0
1774386502957,794,3 - Comprar Passagem,200,OK,Teste de Carga - 250 usuarios 1-65,text,true,,6719,420,250,250,https://www.blazedemo.com/purchase.php,782,0,0
1774386502200,1556,3 - Comprar Passagem,200,OK,Teste de Carga - 250 usuarios 1-79,text,true,,6719,420,250,250,https://www.blazedemo.com/purchase.php,1544,0,0
1774386503263,497,2 - Escolher Voo,200,OK,Teste de Carga - 250 usuarios 1-103,text,true,,7381,250,250,250,https://www.blazedemo.com/reserve.php,476,0,0
1774386500266,3496,2 - Escolher Voo,200,OK,Teste de Carga - 250 usuarios 1-130,text,true,,7381,250,250,250,https://www.blazedemo.com/reserve.php,3477,0,0
1774386503492,271,2 - Escolher Voo,200,OK,Teste de Carga - 250 usuarios 1-209,text,true,,7381,250,250,250,https://www.blazedemo.com/reserve.php,252,0,0
1774386503267,506,1 - Acessar Home,200,OK,Teste de Carga - 250 usuarios 1-173,text,true,,4757,120,250,250,https://www.blazedemo.com/,493,0,0
1774386503483,292,3 - Comprar Passagem,200,OK,Teste de Carga - 250 usuarios 1-83,text,true,,6719,420,250,250,https://www.blazedemo.com/purchase.php,276,0,0
1774386500009,3772,3 - Comprar Passagem,200,OK,Teste de Carga - 250 usuarios 1-57,text,true,,6719,420,250,250,https://www.blazedemo.com/purchase.php,3755,0,0
1774386501212,2577,1 - Acessar Home,200,OK,Teste de Carga - 250 usuarios 1-192,text,true,,4757,120,250,250,https://www.blazedemo.com/,2564,0,0
1774386502569,1220,2 - Escolher Voo,200,OK,Teste de Carga - 250 usuarios 1-26,text,true,,7381,250,250,250,https://www.blazedemo.com/reserve.php,1204,0,0
1774386503500,299,3 - Comprar Passagem,200,OK,Teste de Carga - 250 usuarios 1-215,text,true,,6719,420,250,250,https://www.blazedemo.com/purchase.php,289,0,0
1774386503034,766,2 - Escolher Voo,200,OK,Teste de Carga - 250 usuarios 1-238,text,true,,7381,250,250,250,https://www.blazedemo.com/reserve.php,745,0,0
1774386503481,323,2 - Escolher Voo,200,OK,Teste de Carga - 250 usuarios 1-197,text,true,,7381,250,250,250,https://www.blazedemo.com/reserve.php,303,0,0
1774386503308,497,2 - Escolher Voo,200,OK,Teste de Carga - 250 usuarios 1-154,text,true,,7381,250,250,250,https://www.blazedemo.com/reserve.php,477,0,0
1774386502307,1500,3 - Comprar Passagem,200,OK,Teste de Carga - 250 usuarios 1-187,text,true,,6719,420,250,250,https://www.blazedemo.com/purchase.php,1487,0,0
1774386503310,499,3 - Comprar Passagem,200,OK,Teste de Carga - 250 usuarios 1-190,text,true,,6719,420,250,250,https://www.blazedemo.com/purchase.php,488,0,0
1774386503078,736,2 - Escolher Voo,200,OK,Teste de Carga - 250 usuarios 1-145,text,true,,7381,250,250,250,https://www.blazedemo.com/reserve.php,716,0,0
1774386503562,254,2 - Escolher Voo,200,OK,Teste de Carga - 250 usuarios 1-147,text,true,,7381,250,250,250,https://www.blazedemo.com/reserve.php,233,0,0
1774386503125,695,1 - Acessar Home,200,OK,Teste de Carga - 250 usuarios 1-60,text,true,,4757,120,250,250,https://www.blazedemo.com/,684,0,0
1774386503531,291,1 - Acessar Home,200,OK,Teste de Carga - 250 usuarios 1-179,text,true,,4757,120,250,250,https://www.blazedemo.com/,278,0,0
1774386502275,1551,1 - Acessar Home,200,OK,Teste de Carga - 250 usuarios 1-128,text,true,,4757,120,250,250,https://www.blazedemo.com/,1539,0,0
1774386503425,404,2 - Escolher Voo,200,OK,Teste de Carga - 250 usuarios 1-86,text,true,,7381,250,250,250,https://www.blazedemo.com/reserve.php,384,0,0
1774386502538,1306,2 - Escolher Voo,200,OK,Teste de Carga - 250 usuarios 1-96,text,true,,7381,250,250,250,https://www.blazedemo.com/reserve.php,1286,0,0
1774386503338,515,1 - Acessar Home,200,OK,Teste de Carga - 250 usuarios 1-161,text,true,,4757,120,250,250,https://www.blazedemo.com/,505,0,0
1774386503158,696,2 - Escolher Voo,200,OK,Teste de Carga - 250 usuarios 1-121,text,true,,7381,250,250,250,https://www.blazedemo.com/reserve.php,676,0,0
1774386503518,336,3 - Comprar Passagem,200,OK,Teste de Carga - 250 usuarios 1-178,text,true,,6719,420,250,250,https://www.blazedemo.com/purchase.php,325,0,0
1774386503587,267,3 - Comprar Passagem,200,OK,Teste de Carga - 250 usuarios 1-142,text,true,,6719,420,250,250,https://www.blazedemo.com/purchase.php,256,0,0
1774386503201,662,1 - Acessar Home,200,OK,Teste de Carga - 250 usuarios 1-110,text,true,,4757,120,250,250,https://www.blazedemo.com/,650,0,0
1774386503526,339,3 - Comprar Passagem,200,OK,Teste de Carga - 250 usuarios 1-29,text,true,,6719,420,250,250,https://www.blazedemo.com/purchase.php,329,0,0
1774386502740,1129,1 - Acessar Home,200,OK,Teste de Carga - 250 usuarios 1-112,text,true,,4757,120,250,250,https://www.blazedemo.com/,1118,0,0
1774386500504,3371,2 - Escolher Voo,200,OK,Teste de Carga - 250 usuarios 1-15,text,true,,7381,250,250,250,https://www.blazedemo.com/reserve.php,3350,0,0
1774386503584,307,2 - Escolher Voo,200,OK,Teste de Carga - 250 usuarios 1-133,text,true,,7381,250,250,250,https://www.blazedemo.com/reserve.php,287,0,0
1774386503290,603,3 - Comprar Passagem,200,OK,Teste de Carga - 250 usuarios 1-211,text,true,,6719,420,250,250,https://www.blazedemo.com/purchase.php,591,0,0
1774386503618,275,3 - Comprar Passagem,200,OK,Teste de Carga - 250 usuarios 1-62,text,true,,6719,420,250,250,https://www.blazedemo.com/purchase.php,263,0,0
1774386501233,2661,1 - Acessar Home,200,OK,Teste de Carga - 250 usuarios 1-20,text,true,,4757,120,250,250,https://www.blazedemo.com/,2649,0,0
1774386503635,267,1 - Acessar Home,200,OK,Teste de Carga - 250 usuarios 1-16,text,true,,4757,120,250,250,https://www.blazedemo.com/,256,0,0
1774386503359,547,2 - Escolher Voo,200,OK,Teste de Carga - 250 usuarios 1-81,text,true,,7381,250,250,250,https://www.blazedemo.com/reserve.php,526,0,0
1774386503574,342,3 - Comprar Passagem,200,OK,Teste de Carga - 250 usuarios 1-207,text,true,,6719,420,250,250,https://www.blazedemo.com/purchase.php,331,0,0
1774386503523,408,1 - Acessar Home,200,OK,Teste de Carga - 250 usuarios 1-227,text,true,,4757,120,250,250,https://www.blazedemo.com/,396,0,0
1774386502258,1673,2 - Escolher Voo,200,OK,Teste de Carga - 250 usuarios 1-40,text,true,,7381,250,250,250,https://www.blazedemo.com/reserve.php,1650,0,0
1774386503403,533,1 - Acessar Home,200,OK,Teste de Carga - 250 usuarios 1-171,text,true,,4757,120,250,250,https://www.blazedemo.com/,521,0,0
1774386503585,352,1 - Acessar Home,200,OK,Teste de Carga - 250 usuarios 1-186,text,true,,4757,120,250,250,https://www.blazedemo.com/,339,0,0
1774386503630,309,1 - Acessar Home,200,OK,Teste de Carga - 250 usuarios 1-70,text,true,,4757,120,250,250,https://www.blazedemo.com/,296,0,0
1774386503540,399,3 - Comprar Passagem,200,OK,Teste de Carga - 250 usuarios 1-49,text,true,,6719,420,250,250,https://www.blazedemo.com/purchase.php,387,0,0
1774386503247,694,2 - Escolher Voo,200,OK,Teste de Carga - 250 usuarios 1-132,text,true,,7381,250,250,250,https://www.blazedemo.com/reserve.php,677,0,0
1774386502358,1586,2 - Escolher Voo,200,OK,Teste de Carga - 250 usuarios 1-170,text,true,,7381,250,250,250,https://www.blazedemo.com/reserve.php,1569,0,0
1774386502885,1064,3 - Comprar Passagem,200,OK,Teste de Carga - 250 usuarios 1-148,text,true,,6719,420,250,250,https://www.blazedemo.com/purchase.php,1047,0,0
1774386503637,313,2 - Escolher Voo,200,OK,Teste de Carga - 250 usuarios 1-152,text,true,,7381,250,250,250,https://www.blazedemo.com/reserve.php,293,0,0
1774386500088,3872,3 - Comprar Passagem,200,OK,Teste de Carga - 250 usuarios 1-2,text,true,,6719,420,250,250,https://www.blazedemo.com/purchase.php,3859,0,0
1774386502680,1282,1 - Acessar Home,200,OK,Teste de Carga - 250 usuarios 1-135,text,true,,4757,120,250,250,https://www.blazedemo.com/,1270,0,0
1774386503633,333,3 - Comprar Passagem,200,OK,Teste de Carga - 250 usuarios 1-129,text,true,,6719,420,250,250,https://www.blazedemo.com/purchase.php,323,0,0
1774386503257,710,1 - Acessar Home,200,OK,Teste de Carga - 250 usuarios 1-125,text,true,,4757,120,250,250,https://www.blazedemo.com/,698,0,0
1774386502582,1386,3 - Comprar Passagem,200,OK,Teste de Carga - 250 usuarios 1-151,text,true,,6719,420,250,250,https://www.blazedemo.com/purchase.php,1373,0,0
1774386500509,3466,2 - Escolher Voo,200,OK,Teste de Carga - 250 usuarios 1-143,text,true,,7381,250,250,250,https://www.blazedemo.com/reserve.php,3446,0,0
1774386503323,657,3 - Comprar Passagem,200,OK,Teste de Carga - 250 usuarios 1-118,text,true,,6719,420,250,250,https://www.blazedemo.com/purchase.php,645,0,0
1774386503698,286,2 - Escolher Voo,200,OK,Teste de Carga - 250 usuarios 1-221,text,true,,7381,250,250,250,https://www.blazedemo.com/reserve.php,270,0,0
1774386503540,450,3 - Comprar Passagem,200,OK,Teste de Carga - 250 usuarios 1-68,text,true,,6719,420,250,250,https://www.blazedemo.com/purchase.php,438,0,0
1774386501345,2647,3 - Comprar Passagem,200,OK,Teste de Carga - 250 usuarios 1-35,text,true,,6719,420,250,250,https://www.blazedemo.com/purchase.php,2634,0,0
1774386502438,1554,1 - Acessar Home,200,OK,Teste de Carga - 250 usuarios 1-11,text,true,,4757,120,250,250,https://www.blazedemo.com/,1542,0,0
1774386503751,243,1 - Acessar Home,200,OK,Teste de Carga - 250 usuarios 1-65,text,true,,4757,120,250,250,https://www.blazedemo.com/,231,0,0
1774386503735,260,1 - Acessar Home,200,OK,Teste de Carga - 250 usuarios 1-146,text,true,,4757,120,250,250,https://www.blazedemo.com/,249,0,0
1774386503670,336,1 - Acessar Home,200,OK,Teste de Carga - 250 usuarios 1-250,text,true,,4757,120,250,250,https://www.blazedemo.com/,325,0,0
1774386503158,848,3 - Comprar Passagem,200,OK,Teste de Carga - 250 usuarios 1-210,text,true,,6719,420,250,250,https://www.blazedemo.com/purchase.php,836,0,0
1774386503673,336,3 - Comprar Passagem,200,OK,Teste de Carga - 250 usuarios 1-150,text,true,,6719,420,250,250,https://www.blazedemo.com/purchase.php,325,0,0
1774386503741,268,1 - Acessar Home,200,OK,Teste de Carga - 250 usuarios 1-101,text,true,,4757,120,250,250,https://www.blazedemo.com/,257,0,0
1774386503773,253,2 - Escolher Voo,200,OK,Teste de Carga - 250 usuarios 1-173,text,true,,7381,250,250,250,https://www.blazedemo.com/reserve.php,233,0,0
1774386503599,434,2 - Escolher Voo,200,OK,Teste de Carga - 250 usuarios 1-41,text,true,,7381,250,250,250,https://www.blazedemo.com/reserve.php,413,0,0
1774386503266,771,2 - Escolher Voo,200,OK,Teste de Carga - 250 usuarios 1-23,text,true,,7381,250,250,250,https://www.blazedemo.com/reserve.php,751,0,0
1774386503630,412,2 - Escolher Voo,200,OK,Teste de Carga - 250 usuarios 1-92,text,true,,7381,250,250,250,https://www.blazedemo.com/reserve.php,391,0,0
1774386502328,1722,2 - Escolher Voo,200,OK,Teste de Carga - 250 usuarios 1-231,text,true,,7381,250,250,250,https://www.blazedemo.com/reserve.php,1701,0,0
1774386503698,356,2 - Escolher Voo,200,OK,Teste de Carga - 250 usuarios 1-131,text,true,,7381,250,250,250,https://www.blazedemo.com/reserve.php,337,0,0
1774386503756,303,1 - Acessar Home,200,OK,Teste de Carga - 250 usuarios 1-79,text,true,,4757,120,250,250,https://www.blazedemo.com/,291,0,0
1774386502708,1352,2 - Escolher Voo,200,OK,Teste de Carga - 250 usuarios 1-114,text,true,,7381,250,250,250,https://www.blazedemo.com/reserve.php,1331,0,0
1774386503652,410,3 - Comprar Passagem,200,OK,Teste de Carga - 250 usuarios 1-8,text,true,,6719,420,250,250,https://www.blazedemo.com/purchase.php,394,0,0
1774386503760,304,3 - Comprar Passagem,200,OK,Teste de Carga - 250 usuarios 1-103,text,true,,6719,420,250,250,https://www.blazedemo.com/purchase.php,292,0,0
1774386503437,637,3 - Comprar Passagem,200,OK,Teste de Carga - 250 usuarios 1-59,text,true,,6719,420,250,250,https://www.blazedemo.com/purchase.php,621,0,0
1774386501367,2714,1 - Acessar Home,200,OK,Teste de Carga - 250 usuarios 1-73,text,true,,4757,120,250,250,https://www.blazedemo.com/,2700,0,0
1774386503660,428,3 - Comprar Passagem,200,OK,Teste de Carga - 250 usuarios 1-230,text,true,,6719,420,250,250,https://www.blazedemo.com/purchase.php,414,0,0
1774386503805,287,3 - Comprar Passagem,200,OK,Teste de Carga - 250 usuarios 1-197,text,true,,6719,420,250,250,https://www.blazedemo.com/purchase.php,275,0,0
1774386502959,1134,2 - Escolher Voo,200,OK,Teste de Carga - 250 usuarios 1-95,text,true,,7381,250,250,250,https://www.blazedemo.com/reserve.php,1114,0,0
1774386503713,382,3 - Comprar Passagem,200,OK,Teste de Carga - 250 usuarios 1-226,text,true,,6719,420,250,250,https://www.blazedemo.com/purchase.php,370,0,0
1774386503029,1068,1 - Acessar Home,200,OK,Teste de Carga - 250 usuarios 1-242,text,true,,4757,120,250,250,https://www.blazedemo.com/,1058,0,0
1774386503853,249,2 - Escolher Voo,200,OK,Teste de Carga - 250 usuarios 1-161,text,true,,7381,250,250,250,https://www.blazedemo.com/reserve.php,229,0,0
1774386503763,349,3 - Comprar Passagem,200,OK,Teste de Carga - 250 usuarios 1-130,text,true,,6719,420,250,250,https://www.blazedemo.com/purchase.php,337,0,0
1774386502980,1134,2 - Escolher Voo,200,OK,Teste de Carga - 250 usuarios 1-46,text,true,,7381,250,250,250,https://www.blazedemo.com/reserve.php,1114,0,0
1774386503328,787,1 - Acessar Home,200,OK,Teste de Carga - 250 usuarios 1-34,text,true,,4757,120,250,250,https://www.blazedemo.com/,776,0,0
1774386500533,3583,3 - Comprar Passagem,200,OK,Teste de Carga - 250 usuarios 1-91,text,true,,6719,420,250,250,https://www.blazedemo.com/purchase.php,3572,0,0
1774386503799,318,1 - Acessar Home,200,OK,Teste de Carga - 250 usuarios 1-215,text,true,,4757,120,250,250,https://www.blazedemo.com/,306,0,0
1774386503734,390,1 - Acessar Home,200,OK,Teste de Carga - 250 usuarios 1-198,text,true,,4757,120,250,250,https://www.blazedemo.com/,378,0,0
1774386503854,272,1 - Acessar Home,200,OK,Teste de Carga - 250 usuarios 1-178,text,true,,4757,120,250,250,https://www.blazedemo.com/,262,0,0
1774386503854,287,3 - Comprar Passagem,200,OK,Teste de Carga - 250 usuarios 1-121,text,true,,6719,420,250,250,https://www.blazedemo.com/purchase.php,275,0,0
1774386500161,3986,2 - Escolher Voo,200,OK,Teste de Carga - 250 usuarios 1-107,text,true,,7381,250,250,250,https://www.blazedemo.com/reserve.php,3966,0,0
1774386503071,1081,2 - Escolher Voo,200,OK,Teste de Carga - 250 usuarios 1-183,text,true,,7381,250,250,250,https://www.blazedemo.com/reserve.php,1060,0,0
1774386503692,463,3 - Comprar Passagem,200,OK,Teste de Carga - 250 usuarios 1-28,text,true,,6719,420,250,250,https://www.blazedemo.com/purchase.php,451,0,0
1774386503725,433,2 - Escolher Voo,200,OK,Teste de Carga - 250 usuarios 1-229,text,true,,7381,250,250,250,https://www.blazedemo.com/reserve.php,420,0,0
1774386503906,254,3 - Comprar Passagem,200,OK,Teste de Carga - 250 usuarios 1-81,text,true,,6719,420,250,250,https://www.blazedemo.com/purchase.php,240,0,0
1774386503903,260,2 - Escolher Voo,200,OK,Teste de Carga - 250 usuarios 1-16,text,true,,7381,250,250,250,https://www.blazedemo.com/reserve.php,240,0,0
1774386503693,470,2 - Escolher Voo,200,OK,Teste de Carga - 250 usuarios 1-39,text,true,,7381,250,250,250,https://www.blazedemo.com/reserve.php,450,0,0
1774386501451,2716,1 - Acessar Home,200,OK,Teste de Carga - 250 usuarios 1-224,text,true,,4757,120,250,250,https://www.blazedemo.com/,2704,0,0
1774386503690,484,3 - Comprar Passagem,200,OK,Teste de Carga - 250 usuarios 1-120,text,true,,6719,420,250,250,https://www.blazedemo.com/purchase.php,472,0,0
1774386500187,3987,1 - Acessar Home,200,OK,Teste de Carga - 250 usuarios 1-24,text,true,,4757,120,250,250,https://www.blazedemo.com/,3974,0,0
1774386503854,320,1 - Acessar Home,200,OK,Teste de Carga - 250 usuarios 1-142,text,true,,4757,120,250,250,https://www.blazedemo.com/,308,0,0
1774386502325,1856,2 - Escolher Voo,200,OK,Teste de Carga - 250 usuarios 1-94,text,true,,7381,250,250,250,https://www.blazedemo.com/reserve.php,1840,0,0
1774386503931,253,2 - Escolher Voo,200,OK,Teste de Carga - 250 usuarios 1-227,text,true,,7381,250,250,250,https://www.blazedemo.com/reserve.php,236,0,0
1774386503893,305,1 - Acessar Home,200,OK,Teste de Carga - 250 usuarios 1-62,text,true,,4757,120,250,250,https://www.blazedemo.com/,292,0,0
1774386503869,334,2 - Escolher Voo,200,OK,Teste de Carga - 250 usuarios 1-112,text,true,,7381,250,250,250,https://www.blazedemo.com/reserve.php,315,0,0
1774386503417,792,1 - Acessar Home,200,OK,Teste de Carga - 250 usuarios 1-13,text,true,,4757,120,250,250,https://www.blazedemo.com/,781,0,0
1774386503456,755,2 - Escolher Voo,200,OK,Teste de Carga - 250 usuarios 1-98,text,true,,7381,250,250,250,https://www.blazedemo.com/reserve.php,737,0,0
1774386503152,1062,1 - Acessar Home,200,OK,Teste de Carga - 250 usuarios 1-212,text,true,,4757,120,250,250,https://www.blazedemo.com/,1049,0,0
1774386503951,265,3 - Comprar Passagem,200,OK,Teste de Carga - 250 usuarios 1-152,text,true,,6719,420,250,250,https://www.blazedemo.com/purchase.php,255,0,0
1774386503088,1131,1 - Acessar Home,200,OK,Teste de Carga - 250 usuarios 1-47,text,true,,4757,120,250,250,https://www.blazedemo.com/,1120,0,0
1774386503405,817,3 - Comprar Passagem,200,OK,Teste de Carga - 250 usuarios 1-162,text,true,,6719,420,250,250,https://www.blazedemo.com/purchase.php,804,0,0
1774386503120,1106,3 - Comprar Passagem,200,OK,Teste de Carga - 250 usuarios 1-10,text,true,,6719,420,250,250,https://www.blazedemo.com/purchase.php,1094,0,0
1774386503763,466,3 - Comprar Passagem,200,OK,Teste de Carga - 250 usuarios 1-209,text,true,,6719,420,250,250,https://www.blazedemo.com/purchase.php,453,0,0
1774386503960,277,1 - Acessar Home,200,OK,Teste de Carga - 250 usuarios 1-2,text,true,,4757,120,250,250,https://www.blazedemo.com/,265,0,0
1774386503893,356,1 - Acessar Home,200,OK,Teste de Carga - 250 usuarios 1-211,text,true,,4757,120,250,250,https://www.blazedemo.com/,345,0,0
1774386503863,392,2 - Escolher Voo,200,OK,Teste de Carga - 250 usuarios 1-110,text,true,,7381,250,250,250,https://www.blazedemo.com/reserve.php,371,0,0
1774386503814,441,3 - Comprar Passagem,200,OK,Teste de Carga - 250 usuarios 1-145,text,true,,6719,420,250,250,https://www.blazedemo.com/purchase.php,429,0,0
1774386503727,529,3 - Comprar Passagem,200,OK,Teste de Carga - 250 usuarios 1-219,text,true,,6719,420,250,250,https://www.blazedemo.com/purchase.php,515,0,0
1774386500233,4025,2 - Escolher Voo,200,OK,Teste de Carga - 250 usuarios 1-76,text,true,,7381,250,250,250,https://www.blazedemo.com/reserve.php,4004,0,0
1774386503939,338,1 - Acessar Home,200,OK,Teste de Carga - 250 usuarios 1-49,text,true,,4757,120,250,250,https://www.blazedemo.com/,326,0,0
1774386500372,3909,2 - Escolher Voo,200,OK,Teste de Carga - 250 usuarios 1-243,text,true,,7381,250,250,250,https://www.blazedemo.com/reserve.php,3889,0,0
1774386503501,783,3 - Comprar Passagem,200,OK,Teste de Carga - 250 usuarios 1-144,text,true,,6719,420,250,250,https://www.blazedemo.com/purchase.php,771,0,0
1774386501480,2809,2 - Escolher Voo,200,OK,Teste de Carga - 250 usuarios 1-204,text,true,,7381,250,250,250,https://www.blazedemo.com/reserve.php,2789,0,0
1774386503781,512,1 - Acessar Home,200,OK,Teste de Carga - 250 usuarios 1-57,text,true,,4757,120,250,250,https://www.blazedemo.com/,500,0,0
1774386502350,1949,1 - Acessar Home,200,OK,Teste de Carga - 250 usuarios 1-139,text,true,,4757,120,250,250,https://www.blazedemo.com/,1936,0,0
1774386504009,292,2 - Escolher Voo,200,OK,Teste de Carga - 250 usuarios 1-101,text,true,,7381,250,250,250,https://www.blazedemo.com/reserve.php,271,0,0
1774386503992,310,1 - Acessar Home,200,OK,Teste de Carga - 250 usuarios 1-35,text,true,,4757,120,250,250,https://www.blazedemo.com/,297,0,0
1774386503984,319,3 - Comprar Passagem,200,OK,Teste de Carga - 250 usuarios 1-221,text,true,,6719,420,250,250,https://www.blazedemo.com/purchase.php,307,0,0
1774386503975,330,3 - Comprar Passagem,200,OK,Teste de Carga - 250 usuarios 1-143,text,true,,6719,420,250,250,https://www.blazedemo.com/purchase.php,318,0,0
1774386503916,394,1 - Acessar Home,200,OK,Teste de Carga - 250 usuarios 1-207,text,true,,4757,120,250,250,https://www.blazedemo.com/,383,0,0
1774386503486,827,1 - Acessar Home,200,OK,Teste de Carga - 250 usuarios 1-72,text,true,,4757,120,250,250,https://www.blazedemo.com/,815,0,0
1774386503995,319,2 - Escolher Voo,200,OK,Teste de Carga - 250 usuarios 1-146,text,true,,7381,250,250,250,https://www.blazedemo.com/reserve.php,298,0,0
1774386504009,310,1 - Acessar Home,200,OK,Teste de Carga - 250 usuarios 1-150,text,true,,4757,120,250,250,https://www.blazedemo.com/,298,0,0
1774386500595,3728,2 - Escolher Voo,200,OK,Teste de Carga - 250 usuarios 1-247,text,true,,7381,250,250,250,https://www.blazedemo.com/reserve.php,3708,0,0
1774386503099,1232,1 - Acessar Home,200,OK,Teste de Carga - 250 usuarios 1-30,text,true,,4757,120,250,250,https://www.blazedemo.com/,1219,0,0
1774386503202,1131,3 - Comprar Passagem,200,OK,Teste de Carga - 250 usuarios 1-172,text,true,,6719,420,250,250,https://www.blazedemo.com/purchase.php,1119,0,0
1774386503416,924,2 - Escolher Voo,200,OK,Teste de Carga - 250 usuarios 1-32,text,true,,7381,250,250,250,https://www.blazedemo.com/reserve.php,905,0,0
1774386504006,335,2 - Escolher Voo,200,OK,Teste de Carga - 250 usuarios 1-250,text,true,,7381,250,250,250,https://www.blazedemo.com/reserve.php,315,0,0
1774386504059,285,2 - Escolher Voo,200,OK,Teste de Carga - 250 usuarios 1-79,text,true,,7381,250,250,250,https://www.blazedemo.com/reserve.php,266,0,0
1774386503941,412,3 - Comprar Passagem,200,OK,Teste de Carga - 250 usuarios 1-132,text,true,,6719,420,250,250,https://www.blazedemo.com/purchase.php,398,0,0
1774386503573,781,1 - Acessar Home,200,OK,Teste de Carga - 250 usuarios 1-90,text,true,,4757,120,250,250,https://www.blazedemo.com/,770,0,0
1774386503980,374,1 - Acessar Home,200,OK,Teste de Carga - 250 usuarios 1-118,text,true,,4757,120,250,250,https://www.blazedemo.com/,363,0,0
1774386500470,3885,3 - Comprar Passagem,200,OK,Teste de Carga - 250 usuarios 1-115,text,true,,6719,420,250,250,https://www.blazedemo.com/purchase.php,3874,0,0
1774386503789,578,3 - Comprar Passagem,200,OK,Teste de Carga - 250 usuarios 1-26,text,true,,6719,420,250,250,https://www.blazedemo.com/purchase.php,566,0,0
1774386504095,273,1 - Acessar Home,200,OK,Teste de Carga - 250 usuarios 1-226,text,true,,4757,120,250,250,https://www.blazedemo.com/,260,0,0
1774386504050,322,3 - Comprar Passagem,200,OK,Teste de Carga - 250 usuarios 1-231,text,true,,6719,420,250,250,https://www.blazedemo.com/purchase.php,310,0,0
1774386504112,262,1 - Acessar Home,200,OK,Teste de Carga - 250 usuarios 1-130,text,true,,4757,120,250,250,https://www.blazedemo.com/,250,0,0
1774386500578,3803,3 - Comprar Passagem,200,OK,Teste de Carga - 250 usuarios 1-108,text,true,,6719,420,250,250,https://www.blazedemo.com/purchase.php,3792,0,0
1774386503967,421,2 - Escolher Voo,200,OK,Teste de Carga - 250 usuarios 1-125,text,true,,7381,250,250,250,https://www.blazedemo.com/reserve.php,401,0,0
1774386504124,273,2 - Escolher Voo,200,OK,Teste de Carga - 250 usuarios 1-198,text,true,,7381,250,250,250,https://www.blazedemo.com/reserve.php,257,0,0
1774386501484,2918,2 - Escolher Voo,200,OK,Teste de Carga - 250 usuarios 1-53,text,true,,7381,250,250,250,https://www.blazedemo.com/reserve.php,2898,0,0
1774386500599,3807,1 - Acessar Home,200,OK,Teste de Carga - 250 usuarios 1-56,text,true,,4757,120,250,250,https://www.blazedemo.com/,3796,0,0
1774386504026,390,3 - Comprar Passagem,200,OK,Teste de Carga - 250 usuarios 1-173,text,true,,6719,420,250,250,https://www.blazedemo.com/purchase.php,379,0,0
1774386503333,1089,2 - Escolher Voo,200,OK,Teste de Carga - 250 usuarios 1-78,text,true,,7381,250,250,250,https://www.blazedemo.com/reserve.php,1069,0,0
1774386503523,902,1 - Acessar Home,200,OK,Teste de Carga - 250 usuarios 1-75,text,true,,4757,120,250,250,https://www.blazedemo.com/,890,0,0
1774386503580,848,2 - Escolher Voo,200,OK,Teste de Carga - 250 usuarios 1-66,text,true,,7381,250,250,250,https://www.blazedemo.com/reserve.php,828,0,0
1774386504117,311,2 - Escolher Voo,200,OK,Teste de Carga - 250 usuarios 1-215,text,true,,7381,250,250,250,https://www.blazedemo.com/reserve.php,292,0,0
1774386503326,1104,3 - Comprar Passagem,200,OK,Teste de Carga - 250 usuarios 1-71,text,true,,6719,420,250,250,https://www.blazedemo.com/purchase.php,1088,0,0
1774386502372,2064,3 - Comprar Passagem,200,OK,Teste de Carga - 250 usuarios 1-19,text,true,,6719,420,250,250,https://www.blazedemo.com/purchase.php,2047,0,0
1774386504064,380,1 - Acessar Home,200,OK,Teste de Carga - 250 usuarios 1-103,text,true,,4757,120,250,250,https://www.blazedemo.com/,368,0,0
1774386503453,993,2 - Escolher Voo,200,OK,Teste de Carga - 250 usuarios 1-218,text,true,,7381,250,250,250,https://www.blazedemo.com/reserve.php,977,0,0
1774386503807,641,1 - Acessar Home,200,OK,Teste de Carga - 250 usuarios 1-187,text,true,,4757,120,250,250,https://www.blazedemo.com/,629,0,0
1774386503220,1228,1 - Acessar Home,200,OK,Teste de Carga - 250 usuarios 1-141,text,true,,4757,120,250,250,https://www.blazedemo.com/,1216,0,0
1774386504116,332,1 - Acessar Home,200,OK,Teste de Carga - 250 usuarios 1-91,text,true,,4757,120,250,250,https://www.blazedemo.com/,321,0,0
1774386504147,306,3 - Comprar Passagem,200,OK,Teste de Carga - 250 usuarios 1-107,text,true,,6719,420,250,250,https://www.blazedemo.com/purchase.php,292,0,0
1774386504216,248,1 - Acessar Home,200,OK,Teste de Carga - 250 usuarios 1-152,text,true,,4757,120,250,250,https://www.blazedemo.com/,236,0,0
1774386500598,3869,2 - Escolher Voo,200,OK,Teste de Carga - 250 usuarios 1-3,text,true,,7381,250,250,250,https://www.blazedemo.com/reserve.php,3848,0,0
1774386504160,316,1 - Acessar Home,200,OK,Teste de Carga - 250 usuarios 1-81,text,true,,4757,120,250,250,https://www.blazedemo.com/,304,0,0
1774386504163,323,3 - Comprar Passagem,200,OK,Teste de Carga - 250 usuarios 1-16,text,true,,6719,420,250,250,https://www.blazedemo.com/purchase.php,307,0,0
1774386504227,262,1 - Acessar Home,200,OK,Teste de Carga - 250 usuarios 1-10,text,true,,4757,120,250,250,https://www.blazedemo.com/,250,0,0
1774386504219,271,2 - Escolher Voo,200,OK,Teste de Carga - 250 usuarios 1-47,text,true,,7381,250,250,250,https://www.blazedemo.com/reserve.php,251,0,0
1774386504229,264,1 - Acessar Home,200,OK,Teste de Carga - 250 usuarios 1-209,text,true,,4757,120,250,250,https://www.blazedemo.com/,253,0,0
1774386500616,3878,3 - Comprar Passagem,200,OK,Teste de Carga - 250 usuarios 1-51,text,true,,6719,420,250,250,https://www.blazedemo.com/purchase.php,3866,0,0
1774386504222,275,1 - Acessar Home,200,OK,Teste de Carga - 250 usuarios 1-162,text,true,,4757,120,250,250,https://www.blazedemo.com/,263,0,0
1774386504155,345,1 - Acessar Home,200,OK,Teste de Carga - 250 usuarios 1-28,text,true,,4757,120,250,250,https://www.blazedemo.com/,334,0,0
1774386503578,926,2 - Escolher Voo,200,OK,Teste de Carga - 250 usuarios 1-181,text,true,,7381,250,250,250,https://www.blazedemo.com/reserve.php,906,0,0
1774386503373,1141,2 - Escolher Voo,200,OK,Teste de Carga - 250 usuarios 1-244,text,true,,7381,250,250,250,https://www.blazedemo.com/reserve.php,1120,0,0
1774386504081,440,2 - Escolher Voo,200,OK,Teste de Carga - 250 usuarios 1-73,text,true,,7381,250,250,250,https://www.blazedemo.com/reserve.php,423,0,0
1774386504037,494,3 - Comprar Passagem,200,OK,Teste de Carga - 250 usuarios 1-23,text,true,,6719,420,250,250,https://www.blazedemo.com/purchase.php,482,0,0
1774386504211,325,3 - Comprar Passagem,200,OK,Teste de Carga - 250 usuarios 1-98,text,true,,6719,420,250,250,https://www.blazedemo.com/purchase.php,313,0,0
1774386502577,1959,2 - Escolher Voo,200,OK,Teste de Carga - 250 usuarios 1-241,text,true,,7381,250,250,250,https://www.blazedemo.com/reserve.php,1939,0,0
1774386504257,283,1 - Acessar Home,200,OK,Teste de Carga - 250 usuarios 1-219,text,true,,4757,120,250,250,https://www.blazedemo.com/,273,0,0
1774386500688,3882,3 - Comprar Passagem,200,OK,Teste de Carga - 250 usuarios 1-84,text,true,,6719,420,250,250,https://www.blazedemo.com/purchase.php,3870,0,0
1774386503696,874,3 - Comprar Passagem,200,OK,Teste de Carga - 250 usuarios 1-189,text,true,,6719,420,250,250,https://www.blazedemo.com/purchase.php,863,0,0
1774386503494,1077,1 - Acessar Home,200,OK,Teste de Carga - 250 usuarios 1-177,text,true,,4757,120,250,250,https://www.blazedemo.com/,1064,0,0
1774386504255,319,3 - Comprar Passagem,200,OK,Teste de Carga - 250 usuarios 1-110,text,true,,6719,420,250,250,https://www.blazedemo.com/purchase.php,309,0,0
1774386504282,294,3 - Comprar Passagem,200,OK,Teste de Carga - 250 usuarios 1-243,text,true,,6719,420,250,250,https://www.blazedemo.com/purchase.php,282,0,0
1774386503400,1180,2 - Escolher Voo,200,OK,Teste de Carga - 250 usuarios 1-239,text,true,,7381,250,250,250,https://www.blazedemo.com/reserve.php,1160,0,0
1774386502635,1951,1 - Acessar Home,200,OK,Teste de Carga - 250 usuarios 1-123,text,true,,4757,120,250,250,https://www.blazedemo.com/,1939,0,0
1774386504237,360,2 - Escolher Voo,200,OK,Teste de Carga - 250 usuarios 1-2,text,true,,7381,250,250,250,https://www.blazedemo.com/reserve.php,339,0,0
1774386503431,1166,1 - Acessar Home,200,OK,Teste de Carga - 250 usuarios 1-222,text,true,,4757,120,250,250,https://www.blazedemo.com/,1153,0,0
1774386504293,314,2 - Escolher Voo,200,OK,Teste de Carga - 250 usuarios 1-57,text,true,,7381,250,250,250,https://www.blazedemo.com/reserve.php,292,0,0
1774386504299,313,2 - Escolher Voo,200,OK,Teste de Carga - 250 usuarios 1-139,text,true,,7381,250,250,250,https://www.blazedemo.com/reserve.php,293,0,0
1774386504324,289,3 - Comprar Passagem,200,OK,Teste de Carga - 250 usuarios 1-247,text,true,,6719,420,250,250,https://www.blazedemo.com/purchase.php,277,0,0
1774386500703,3918,1 - Acessar Home,200,OK,Teste de Carga - 250 usuarios 1-167,text,true,,4757,120,250,250,https://www.blazedemo.com/,3905,0,0
1774386504302,319,2 - Escolher Voo,200,OK,Teste de Carga - 250 usuarios 1-35,text,true,,7381,250,250,250,https://www.blazedemo.com/reserve.php,299,0,0
1774386503637,1000,3 - Comprar Passagem,200,OK,Teste de Carga - 250 usuarios 1-237,text,true,,6719,420,250,250,https://www.blazedemo.com/purchase.php,987,0,0
1774386504342,297,3 - Comprar Passagem,200,OK,Teste de Carga - 250 usuarios 1-250,text,true,,6719,420,250,250,https://www.blazedemo.com/purchase.php,285,0,0
1774386503809,830,1 - Acessar Home,200,OK,Teste de Carga - 250 usuarios 1-190,text,true,,4757,120,250,250,https://www.blazedemo.com/,818,0,0
1774386503452,1196,1 - Acessar Home,200,OK,Teste de Carga - 250 usuarios 1-201,text,true,,4757,120,250,250,https://www.blazedemo.com/,1183,0,0
1774386504354,296,2 - Escolher Voo,200,OK,Teste de Carga - 250 usuarios 1-118,text,true,,7381,250,250,250,https://www.blazedemo.com/reserve.php,277,0,0
1774386502687,1966,3 - Comprar Passagem,200,OK,Teste de Carga - 250 usuarios 1-61,text,true,,6719,420,250,250,https://www.blazedemo.com/purchase.php,1954,0,0
1774386504163,496,3 - Comprar Passagem,200,OK,Teste de Carga - 250 usuarios 1-39,text,true,,6719,420,250,250,https://www.blazedemo.com/purchase.php,485,0,0
1774386503937,731,2 - Escolher Voo,200,OK,Teste de Carga - 250 usuarios 1-186,text,true,,7381,250,250,250,https://www.blazedemo.com/reserve.php,711,0,0
1774386504406,271,2 - Escolher Voo,200,OK,Teste de Carga - 250 usuarios 1-56,text,true,,7381,250,250,250,https://www.blazedemo.com/reserve.php,250,0,0
1774386500738,3947,3 - Comprar Passagem,200,OK,Teste de Carga - 250 usuarios 1-50,text,true,,6719,420,250,250,https://www.blazedemo.com/purchase.php,3930,0,0
1774386504331,357,2 - Escolher Voo,200,OK,Teste de Carga - 250 usuarios 1-30,text,true,,7381,250,250,250,https://www.blazedemo.com/reserve.php,338,0,0
1774386500807,3881,1 - Acessar Home,200,OK,Teste de Carga - 250 usuarios 1-223,text,true,,4757,120,250,250,https://www.blazedemo.com/,3869,0,0
1774386504422,268,3 - Comprar Passagem,200,OK,Teste de Carga - 250 usuarios 1-78,text,true,,6719,420,250,250,https://www.blazedemo.com/purchase.php,251,0,0
1774386504373,321,1 - Acessar Home,200,OK,Teste de Carga - 250 usuarios 1-231,text,true,,4757,120,250,250,https://www.blazedemo.com/,309,0,0
1774386502741,1957,1 - Acessar Home,200,OK,Teste de Carga - 250 usuarios 1-216,text,true,,4757,120,250,250,https://www.blazedemo.com/,1946,0,0
1774386504436,268,1 - Acessar Home,200,OK,Teste de Carga - 250 usuarios 1-19,text,true,,4757,120,250,250,https://www.blazedemo.com/,258,0,0
1774386503563,1146,2 - Escolher Voo,200,OK,Teste de Carga - 250 usuarios 1-5,text,true,,7381,250,250,250,https://www.blazedemo.com/reserve.php,1127,0,0
1774386503516,1197,2 - Escolher Voo,200,OK,Teste de Carga - 250 usuarios 1-27,text,true,,7381,250,250,250,https://www.blazedemo.com/reserve.php,1178,0,0
1774386501584,3130,1 - Acessar Home,200,OK,Teste de Carga - 250 usuarios 1-109,text,true,,4757,120,250,250,https://www.blazedemo.com/,3118,0,0
1774386503582,1140,3 - Comprar Passagem,200,OK,Teste de Carga - 250 usuarios 1-93,text,true,,6719,420,250,250,https://www.blazedemo.com/purchase.php,1125,0,0
1774386503650,1075,1 - Acessar Home,200,OK,Teste de Carga - 250 usuarios 1-14,text,true,,4757,120,250,250,https://www.blazedemo.com/,1063,0,0
1774386503829,896,3 - Comprar Passagem,200,OK,Teste de Carga - 250 usuarios 1-86,text,true,,6719,420,250,250,https://www.blazedemo.com/purchase.php,884,0,0
1774386504354,376,2 - Escolher Voo,200,OK,Teste de Carga - 250 usuarios 1-90,text,true,,7381,250,250,250,https://www.blazedemo.com/reserve.php,355,0,0
1774386503944,792,3 - Comprar Passagem,200,OK,Teste de Carga - 250 usuarios 1-170,text,true,,6719,420,250,250,https://www.blazedemo.com/purchase.php,780,0,0
1774386504448,289,2 - Escolher Voo,200,OK,Teste de Carga - 250 usuarios 1-91,text,true,,7381,250,250,250,https://www.blazedemo.com/reserve.php,268,0,0
1774386504448,291,2 - Escolher Voo,200,OK,Teste de Carga - 250 usuarios 1-141,text,true,,7381,250,250,250,https://www.blazedemo.com/reserve.php,270,0,0
1774386503962,779,2 - Escolher Voo,200,OK,Teste de Carga - 250 usuarios 1-135,text,true,,7381,250,250,250,https://www.blazedemo.com/reserve.php,758,0,0
1774386500796,3948,3 - Comprar Passagem,200,OK,Teste de Carga - 250 usuarios 1-206,text,true,,6719,420,250,250,https://www.blazedemo.com/purchase.php,3937,0,0
1774386504182,568,3 - Comprar Passagem,200,OK,Teste de Carga - 250 usuarios 1-94,text,true,,6719,420,250,250,https://www.blazedemo.com/purchase.php,557,0,0
1774386504367,385,1 - Acessar Home,200,OK,Teste de Carga - 250 usuarios 1-26,text,true,,4757,120,250,250,https://www.blazedemo.com/,374,0,0
1774386503583,1172,3 - Comprar Passagem,200,OK,Teste de Carga - 250 usuarios 1-119,text,true,,6719,420,250,250,https://www.blazedemo.com/purchase.php,1160,0,0
1774386504425,337,2 - Escolher Voo,200,OK,Teste de Carga - 250 usuarios 1-75,text,true,,7381,250,250,250,https://www.blazedemo.com/reserve.php,316,0,0
1774386502807,1964,2 - Escolher Voo,200,OK,Teste de Carga - 250 usuarios 1-89,text,true,,7381,250,250,250,https://www.blazedemo.com/reserve.php,1944,0,0
1774386504494,282,1 - Acessar Home,200,OK,Teste de Carga - 250 usuarios 1-51,text,true,,4757,120,250,250,https://www.blazedemo.com/,270,0,0
1774386500888,3896,1 - Acessar Home,200,OK,Teste de Carga - 250 usuarios 1-58,text,true,,4757,120,250,250,https://www.blazedemo.com/,3882,0,0
1774386504490,296,2 - Escolher Voo,200,OK,Teste de Carga - 250 usuarios 1-10,text,true,,7381,250,250,250,https://www.blazedemo.com/reserve.php,276,0,0
1774386504453,337,1 - Acessar Home,200,OK,Teste de Carga - 250 usuarios 1-107,text,true,,4757,120,250,250,https://www.blazedemo.com/,327,0,0
1774386502856,1942,3 - Comprar Passagem,200,OK,Teste de Carga - 250 usuarios 1-199,text,true,,6719,420,250,250,https://www.blazedemo.com/purchase.php,1932,0,0
1774386503664,1143,3 - Comprar Passagem,200,OK,Teste de Carga - 250 usuarios 1-106,text,true,,6719,420,250,250,https://www.blazedemo.com/purchase.php,1130,0,0
1774386503993,824,2 - Escolher Voo,200,OK,Teste de Carga - 250 usuarios 1-11,text,true,,7381,250,250,250,https://www.blazedemo.com/reserve.php,803,0,0
1774386504174,644,1 - Acessar Home,200,OK,Teste de Carga - 250 usuarios 1-120,text,true,,4757,120,250,250,https://www.blazedemo.com/,632,0,0
1774386501082,3746,1 - Acessar Home,200,OK,Teste de Carga - 250 usuarios 1-52,text,true,,4757,120,250,250,https://www.blazedemo.com/,3735,0,0
1774386504576,259,1 - Acessar Home,200,OK,Teste de Carga - 250 usuarios 1-243,text,true,,4757,120,250,250,https://www.blazedemo.com/,247,0,0
1774386504570,265,1 - Acessar Home,200,OK,Teste de Carga - 250 usuarios 1-84,text,true,,4757,120,250,250,https://www.blazedemo.com/,253,0,0
1774386504333,505,1 - Acessar Home,200,OK,Teste de Carga - 250 usuarios 1-172,text,true,,4761,120,250,250,https://www.blazedemo.com/,493,0,0
1774386504570,269,1 - Acessar Home,200,OK,Teste de Carga - 250 usuarios 1-189,text,true,,4757,120,250,250,https://www.blazedemo.com/,258,0,0
1774386504541,300,2 - Escolher Voo,200,OK,Teste de Carga - 250 usuarios 1-219,text,true,,7381,250,250,250,https://www.blazedemo.com/reserve.php,280,0,0
1774386503691,1159,3 - Comprar Passagem,200,OK,Teste de Carga - 250 usuarios 1-155,text,true,,6719,420,250,250,https://www.blazedemo.com/purchase.php,1146,0,0
1774386503584,1274,2 - Escolher Voo,200,OK,Teste de Carga - 250 usuarios 1-25,text,true,,7381,250,250,250,https://www.blazedemo.com/reserve.php,1253,0,0
1774386504198,663,2 - Escolher Voo,200,OK,Teste de Carga - 250 usuarios 1-62,text,true,,7381,250,250,250,https://www.blazedemo.com/reserve.php,640,0,0
1774386503672,1191,2 - Escolher Voo,200,OK,Teste de Carga - 250 usuarios 1-18,text,true,,7381,250,250,250,https://www.blazedemo.com/reserve.php,1171,0,0
1774386504597,269,2 - Escolher Voo,200,OK,Teste de Carga - 250 usuarios 1-222,text,true,,7381,250,250,250,https://www.blazedemo.com/reserve.php,249,0,0
1774386500851,4018,2 - Escolher Voo,200,OK,Teste de Carga - 250 usuarios 1-55,text,true,,7381,250,250,250,https://www.blazedemo.com/reserve.php,3999,0,0
1774386504093,787,3 - Comprar Passagem,200,OK,Teste de Carga - 250 usuarios 1-95,text,true,,6719,420,250,250,https://www.blazedemo.com/purchase.php,774,0,0
1774386503741,1144,1 - Acessar Home,200,OK,Teste de Carga - 250 usuarios 1-203,text,true,,4757,120,250,250,https://www.blazedemo.com/,1132,0,0
1774386504467,420,3 - Comprar Passagem,200,OK,Teste de Carga - 250 usuarios 1-3,text,true,,6719,420,250,250,https://www.blazedemo.com/purchase.php,408,0,0
1774386504127,761,2 - Escolher Voo,200,OK,Teste de Carga - 250 usuarios 1-178,text,true,,7381,250,250,250,https://www.blazedemo.com/reserve.php,740,0,0
1774386504607,284,3 - Comprar Passagem,200,OK,Teste de Carga - 250 usuarios 1-57,text,true,,6719,420,250,250,https://www.blazedemo.com/purchase.php,271,0,0
1774386503561,1330,2 - Escolher Voo,200,OK,Teste de Carga - 250 usuarios 1-233,text,true,,7381,250,250,250,https://www.blazedemo.com/reserve.php,1309,0,0
1774386504355,551,1 - Acessar Home,200,OK,Teste de Carga - 250 usuarios 1-115,text,true,,4757,120,250,250,https://www.blazedemo.com/,540,0,0
1774386504639,268,2 - Escolher Voo,200,OK,Teste de Carga - 250 usuarios 1-190,text,true,,7381,250,250,250,https://www.blazedemo.com/reserve.php,248,0,0
1774386503966,941,1 - Acessar Home,200,OK,Teste de Carga - 250 usuarios 1-129,text,true,,4757,120,250,250,https://www.blazedemo.com/,931,0,0
1774386501141,3775,1 - Acessar Home,200,OK,Teste de Carga - 250 usuarios 1-174,text,true,,4757,120,250,250,https://www.blazedemo.com/,3764,0,0
1774386501643,3279,2 - Escolher Voo,200,OK,Teste de Carga - 250 usuarios 1-160,text,true,,7381,250,250,250,https://www.blazedemo.com/reserve.php,3261,0,0
1774386504653,273,1 - Acessar Home,200,OK,Teste de Carga - 250 usuarios 1-61,text,true,,4757,120,250,250,https://www.blazedemo.com/,261,0,0
1774386504677,253,3 - Comprar Passagem,200,OK,Teste de Carga - 250 usuarios 1-56,text,true,,6719,420,250,250,https://www.blazedemo.com/purchase.php,242,0,0
1774386504639,298,1 - Acessar Home,200,OK,Teste de Carga - 250 usuarios 1-250,text,true,,4757,120,250,250,https://www.blazedemo.com/,286,0,0
1774386504621,320,3 - Comprar Passagem,200,OK,Teste de Carga - 250 usuarios 1-35,text,true,,6719,420,250,250,https://www.blazedemo.com/purchase.php,307,0,0
1774386504659,287,1 - Acessar Home,200,OK,Teste de Carga - 250 usuarios 1-39,text,true,,4757,120,250,250,https://www.blazedemo.com/,275,0,0
1774386504102,855,3 - Comprar Passagem,200,OK,Teste de Carga - 250 usuarios 1-161,text,true,,6719,420,250,250,https://www.blazedemo.com/purchase.php,842,0,0
1774386504167,793,2 - Escolher Voo,200,OK,Teste de Carga - 250 usuarios 1-224,text,true,,7381,250,250,250,https://www.blazedemo.com/reserve.php,779,0,0
1774386503674,1289,3 - Comprar Passagem,200,OK,Teste de Carga - 250 usuarios 1-124,text,true,,6719,420,250,250,https://www.blazedemo.com/purchase.php,1278,0,0
1774386504688,280,3 - Comprar Passagem,200,OK,Teste de Carga - 250 usuarios 1-30,text,true,,6719,420,250,250,https://www.blazedemo.com/purchase.php,263,0,0
1774386501023,3948,3 - Comprar Passagem,200,OK,Teste de Carga - 250 usuarios 1-42,text,true,,6719,420,250,250,https://www.blazedemo.com/purchase.php,3937,0,0
1774386501266,3708,2 - Escolher Voo,200,OK,Teste de Carga - 250 usuarios 1-36,text,true,,7381,250,250,250,https://www.blazedemo.com/reserve.php,3692,0,0
1774386504381,597,1 - Acessar Home,200,OK,Teste de Carga - 250 usuarios 1-108,text,true,,4757,120,250,250,https://www.blazedemo.com/,586,0,0
1774386503559,1426,3 - Comprar Passagem,200,OK,Teste de Carga - 250 usuarios 1-126,text,true,,6719,420,250,250,https://www.blazedemo.com/purchase.php,1415,0,0
1774386504580,408,3 - Comprar Passagem,200,OK,Teste de Carga - 250 usuarios 1-239,text,true,,6719,420,250,250,https://www.blazedemo.com/purchase.php,395,0,0
1774386504704,295,2 - Escolher Voo,200,OK,Teste de Carga - 250 usuarios 1-19,text,true,,7381,250,250,250,https://www.blazedemo.com/reserve.php,275,0,0
1774386504725,274,2 - Escolher Voo,200,OK,Teste de Carga - 250 usuarios 1-14,text,true,,7381,250,250,250,https://www.blazedemo.com/reserve.php,254,0,0
1774386504713,300,3 - Comprar Passagem,200,OK,Teste de Carga - 250 usuarios 1-27,text,true,,6719,420,250,250,https://www.blazedemo.com/purchase.php,285,0,0
1774386504097,923,2 - Escolher Voo,200,OK,Teste de Carga - 250 usuarios 1-242,text,true,,7381,250,250,250,https://www.blazedemo.com/reserve.php,903,0,0
1774386501684,3338,2 - Escolher Voo,200,OK,Teste de Carga - 250 usuarios 1-236,text,true,,7381,250,250,250,https://www.blazedemo.com/reserve.php,3317,0,0
1774386504688,348,2 - Escolher Voo,200,OK,Teste de Carga - 250 usuarios 1-223,text,true,,7381,250,250,250,https://www.blazedemo.com/reserve.php,328,0,0
1774386503822,1217,2 - Escolher Voo,200,OK,Teste de Carga - 250 usuarios 1-179,text,true,,7381,250,250,250,https://www.blazedemo.com/reserve.php,1196,0,0
1774386504159,881,3 - Comprar Passagem,200,OK,Teste de Carga - 250 usuarios 1-229,text,true,,6719,420,250,250,https://www.blazedemo.com/purchase.php,869,0,0
1774386504752,289,2 - Escolher Voo,200,OK,Teste de Carga - 250 usuarios 1-26,text,true,,7381,250,250,250,https://www.blazedemo.com/reserve.php,269,0,0
1774386503789,1269,2 - Escolher Voo,200,OK,Teste de Carga - 250 usuarios 1-192,text,true,,7381,250,250,250,https://www.blazedemo.com/reserve.php,1251,0,0
1774386504741,323,3 - Comprar Passagem,200,OK,Teste de Carga - 250 usuarios 1-135,text,true,,6719,420,250,250,https://www.blazedemo.com/purchase.php,310,0,0
1774386504397,671,3 - Comprar Passagem,200,OK,Teste de Carga - 250 usuarios 1-198,text,true,,6719,420,250,250,https://www.blazedemo.com/purchase.php,659,0,0
1774386503816,1254,3 - Comprar Passagem,200,OK,Teste de Carga - 250 usuarios 1-147,text,true,,6719,420,250,250,https://www.blazedemo.com/purchase.php,1243,0,0
1774386503174,1911,1 - Acessar Home,200,OK,Teste de Carga - 250 usuarios 1-214,text,true,,4757,120,250,250,https://www.blazedemo.com/,1899,0,0
1774386504771,326,3 - Comprar Passagem,200,OK,Teste de Carga - 250 usuarios 1-89,text,true,,6719,420,250,250,https://www.blazedemo.com/purchase.php,314,0,0
1774386504388,711,3 - Comprar Passagem,200,OK,Teste de Carga - 250 usuarios 1-125,text,true,,6719,420,250,250,https://www.blazedemo.com/purchase.php,701,0,0
1774386501372,3730,2 - Escolher Voo,200,OK,Teste de Carga - 250 usuarios 1-6,text,true,,7381,250,250,250,https://www.blazedemo.com/reserve.php,3710,0,0
1774386504817,285,3 - Comprar Passagem,200,OK,Teste de Carga - 250 usuarios 1-11,text,true,,6719,420,250,250,https://www.blazedemo.com/purchase.php,273,0,0
1774386504284,825,1 - Acessar Home,200,OK,Teste de Carga - 250 usuarios 1-144,text,true,,4757,120,250,250,https://www.blazedemo.com/,813,0,0
1774386504214,905,2 - Escolher Voo,200,OK,Teste de Carga - 250 usuarios 1-212,text,true,,7381,250,250,250,https://www.blazedemo.com/reserve.php,887,0,0
1774386504776,348,2 - Escolher Voo,200,OK,Teste de Carga - 250 usuarios 1-51,text,true,,7381,250,250,250,https://www.blazedemo.com/reserve.php,327,0,0
1774386504739,386,3 - Comprar Passagem,200,OK,Teste de Carga - 250 usuarios 1-141,text,true,,6719,420,250,250,https://www.blazedemo.com/purchase.php,374,0,0
1774386504828,301,2 - Escolher Voo,200,OK,Teste de Carga - 250 usuarios 1-52,text,true,,7381,250,250,250,https://www.blazedemo.com/reserve.php,279,0,0
1774386504210,921,2 - Escolher Voo,200,OK,Teste de Carga - 250 usuarios 1-13,text,true,,7381,250,250,250,https://www.blazedemo.com/reserve.php,893,0,0
1774386504786,345,3 - Comprar Passagem,200,OK,Teste de Carga - 250 usuarios 1-10,text,true,,6719,420,250,250,https://www.blazedemo.com/purchase.php,333,0,0
1774386504784,351,2 - Escolher Voo,200,OK,Teste de Carga - 250 usuarios 1-58,text,true,,7381,250,250,250,https://www.blazedemo.com/reserve.php,331,0,0
1774386504863,272,3 - Comprar Passagem,200,OK,Teste de Carga - 250 usuarios 1-18,text,true,,6719,420,250,250,https://www.blazedemo.com/purchase.php,259,0,0
1774386504074,1063,1 - Acessar Home,200,OK,Teste de Carga - 250 usuarios 1-59,text,true,,4757,120,250,250,https://www.blazedemo.com/,1051,0,0
1774386501513,3630,1 - Acessar Home,200,OK,Teste de Carga - 250 usuarios 1-149,text,true,,4757,120,250,250,https://www.blazedemo.com/,3618,0,0
1774386503695,1448,3 - Comprar Passagem,200,OK,Teste de Carga - 250 usuarios 1-185,text,true,,6719,420,250,250,https://www.blazedemo.com/purchase.php,1436,0,0
1774386501201,3945,1 - Acessar Home,200,OK,Teste de Carga - 250 usuarios 1-45,text,true,,4757,120,250,250,https://www.blazedemo.com/,3934,0,0
1774386504818,329,2 - Escolher Voo,200,OK,Teste de Carga - 250 usuarios 1-120,text,true,,7381,250,250,250,https://www.blazedemo.com/reserve.php,311,0,0
1774386504888,264,3 - Comprar Passagem,200,OK,Teste de Carga - 250 usuarios 1-178,text,true,,6719,420,250,250,https://www.blazedemo.com/purchase.php,252,0,0
1774386501692,3462,3 - Comprar Passagem,200,OK,Teste de Carga - 250 usuarios 1-137,text,true,,6719,420,250,250,https://www.blazedemo.com/purchase.php,3444,0,0
1774386503821,1335,2 - Escolher Voo,200,OK,Teste de Carga - 250 usuarios 1-60,text,true,,7381,250,250,250,https://www.blazedemo.com/reserve.php,1314,0,0
1774386504531,638,1 - Acessar Home,200,OK,Teste de Carga - 250 usuarios 1-23,text,true,,4757,120,250,250,https://www.blazedemo.com/,625,0,0
1774386504476,693,2 - Escolher Voo,200,OK,Teste de Carga - 250 usuarios 1-81,text,true,,7381,250,250,250,https://www.blazedemo.com/reserve.php,673,0,0
1774386504908,271,2 - Escolher Voo,200,OK,Teste de Carga - 250 usuarios 1-129,text,true,,7381,250,250,250,https://www.blazedemo.com/reserve.php,251,0,0
1774386504880,305,1 - Acessar Home,200,OK,Teste de Carga - 250 usuarios 1-95,text,true,,4757,120,250,250,https://www.blazedemo.com/,294,0,0
1774386503775,1423,1 - Acessar Home,200,OK,Teste de Carga - 250 usuarios 1-83,text,true,,4757,120,250,250,https://www.blazedemo.com/,1411,0,0
1774386504866,338,3 - Comprar Passagem,200,OK,Teste de Carga - 250 usuarios 1-222,text,true,,6719,420,250,250,https://www.blazedemo.com/purchase.php,325,0,0
1774386504922,283,3 - Comprar Passagem,200,OK,Teste de Carga - 250 usuarios 1-160,text,true,,6719,420,250,250,https://www.blazedemo.com/purchase.php,272,0,0
1774386504937,271,2 - Escolher Voo,200,OK,Teste de Carga - 250 usuarios 1-250,text,true,,7381,250,250,250,https://www.blazedemo.com/reserve.php,248,0,0
1774386504314,896,3 - Comprar Passagem,200,OK,Teste de Carga - 250 usuarios 1-146,text,true,,6719,420,250,250,https://www.blazedemo.com/purchase.php,884,0,0
1774386504430,780,1 - Acessar Home,200,OK,Teste de Carga - 250 usuarios 1-71,text,true,,4757,120,250,250,https://www.blazedemo.com/,768,0,0
1774386504861,351,3 - Comprar Passagem,200,OK,Teste de Carga - 250 usuarios 1-62,text,true,,6719,420,250,250,https://www.blazedemo.com/purchase.php,341,0,0
1774386504957,262,1 - Acessar Home,200,OK,Teste de Carga - 250 usuarios 1-161,text,true,,4757,120,250,250,https://www.blazedemo.com/,251,0,0
1774386503331,1891,1 - Acessar Home,200,OK,Teste de Carga - 250 usuarios 1-97,text,true,,4757,120,250,250,https://www.blazedemo.com/,1881,0,0
1774386504301,921,3 - Comprar Passagem,200,OK,Teste de Carga - 250 usuarios 1-101,text,true,,6719,420,250,250,https://www.blazedemo.com/purchase.php,909,0,0
1774386504869,360,3 - Comprar Passagem,200,OK,Teste de Carga - 250 usuarios 1-55,text,true,,6719,420,250,250,https://www.blazedemo.com/purchase.php,348,0,0
1774386503826,1406,2 - Escolher Voo,200,OK,Teste de Carga - 250 usuarios 1-128,text,true,,7381,250,250,250,https://www.blazedemo.com/reserve.php,1386,0,0
1774386504891,342,3 - Comprar Passagem,200,OK,Teste de Carga - 250 usuarios 1-233,text,true,,6719,420,250,250,https://www.blazedemo.com/purchase.php,331,0,0
1774386501806,3430,1 - Acessar Home,200,OK,Teste de Carga - 250 usuarios 1-165,text,true,,4757,120,250,250,https://www.blazedemo.com/,3418,0,0
1774386503994,1243,2 - Escolher Voo,200,OK,Teste de Carga - 250 usuarios 1-65,text,true,,7381,250,250,250,https://www.blazedemo.com/reserve.php,1223,0,0
1774386504986,252,1 - Acessar Home,200,OK,Teste de Carga - 250 usuarios 1-126,text,true,,4757,120,250,250,https://www.blazedemo.com/,240,0,0
1774386504493,751,2 - Escolher Voo,200,OK,Teste de Carga - 250 usuarios 1-209,text,true,,7381,250,250,250,https://www.blazedemo.com/reserve.php,731,0,0
1774386504305,944,1 - Acessar Home,200,OK,Teste de Carga - 250 usuarios 1-143,text,true,,4757,120,250,250,https://www.blazedemo.com/,931,0,0
1774386504613,641,3 - Comprar Passagem,200,OK,Teste de Carga - 250 usuarios 1-139,text,true,,6719,420,250,250,https://www.blazedemo.com/purchase.php,630,0,0
1774386504930,338,1 - Acessar Home,200,OK,Teste de Carga - 250 usuarios 1-56,text,true,,4757,120,250,250,https://www.blazedemo.com/,326,0,0
1774386505000,285,3 - Comprar Passagem,200,OK,Teste de Carga - 250 usuarios 1-14,text,true,,6719,420,250,250,https://www.blazedemo.com/purchase.php,268,0,0
1774386504807,480,1 - Acessar Home,200,OK,Teste de Carga - 250 usuarios 1-106,text,true,,4757,120,250,250,https://www.blazedemo.com/,468,0,0
1774386504504,785,3 - Comprar Passagem,200,OK,Teste de Carga - 250 usuarios 1-181,text,true,,6719,420,250,250,https://www.blazedemo.com/purchase.php,773,0,0
1774386503844,1448,3 - Comprar Passagem,200,OK,Teste de Carga - 250 usuarios 1-96,text,true,,6719,420,250,250,https://www.blazedemo.com/purchase.php,1437,0,0
1774386504497,803,2 - Escolher Voo,200,OK,Teste de Carga - 250 usuarios 1-162,text,true,,7381,250,250,250,https://www.blazedemo.com/reserve.php,784,0,0
1774386504736,572,1 - Acessar Home,200,OK,Teste de Carga - 250 usuarios 1-170,text,true,,4757,120,250,250,https://www.blazedemo.com/,560,0,0
1774386501254,4055,1 - Acessar Home,200,OK,Teste de Carga - 250 usuarios 1-188,text,true,,4757,120,250,250,https://www.blazedemo.com/,4043,0,0
1774386501919,3393,3 - Comprar Passagem,200,OK,Teste de Carga - 250 usuarios 1-234,text,true,,6719,420,250,250,https://www.blazedemo.com/purchase.php,3381,0,0
1774386501709,3611,3 - Comprar Passagem,200,OK,Teste de Carga - 250 usuarios 1-193,text,true,,6719,420,250,250,https://www.blazedemo.com/purchase.php,3600,0,0
1774386504429,892,3 - Comprar Passagem,200,OK,Teste de Carga - 250 usuarios 1-215,text,true,,6719,420,250,250,https://www.blazedemo.com/purchase.php,880,0,0
1774386505020,304,3 - Comprar Passagem,200,OK,Teste de Carga - 250 usuarios 1-242,text,true,,6719,420,250,250,https://www.blazedemo.com/purchase.php,290,0,0
1774386505068,259,1 - Acessar Home,200,OK,Teste de Carga - 250 usuarios 1-198,text,true,,4757,120,250,250,https://www.blazedemo.com/,247,0,0
1774386504114,1214,3 - Comprar Passagem,200,OK,Teste de Carga - 250 usuarios 1-46,text,true,,6719,420,250,250,https://www.blazedemo.com/purchase.php,1202,0,0
1774386505037,292,3 - Comprar Passagem,200,OK,Teste de Carga - 250 usuarios 1-223,text,true,,6719,420,250,250,https://www.blazedemo.com/purchase.php,280,0,0
1774386504694,641,2 - Escolher Voo,200,OK,Teste de Carga - 250 usuarios 1-231,text,true,,7381,250,250,250,https://www.blazedemo.com/reserve.php,620,0,0
1774386504698,642,2 - Escolher Voo,200,OK,Teste de Carga - 250 usuarios 1-216,text,true,,7381,250,250,250,https://www.blazedemo.com/reserve.php,620,0,0
1774386503878,1462,3 - Comprar Passagem,200,OK,Teste de Carga - 250 usuarios 1-15,text,true,,6719,420,250,250,https://www.blazedemo.com/purchase.php,1449,0,0
1774386504116,1226,2 - Escolher Voo,200,OK,Teste de Carga - 250 usuarios 1-34,text,true,,7381,250,250,250,https://www.blazedemo.com/reserve.php,1207,0,0
1774386504685,659,1 - Acessar Home,200,OK,Teste de Carga - 250 usuarios 1-50,text,true,,4757,120,250,250,https://www.blazedemo.com/,648,0,0
1774386505058,290,3 - Comprar Passagem,200,OK,Teste de Carga - 250 usuarios 1-192,text,true,,6719,420,250,250,https://www.blazedemo.com/purchase.php,277,0,0
1774386504448,901,2 - Escolher Voo,200,OK,Teste de Carga - 250 usuarios 1-187,text,true,,7381,250,250,250,https://www.blazedemo.com/reserve.php,885,0,0
1774386501970,3379,1 - Acessar Home,200,OK,Teste de Carga - 250 usuarios 1-228,text,true,,4757,120,250,250,https://www.blazedemo.com/,3366,0,0
1774386503638,1714,1 - Acessar Home,200,OK,Teste de Carga - 250 usuarios 1-22,text,true,,4757,120,250,250,https://www.blazedemo.com/,1702,0,0
1774386503894,1459,2 - Escolher Voo,200,OK,Teste de Carga - 250 usuarios 1-20,text,true,,7381,250,250,250,https://www.blazedemo.com/reserve.php,1439,0,0
1774386505119,239,3 - Comprar Passagem,200,OK,Teste de Carga - 250 usuarios 1-212,text,true,,6719,420,250,250,https://www.blazedemo.com/purchase.php,227,0,0
1774386504946,429,2 - Escolher Voo,200,OK,Teste de Carga - 250 usuarios 1-39,text,true,,7381,250,250,250,https://www.blazedemo.com/reserve.php,407,0,0
1774386505109,274,2 - Escolher Voo,200,OK,Teste de Carga - 250 usuarios 1-144,text,true,,7381,250,250,250,https://www.blazedemo.com/reserve.php,253,0,0
1774386501313,4080,2 - Escolher Voo,200,OK,Teste de Carga - 250 usuarios 1-67,text,true,,7381,250,250,250,https://www.blazedemo.com/reserve.php,4060,0,0
1774386504521,872,3 - Comprar Passagem,200,OK,Teste de Carga - 250 usuarios 1-73,text,true,,6719,420,250,250,https://www.blazedemo.com/purchase.php,861,0,0
1774386505040,356,1 - Acessar Home,200,OK,Teste de Carga - 250 usuarios 1-229,text,true,,4757,120,250,250,https://www.blazedemo.com/,349,0,0
1774386504571,826,2 - Escolher Voo,200,OK,Teste de Carga - 250 usuarios 1-177,text,true,,7381,250,250,250,https://www.blazedemo.com/reserve.php,805,0,0
1774386504042,1374,3 - Comprar Passagem,200,OK,Teste de Carga - 250 usuarios 1-92,text,true,,6719,420,250,250,https://www.blazedemo.com/purchase.php,1362,0,0
1774386505156,264,3 - Comprar Passagem,200,OK,Teste de Carga - 250 usuarios 1-60,text,true,,6719,420,250,250,https://www.blazedemo.com/purchase.php,252,0,0
1774386504858,570,3 - Comprar Passagem,200,OK,Teste de Carga - 250 usuarios 1-25,text,true,,6719,420,250,250,https://www.blazedemo.com/purchase.php,558,0,0
1774386505126,304,1 - Acessar Home,200,OK,Teste de Carga - 250 usuarios 1-141,text,true,,4757,120,250,250,https://www.blazedemo.com/,292,0,0
1774386505169,261,2 - Escolher Voo,200,OK,Teste de Carga - 250 usuarios 1-23,text,true,,7381,250,250,250,https://www.blazedemo.com/reserve.php,244,0,0
1774386505154,281,1 - Acessar Home,200,OK,Teste de Carga - 250 usuarios 1-137,text,true,,4757,120,250,250,https://www.blazedemo.com/,269,0,0
1774386505085,350,2 - Escolher Voo,200,OK,Teste de Carga - 250 usuarios 1-214,text,true,,7381,250,250,250,https://www.blazedemo.com/reserve.php,334,0,0
1774386502059,3377,3 - Comprar Passagem,200,OK,Teste de Carga - 250 usuarios 1-217,text,true,,6719,420,250,250,https://www.blazedemo.com/purchase.php,3360,0,0
1774386504839,606,2 - Escolher Voo,200,OK,Teste de Carga - 250 usuarios 1-189,text,true,,7381,250,250,250,https://www.blazedemo.com/reserve.php,586,0,0
1774386504730,723,3 - Comprar Passagem,200,OK,Teste de Carga - 250 usuarios 1-90,text,true,,6719,420,250,250,https://www.blazedemo.com/purchase.php,703,0,0
1774386505204,251,1 - Acessar Home,200,OK,Teste de Carga - 250 usuarios 1-222,text,true,,4757,120,250,250,https://www.blazedemo.com/,239,0,0
1774386504648,809,2 - Escolher Voo,200,OK,Teste de Carga - 250 usuarios 1-201,text,true,,7381,250,250,250,https://www.blazedemo.com/reserve.php,788,0,0
1774386504152,1307,3 - Comprar Passagem,200,OK,Teste de Carga - 250 usuarios 1-183,text,true,,6719,420,250,250,https://www.blazedemo.com/purchase.php,1295,0,0
1774386502093,3366,3 - Comprar Passagem,200,OK,Teste de Carga - 250 usuarios 1-245,text,true,,6719,420,250,250,https://www.blazedemo.com/purchase.php,3353,0,0
1774386505185,276,2 - Escolher Voo,200,OK,Teste de Carga - 250 usuarios 1-95,text,true,,7381,250,250,250,https://www.blazedemo.com/reserve.php,255,0,0
1774386505180,282,3 - Comprar Passagem,200,OK,Teste de Carga - 250 usuarios 1-129,text,true,,6719,420,250,250,https://www.blazedemo.com/purchase.php,270,0,0
1774386503806,1662,3 - Comprar Passagem,200,OK,Teste de Carga - 250 usuarios 1-154,text,true,,6719,420,250,250,https://www.blazedemo.com/purchase.php,1646,0,0
1774386503936,1532,2 - Escolher Voo,200,OK,Teste de Carga - 250 usuarios 1-171,text,true,,7381,250,250,250,https://www.blazedemo.com/reserve.php,1512,0,0
1774386504963,507,1 - Acessar Home,200,OK,Teste de Carga - 250 usuarios 1-124,text,true,,4757,120,250,250,https://www.blazedemo.com/,496,0,0
1774386505103,368,1 - Acessar Home,200,OK,Teste de Carga - 250 usuarios 1-11,text,true,,4757,120,250,250,https://www.blazedemo.com/,358,0,0
1774386501792,3687,2 - Escolher Voo,200,OK,Teste de Carga - 250 usuarios 1-164,text,true,,7381,250,250,250,https://www.blazedemo.com/reserve.php,3667,0,0
1774386505212,271,1 - Acessar Home,200,OK,Teste de Carga - 250 usuarios 1-62,text,true,,4757,120,250,250,https://www.blazedemo.com/,258,0,0
1774386505198,287,2 - Escolher Voo,200,OK,Teste de Carga - 250 usuarios 1-83,text,true,,7381,250,250,250,https://www.blazedemo.com/reserve.php,271,0,0
1774386504258,1230,3 - Comprar Passagem,200,OK,Teste de Carga - 250 usuarios 1-76,text,true,,6719,420,250,250,https://www.blazedemo.com/purchase.php,1218,0,0
1774386504835,667,2 - Escolher Voo,200,OK,Teste de Carga - 250 usuarios 1-84,text,true,,7381,250,250,250,https://www.blazedemo.com/reserve.php,658,0,0
1774386505208,296,3 - Comprar Passagem,200,OK,Teste de Carga - 250 usuarios 1-250,text,true,,6719,420,250,250,https://www.blazedemo.com/purchase.php,284,0,0
1774386503968,1540,1 - Acessar Home,200,OK,Teste de Carga - 250 usuarios 1-151,text,true,,4757,120,250,250,https://www.blazedemo.com/,1528,0,0
1774386505237,276,3 - Comprar Passagem,200,OK,Teste de Carga - 250 usuarios 1-65,text,true,,6719,420,250,250,https://www.blazedemo.com/purchase.php,262,0,0
1774386504885,639,2 - Escolher Voo,200,OK,Teste de Carga - 250 usuarios 1-203,text,true,,7381,250,250,250,https://www.blazedemo.com/reserve.php,619,0,0
1774386504304,1220,1 - Acessar Home,200,OK,Teste de Carga - 250 usuarios 1-221,text,true,,4757,120,250,250,https://www.blazedemo.com/,1209,0,0
1774386505132,392,1 - Acessar Home,200,OK,Teste de Carga - 250 usuarios 1-10,text,true,,4757,120,250,250,https://www.blazedemo.com/,381,0,0
1774386505097,430,1 - Acessar Home,200,OK,Teste de Carga - 250 usuarios 1-89,text,true,,4757,120,250,250,https://www.blazedemo.com/,418,0,0
1774386502344,3193,1 - Acessar Home,200,OK,Teste de Carga - 250 usuarios 1-232,text,true,,4757,120,250,250,https://www.blazedemo.com/,3181,0,0
1774386501831,3709,2 - Escolher Voo,200,OK,Teste de Carga - 250 usuarios 1-82,text,true,,7381,250,250,250,https://www.blazedemo.com/reserve.php,3689,0,0
1774386501488,4054,1 - Acessar Home,200,OK,Teste de Carga - 250 usuarios 1-48,text,true,,4757,120,250,250,https://www.blazedemo.com/,4042,0,0
1774386502095,3447,2 - Escolher Voo,200,OK,Teste de Carga - 250 usuarios 1-4,text,true,,7381,250,250,250,https://www.blazedemo.com/reserve.php,3427,0,0
1774386505234,316,1 - Acessar Home,200,OK,Teste de Carga - 250 usuarios 1-233,text,true,,4757,120,250,250,https://www.blazedemo.com/,303,0,0
1774386504756,794,1 - Acessar Home,200,OK,Teste de Carga - 250 usuarios 1-119,text,true,,4757,120,250,250,https://www.blazedemo.com/,782,0,0
1774386505222,331,2 - Escolher Voo,200,OK,Teste de Carga - 250 usuarios 1-97,text,true,,7381,250,250,250,https://www.blazedemo.com/reserve.php,310,0,0
1774386505287,272,2 - Escolher Voo,200,OK,Teste de Carga - 250 usuarios 1-106,text,true,,7381,250,250,250,https://www.blazedemo.com/reserve.php,256,0,0
1774386504060,1504,3 - Comprar Passagem,200,OK,Teste de Carga - 250 usuarios 1-114,text,true,,6719,420,250,250,https://www.blazedemo.com/purchase.php,1492,0,0
1774386504310,1257,2 - Escolher Voo,200,OK,Teste de Carga - 250 usuarios 1-207,text,true,,7381,250,250,250,https://www.blazedemo.com/reserve.php,1235,0,0
1774386504975,605,3 - Comprar Passagem,200,OK,Teste de Carga - 250 usuarios 1-36,text,true,,6719,420,250,250,https://www.blazedemo.com/purchase.php,592,0,0
1774386505312,271,1 - Acessar Home,200,OK,Teste de Carga - 250 usuarios 1-234,text,true,,4757,120,250,250,https://www.blazedemo.com/,260,0,0
1774386503866,1720,1 - Acessar Home,200,OK,Teste de Carga - 250 usuarios 1-29,text,true,,4757,120,250,250,https://www.blazedemo.com/,1708,0,0
1774386504978,614,2 - Escolher Voo,200,OK,Teste de Carga - 250 usuarios 1-108,text,true,,7381,250,250,250,https://www.blazedemo.com/reserve.php,594,0,0
1774386502109,3485,1 - Acessar Home,200,OK,Teste de Carga - 250 usuarios 1-140,text,true,,4757,120,250,250,https://www.blazedemo.com/,3472,0,0
1774386504319,1275,2 - Escolher Voo,200,OK,Teste de Carga - 250 usuarios 1-150,text,true,,7381,250,250,250,https://www.blazedemo.com/reserve.php,1258,0,0
1774386505129,466,3 - Comprar Passagem,200,OK,Teste de Carga - 250 usuarios 1-52,text,true,,6719,420,250,250,https://www.blazedemo.com/purchase.php,455,0,0
1774386505349,246,3 - Comprar Passagem,200,OK,Teste de Carga - 250 usuarios 1-187,text,true,,6719,420,250,250,https://www.blazedemo.com/purchase.php,235,0,0
1774386505320,278,1 - Acessar Home,200,OK,Teste de Carga - 250 usuarios 1-193,text,true,,4757,120,250,250,https://www.blazedemo.com/,266,0,0
1774386504960,639,3 - Comprar Passagem,200,OK,Teste de Carga - 250 usuarios 1-224,text,true,,6719,420,250,250,https://www.blazedemo.com/purchase.php,627,0,0
1774386505143,459,2 - Escolher Voo,200,OK,Teste de Carga - 250 usuarios 1-149,text,true,,7381,250,250,250,https://www.blazedemo.com/reserve.php,439,0,0
1774386505285,331,1 - Acessar Home,200,OK,Teste de Carga - 250 usuarios 1-14,text,true,,4757,120,250,250,https://www.blazedemo.com/,315,0,0
1774386504417,1200,1 - Acessar Home,200,OK,Teste de Carga - 250 usuarios 1-173,text,true,,4757,120,250,250,https://www.blazedemo.com/,1188,0,0
1774386505329,291,1 - Acessar Home,200,OK,Teste de Carga - 250 usuarios 1-46,text,true,,4757,120,250,250,https://www.blazedemo.com/,279,0,0
1774386504446,1175,3 - Comprar Passagem,200,OK,Teste de Carga - 250 usuarios 1-218,text,true,,6719,420,250,250,https://www.blazedemo.com/purchase.php,1162,0,0
1774386504255,1372,1 - Acessar Home,200,OK,Teste de Carga - 250 usuarios 1-145,text,true,,4757,120,250,250,https://www.blazedemo.com/,1361,0,0
1774386505268,361,2 - Escolher Voo,200,OK,Teste de Carga - 250 usuarios 1-56,text,true,,7381,250,250,250,https://www.blazedemo.com/reserve.php,340,0,0
1774386501539,4100,2 - Escolher Voo,200,OK,Teste de Carga - 250 usuarios 1-1,text,true,,7381,250,250,250,https://www.blazedemo.com/reserve.php,4080,0,0
1774386505292,350,1 - Acessar Home,200,OK,Teste de Carga - 250 usuarios 1-96,text,true,,4757,120,250,250,https://www.blazedemo.com/,339,0,0
1774386505300,343,3 - Comprar Passagem,200,OK,Teste de Carga - 250 usuarios 1-162,text,true,,6719,420,250,250,https://www.blazedemo.com/purchase.php,331,0,0
1774386505358,285,1 - Acessar Home,200,OK,Teste de Carga - 250 usuarios 1-212,text,true,,4757,120,250,250,https://www.blazedemo.com/,273,0,0
1774386502351,3292,2 - Escolher Voo,200,OK,Teste de Carga - 250 usuarios 1-31,text,true,,7381,250,250,250,https://www.blazedemo.com/reserve.php,3272,0,0
1774386504341,1323,3 - Comprar Passagem,200,OK,Teste de Carga - 250 usuarios 1-32,text,true,,6719,420,250,250,https://www.blazedemo.com/purchase.php,1310,0,0
1774386502180,3492,1 - Acessar Home,200,OK,Teste de Carga - 250 usuarios 1-182,text,true,,4757,120,250,250,https://www.blazedemo.com/,3480,0,0
1774386505349,324,2 - Escolher Voo,200,OK,Teste de Carga - 250 usuarios 1-228,text,true,,7381,250,250,250,https://www.blazedemo.com/reserve.php,304,0,0
1774386504344,1331,3 - Comprar Passagem,200,OK,Teste de Carga - 250 usuarios 1-79,text,true,,6719,420,250,250,https://www.blazedemo.com/purchase.php,1319,0,0
1774386504637,1040,1 - Acessar Home,200,OK,Teste de Carga - 250 usuarios 1-237,text,true,,4757,120,250,250,https://www.blazedemo.com/,1028,0,0
1774386504988,689,1 - Acessar Home,200,OK,Teste de Carga - 250 usuarios 1-239,text,true,,4757,120,250,250,https://www.blazedemo.com/,677,0,0
1774386505335,344,3 - Comprar Passagem,200,OK,Teste de Carga - 250 usuarios 1-231,text,true,,6719,420,250,250,https://www.blazedemo.com/purchase.php,328,0,0
1774386504444,1237,2 - Escolher Voo,200,OK,Teste de Carga - 250 usuarios 1-103,text,true,,7381,250,250,250,https://www.blazedemo.com/reserve.php,1218,0,0
1774386505099,590,1 - Acessar Home,200,OK,Teste de Carga - 250 usuarios 1-125,text,true,,4757,120,250,250,https://www.blazedemo.com/,578,0,0
1774386504375,1315,2 - Escolher Voo,200,OK,Teste de Carga - 250 usuarios 1-130,text,true,,7381,250,250,250,https://www.blazedemo.com/reserve.php,1294,0,0
1774386505453,245,1 - Acessar Home,200,OK,Teste de Carga - 250 usuarios 1-90,text,true,,4757,120,250,250,https://www.blazedemo.com/,232,0,0
1774386505459,243,1 - Acessar Home,200,OK,Teste de Carga - 250 usuarios 1-183,text,true,,4757,120,250,250,https://www.blazedemo.com/,230,0,0
1774386505340,362,3 - Comprar Passagem,200,OK,Teste de Carga - 250 usuarios 1-216,text,true,,6719,420,250,250,https://www.blazedemo.com/purchase.php,350,0,0
1774386505210,492,1 - Acessar Home,200,OK,Teste de Carga - 250 usuarios 1-146,text,true,,4757,120,250,250,https://www.blazedemo.com/,480,0,0
1774386505143,565,1 - Acessar Home,200,OK,Teste de Carga - 250 usuarios 1-185,text,true,,4757,120,250,250,https://www.blazedemo.com/,553,0,0
1774386505353,362,3 - Comprar Passagem,200,OK,Teste de Carga - 250 usuarios 1-20,text,true,,6719,420,250,250,https://www.blazedemo.com/purchase.php,350,0,0
1774386505136,586,1 - Acessar Home,200,OK,Teste de Carga - 250 usuarios 1-18,text,true,,4757,120,250,250,https://www.blazedemo.com/,574,0,0
1774386504536,1188,1 - Acessar Home,200,OK,Teste de Carga - 250 usuarios 1-98,text,true,,4757,120,250,250,https://www.blazedemo.com/,1176,0,0
1774386505352,374,2 - Escolher Voo,200,OK,Teste de Carga - 250 usuarios 1-22,text,true,,7381,250,250,250,https://www.blazedemo.com/reserve.php,354,0,0
1774386505431,320,3 - Comprar Passagem,200,OK,Teste de Carga - 250 usuarios 1-23,text,true,,6719,420,250,250,https://www.blazedemo.com/purchase.php,304,0,0
1774386505504,250,1 - Acessar Home,200,OK,Teste de Carga - 250 usuarios 1-250,text,true,,4757,120,250,250,https://www.blazedemo.com/,241,0,0
1774386504486,1271,1 - Acessar Home,200,OK,Teste de Carga - 250 usuarios 1-16,text,true,,4757,120,250,250,https://www.blazedemo.com/,1257,0,0
1774386504006,1753,1 - Acessar Home,200,OK,Teste de Carga - 250 usuarios 1-210,text,true,,4757,120,250,250,https://www.blazedemo.com/,1742,0,0
1774386502474,3286,2 - Escolher Voo,200,OK,Teste de Carga - 250 usuarios 1-156,text,true,,7381,250,250,250,https://www.blazedemo.com/reserve.php,3265,0,0
1774386502445,3316,2 - Escolher Voo,200,OK,Teste de Carga - 250 usuarios 1-191,text,true,,7381,250,250,250,https://www.blazedemo.com/reserve.php,3294,0,0
1774386505383,381,3 - Comprar Passagem,200,OK,Teste de Carga - 250 usuarios 1-144,text,true,,6719,420,250,250,https://www.blazedemo.com/purchase.php,367,0,0
1774386505344,421,2 - Escolher Voo,200,OK,Teste de Carga - 250 usuarios 1-50,text,true,,7381,250,250,250,https://www.blazedemo.com/reserve.php,406,0,0
1774386504368,1398,2 - Escolher Voo,200,OK,Teste de Carga - 250 usuarios 1-226,text,true,,7381,250,250,250,https://www.blazedemo.com/reserve.php,1379,0,0
1774386505071,697,1 - Acessar Home,200,OK,Teste de Carga - 250 usuarios 1-147,text,true,,4757,120,250,250,https://www.blazedemo.com/,684,0,0
1774386505502,267,3 - Comprar Passagem,200,OK,Teste de Carga - 250 usuarios 1-84,text,true,,6719,420,250,250,https://www.blazedemo.com/purchase.php,255,0,0
1774386505375,395,3 - Comprar Passagem,200,OK,Teste de Carga - 250 usuarios 1-39,text,true,,6719,420,250,250,https://www.blazedemo.com/purchase.php,384,0,0
1774386504850,926,1 - Acessar Home,200,OK,Teste de Carga - 250 usuarios 1-155,text,true,,4757,120,250,250,https://www.blazedemo.com/,914,0,0
1774386505524,256,2 - Escolher Voo,200,OK,Teste de Carga - 250 usuarios 1-10,text,true,,7381,250,250,250,https://www.blazedemo.com/reserve.php,234,0,0
1774386505479,301,3 - Comprar Passagem,200,OK,Teste de Carga - 250 usuarios 1-164,text,true,,6719,420,250,250,https://www.blazedemo.com/purchase.php,289,0,0
1774386505524,256,2 - Escolher Voo,200,OK,Teste de Carga - 250 usuarios 1-221,text,true,,7381,250,250,250,https://www.blazedemo.com/reserve.php,236,0,0
1774386505542,242,2 - Escolher Voo,200,OK,Teste de Carga - 250 usuarios 1-48,text,true,,7381,250,250,250,https://www.blazedemo.com/reserve.php,216,0,0
1774386505147,645,3 - Comprar Passagem,200,OK,Teste de Carga - 250 usuarios 1-120,text,true,,6719,420,250,250,https://www.blazedemo.com/purchase.php,633,0,0
1774386505397,396,3 - Comprar Passagem,200,OK,Teste de Carga - 250 usuarios 1-177,text,true,,6719,420,250,250,https://www.blazedemo.com/purchase.php,384,0,0
1774386504033,1764,3 - Comprar Passagem,200,OK,Teste de Carga - 250 usuarios 1-41,text,true,,6719,420,250,250,https://www.blazedemo.com/purchase.php,1752,0,0
1774386505550,251,2 - Escolher Voo,200,OK,Teste de Carga - 250 usuarios 1-233,text,true,,7381,250,250,250,https://www.blazedemo.com/reserve.php,230,0,0
1774386505537,267,2 - Escolher Voo,200,OK,Teste de Carga - 250 usuarios 1-232,text,true,,7381,250,250,250,https://www.blazedemo.com/reserve.php,246,0,0
1774386504490,1315,3 - Comprar Passagem,200,OK,Teste de Carga - 250 usuarios 1-47,text,true,,6719,420,250,250,https://www.blazedemo.com/purchase.php,1302,0,0
1774386505461,344,3 - Comprar Passagem,200,OK,Teste de Carga - 250 usuarios 1-95,text,true,,6719,420,250,250,https://www.blazedemo.com/purchase.php,327,0,0
1774386504798,1009,1 - Acessar Home,200,OK,Teste de Carga - 250 usuarios 1-199,text,true,,4757,120,250,250,https://www.blazedemo.com/,996,0,0
1774386505416,399,1 - Acessar Home,200,OK,Teste de Carga - 250 usuarios 1-92,text,true,,4757,120,250,250,https://www.blazedemo.com/,388,0,0
1774386502264,3552,3 - Comprar Passagem,200,OK,Teste de Carga - 250 usuarios 1-69,text,true,,6719,420,250,250,https://www.blazedemo.com/purchase.php,3541,0,0
1774386504621,1195,2 - Escolher Voo,200,OK,Teste de Carga - 250 usuarios 1-167,text,true,,7381,250,250,250,https://www.blazedemo.com/reserve.php,1175,0,0
1774386501680,4138,3 - Comprar Passagem,200,OK,Teste de Carga - 250 usuarios 1-213,text,true,,6719,420,250,250,https://www.blazedemo.com/purchase.php,4121,0,0
1774386505435,386,3 - Comprar Passagem,200,OK,Teste de Carga - 250 usuarios 1-214,text,true,,6719,420,250,250,https://www.blazedemo.com/purchase.php,374,0,0
1774386505564,267,1 - Acessar Home,200,OK,Teste de Carga - 250 usuarios 1-114,text,true,,4757,120,250,250,https://www.blazedemo.com/,254,0,0
1774386504054,1778,3 - Comprar Passagem,200,OK,Teste de Carga - 250 usuarios 1-131,text,true,,6719,420,250,250,https://www.blazedemo.com/purchase.php,1767,0,0
1774386505205,629,1 - Acessar Home,200,OK,Teste de Carga - 250 usuarios 1-160,text,true,,4757,120,250,250,https://www.blazedemo.com/,619,0,0
1774386505583,254,2 - Escolher Voo,200,OK,Teste de Carga - 250 usuarios 1-234,text,true,,7381,250,250,250,https://www.blazedemo.com/reserve.php,238,0,0
1774386502378,3464,3 - Comprar Passagem,200,OK,Teste de Carga - 250 usuarios 1-194,text,true,,6719,420,250,250,https://www.blazedemo.com/purchase.php,3451,0,0
1774386505594,248,3 - Comprar Passagem,200,OK,Teste de Carga - 250 usuarios 1-150,text,true,,6719,420,250,250,https://www.blazedemo.com/purchase.php,235,0,0
1774386504916,926,2 - Escolher Voo,200,OK,Teste de Carga - 250 usuarios 1-174,text,true,,7381,250,250,250,https://www.blazedemo.com/reserve.php,906,0,0
1774386505524,326,3 - Comprar Passagem,200,OK,Teste de Carga - 250 usuarios 1-203,text,true,,6719,420,250,250,https://www.blazedemo.com/purchase.php,314,0,0
1774386505232,626,3 - Comprar Passagem,200,OK,Teste de Carga - 250 usuarios 1-128,text,true,,6719,420,250,250,https://www.blazedemo.com/purchase.php,615,0,0
1774386505488,377,1 - Acessar Home,200,OK,Teste de Carga - 250 usuarios 1-76,text,true,,4757,120,250,250,https://www.blazedemo.com/,365,0,0
1774386505621,248,1 - Acessar Home,200,OK,Teste de Carga - 250 usuarios 1-218,text,true,,4757,120,250,250,https://www.blazedemo.com/,236,0,0
1774386505146,727,2 - Escolher Voo,200,OK,Teste de Carga - 250 usuarios 1-45,text,true,,7381,250,250,250,https://www.blazedemo.com/reserve.php,705,0,0
1774386505617,261,2 - Escolher Voo,200,OK,Teste de Carga - 250 usuarios 1-14,text,true,,7381,250,250,250,https://www.blazedemo.com/reserve.php,240,0,0
1774386505559,330,3 - Comprar Passagem,200,OK,Teste de Carga - 250 usuarios 1-106,text,true,,6719,420,250,250,https://www.blazedemo.com/purchase.php,319,0,0
1774386501705,4186,1 - Acessar Home,200,OK,Teste de Carga - 250 usuarios 1-37,text,true,,4757,120,250,250,https://www.blazedemo.com/,4174,0,0
1774386505567,327,3 - Comprar Passagem,200,OK,Teste de Carga - 250 usuarios 1-207,text,true,,6719,420,250,250,https://www.blazedemo.com/purchase.php,316,0,0
1774386505586,309,2 - Escolher Voo,200,OK,Teste de Carga - 250 usuarios 1-29,text,true,,7381,250,250,250,https://www.blazedemo.com/reserve.php,289,0,0
1774386505643,252,3 - Comprar Passagem,200,OK,Teste de Carga - 250 usuarios 1-31,text,true,,6719,420,250,250,https://www.blazedemo.com/purchase.php,240,0,0
1774386505540,357,3 - Comprar Passagem,200,OK,Teste de Carga - 250 usuarios 1-82,text,true,,6719,420,250,250,https://www.blazedemo.com/purchase.php,345,0,0
1774386504841,1058,3 - Comprar Passagem,200,OK,Teste de Carga - 250 usuarios 1-219,text,true,,6719,420,250,250,https://www.blazedemo.com/purchase.php,1047,0,0
1774386505598,308,2 - Escolher Voo,200,OK,Teste de Carga - 250 usuarios 1-193,text,true,,7381,250,250,250,https://www.blazedemo.com/reserve.php,287,0,0
1774386504891,1020,1 - Acessar Home,200,OK,Teste de Carga - 250 usuarios 1-57,text,true,,4757,120,250,250,https://www.blazedemo.com/,1009,0,0
1774386505236,677,2 - Escolher Voo,200,OK,Teste de Carga - 250 usuarios 1-165,text,true,,7381,250,250,250,https://www.blazedemo.com/reserve.php,660,0,0
1774386504714,1203,2 - Escolher Voo,200,OK,Teste de Carga - 250 usuarios 1-109,text,true,,7381,250,250,250,https://www.blazedemo.com/reserve.php,1183,0,0
1774386505594,326,2 - Escolher Voo,200,OK,Teste de Carga - 250 usuarios 1-140,text,true,,7381,250,250,250,https://www.blazedemo.com/reserve.php,305,0,0
1774386505550,377,2 - Escolher Voo,200,OK,Teste de Carga - 250 usuarios 1-119,text,true,,7381,250,250,250,https://www.blazedemo.com/reserve.php,356,0,0
1774386504574,1353,1 - Acessar Home,200,OK,Teste de Carga - 250 usuarios 1-110,text,true,,4757,120,250,250,https://www.blazedemo.com/,1339,0,0
1774386505639,290,3 - Comprar Passagem,200,OK,Teste de Carga - 250 usuarios 1-1,text,true,,6719,420,250,250,https://www.blazedemo.com/purchase.php,278,0,0
1774386505430,499,2 - Escolher Voo,200,OK,Teste de Carga - 250 usuarios 1-141,text,true,,7381,250,250,250,https://www.blazedemo.com/reserve.php,482,0,0
1774386505595,342,1 - Acessar Home,200,OK,Teste de Carga - 250 usuarios 1-52,text,true,,4757,120,250,250,https://www.blazedemo.com/,330,0,0
1774386504174,1763,2 - Escolher Voo,200,OK,Teste de Carga - 250 usuarios 1-24,text,true,,7381,250,250,250,https://www.blazedemo.com/reserve.php,1743,0,0
1774386505553,386,3 - Comprar Passagem,200,OK,Teste de Carga - 250 usuarios 1-97,text,true,,6719,420,250,250,https://www.blazedemo.com/purchase.php,375,0,0
1774386505677,265,2 - Escolher Voo,200,OK,Teste de Carga - 250 usuarios 1-237,text,true,,7381,250,250,250,https://www.blazedemo.com/reserve.php,244,0,0
1774386505617,326,2 - Escolher Voo,200,OK,Teste de Carga - 250 usuarios 1-173,text,true,,7381,250,250,250,https://www.blazedemo.com/reserve.php,310,0,0
1774386502447,3496,3 - Comprar Passagem,200,OK,Teste de Carga - 250 usuarios 1-249,text,true,,6719,420,250,250,https://www.blazedemo.com/purchase.php,3484,0,0
1774386505152,800,1 - Acessar Home,200,OK,Teste de Carga - 250 usuarios 1-178,text,true,,4757,120,250,250,https://www.blazedemo.com/,788,0,0
1774386505689,271,2 - Escolher Voo,200,OK,Teste de Carga - 250 usuarios 1-125,text,true,,7381,250,250,250,https://www.blazedemo.com/reserve.php,254,0,0
1774386502550,3411,1 - Acessar Home,200,OK,Teste de Carga - 250 usuarios 1-44,text,true,,4757,120,250,250,https://www.blazedemo.com/,3399,0,0
1774386505642,326,2 - Escolher Voo,200,OK,Teste de Carga - 250 usuarios 1-96,text,true,,7381,250,250,250,https://www.blazedemo.com/reserve.php,306,0,0
1774386502628,3343,3 - Comprar Passagem,200,OK,Teste de Carga - 250 usuarios 1-248,text,true,,6719,420,250,250,https://www.blazedemo.com/purchase.php,3328,0,0
1774386504289,1690,3 - Comprar Passagem,200,OK,Teste de Carga - 250 usuarios 1-204,text,true,,6719,420,250,250,https://www.blazedemo.com/purchase.php,1673,0,0
1774386504402,1577,3 - Comprar Passagem,200,OK,Teste de Carga - 250 usuarios 1-53,text,true,,6719,420,250,250,https://www.blazedemo.com/purchase.php,1565,0,0
1774386505603,377,3 - Comprar Passagem,200,OK,Teste de Carga - 250 usuarios 1-149,text,true,,6719,420,250,250,https://www.blazedemo.com/purchase.php,365,0,0
1774386501719,4262,2 - Escolher Voo,200,OK,Teste de Carga - 250 usuarios 1-85,text,true,,7381,250,250,250,https://www.blazedemo.com/reserve.php,4241,0,0
1774386505629,362,3 - Comprar Passagem,200,OK,Teste de Carga - 250 usuarios 1-56,text,true,,6719,420,250,250,https://www.blazedemo.com/purchase.php,350,0,0
1774386505643,359,2 - Escolher Voo,200,OK,Teste de Carga - 250 usuarios 1-212,text,true,,7381,250,250,250,https://www.blazedemo.com/reserve.php,341,0,0
1774386504968,1035,1 - Acessar Home,200,OK,Teste de Carga - 250 usuarios 1-30,text,true,,4757,120,250,250,https://www.blazedemo.com/,1023,0,0
1774386505309,705,2 - Escolher Voo,200,OK,Teste de Carga - 250 usuarios 1-188,text,true,,7381,250,250,250,https://www.blazedemo.com/reserve.php,684,0,0
1774386502603,3411,3 - Comprar Passagem,200,OK,Teste de Carga - 250 usuarios 1-166,text,true,,6719,420,250,250,https://www.blazedemo.com/purchase.php,3400,0,0
1774386505342,673,3 - Comprar Passagem,200,OK,Teste de Carga - 250 usuarios 1-34,text,true,,6719,420,250,250,https://www.blazedemo.com/purchase.php,661,0,0
1774386504971,1046,1 - Acessar Home,200,OK,Teste de Carga - 250 usuarios 1-42,text,true,,4757,120,250,250,https://www.blazedemo.com/,1034,0,0
1774386504745,1273,1 - Acessar Home,200,OK,Teste de Carga - 250 usuarios 1-206,text,true,,4757,120,250,250,https://www.blazedemo.com/,1259,0,0
1774386505767,260,3 - Comprar Passagem,200,OK,Teste de Carga - 250 usuarios 1-226,text,true,,6719,420,250,250,https://www.blazedemo.com/purchase.php,246,0,0
1774386505759,268,2 - Escolher Voo,200,OK,Teste de Carga - 250 usuarios 1-210,text,true,,7381,250,250,250,https://www.blazedemo.com/reserve.php,248,0,0
1774386505724,306,2 - Escolher Voo,200,OK,Teste de Carga - 250 usuarios 1-98,text,true,,7381,250,250,250,https://www.blazedemo.com/reserve.php,285,0,0
1774386505770,264,1 - Acessar Home,200,OK,Teste de Carga - 250 usuarios 1-39,text,true,,4757,120,250,250,https://www.blazedemo.com/,252,0,0
1774386505643,395,1 - Acessar Home,200,OK,Teste de Carga - 250 usuarios 1-162,text,true,,4757,120,250,250,https://www.blazedemo.com/,383,0,0
1774386504723,1317,1 - Acessar Home,200,OK,Teste de Carga - 250 usuarios 1-93,text,true,,4757,120,250,250,https://www.blazedemo.com/,1306,0,0
1774386505780,266,1 - Acessar Home,200,OK,Teste de Carga - 250 usuarios 1-164,text,true,,4757,120,250,250,https://www.blazedemo.com/,254,0,0
1774386505672,375,2 - Escolher Voo,200,OK,Teste de Carga - 250 usuarios 1-182,text,true,,7381,250,250,250,https://www.blazedemo.com/reserve.php,354,0,0
1774386505229,820,1 - Acessar Home,200,OK,Teste de Carga - 250 usuarios 1-55,text,true,,4757,120,250,250,https://www.blazedemo.com/,809,0,0
1774386505702,361,2 - Escolher Voo,200,OK,Teste de Carga - 250 usuarios 1-146,text,true,,7381,250,250,250,https://www.blazedemo.com/reserve.php,340,0,0
1774386505675,390,1 - Acessar Home,200,OK,Teste de Carga - 250 usuarios 1-79,text,true,,4757,120,250,250,https://www.blazedemo.com/,378,0,0
1774386504791,1276,2 - Escolher Voo,200,OK,Teste de Carga - 250 usuarios 1-107,text,true,,7381,250,250,250,https://www.blazedemo.com/reserve.php,1255,0,0
1774386505673,398,3 - Comprar Passagem,200,OK,Teste de Carga - 250 usuarios 1-228,text,true,,6719,420,250,250,https://www.blazedemo.com/purchase.php,386,0,0
1774386505752,321,1 - Acessar Home,200,OK,Teste de Carga - 250 usuarios 1-23,text,true,,4757,120,250,250,https://www.blazedemo.com/,308,0,0
1774386505396,681,2 - Escolher Voo,200,OK,Teste de Carga - 250 usuarios 1-229,text,true,,7381,250,250,250,https://www.blazedemo.com/reserve.php,661,0,0
1774386505801,276,3 - Comprar Passagem,200,OK,Teste de Carga - 250 usuarios 1-233,text,true,,6719,420,250,250,https://www.blazedemo.com/purchase.php,264,0,0
1774386505698,386,2 - Escolher Voo,200,OK,Teste de Carga - 250 usuarios 1-90,text,true,,7381,250,250,250,https://www.blazedemo.com/reserve.php,365,0,0
1774386505780,305,3 - Comprar Passagem,200,OK,Teste de Carga - 250 usuarios 1-221,text,true,,6719,420,250,250,https://www.blazedemo.com/purchase.php,294,0,0
1774386505485,602,3 - Comprar Passagem,200,OK,Teste de Carga - 250 usuarios 1-83,text,true,,6719,420,250,250,https://www.blazedemo.com/purchase.php,591,0,0
1774386505769,319,1 - Acessar Home,200,OK,Teste de Carga - 250 usuarios 1-84,text,true,,4757,120,250,250,https://www.blazedemo.com/,307,0,0
1774386504514,1576,3 - Comprar Passagem,200,OK,Teste de Carga - 250 usuarios 1-244,text,true,,6719,420,250,250,https://www.blazedemo.com/purchase.php,1565,0,0
1774386505805,289,1 - Acessar Home,200,OK,Teste de Carga - 250 usuarios 1-47,text,true,,4757,120,250,250,https://www.blazedemo.com/,277,0,0
1774386505816,281,1 - Acessar Home,200,OK,Teste de Carga - 250 usuarios 1-69,text,true,,4757,120,250,250,https://www.blazedemo.com/,269,0,0
1774386505000,1102,3 - Comprar Passagem,200,OK,Teste de Carga - 250 usuarios 1-19,text,true,,6719,420,250,250,https://www.blazedemo.com/purchase.php,1090,0,0
1774386505754,351,2 - Escolher Voo,200,OK,Teste de Carga - 250 usuarios 1-250,text,true,,7381,250,250,250,https://www.blazedemo.com/reserve.php,331,0,0
1774386505508,598,2 - Escolher Voo,200,OK,Teste de Carga - 250 usuarios 1-151,text,true,,7381,250,250,250,https://www.blazedemo.com/reserve.php,578,0,0
1774386504586,1526,2 - Escolher Voo,200,OK,Teste de Carga - 250 usuarios 1-123,text,true,,7381,250,250,250,https://www.blazedemo.com/reserve.php,1504,0,0
1774386505793,321,1 - Acessar Home,200,OK,Teste de Carga - 250 usuarios 1-177,text,true,,4757,120,250,250,https://www.blazedemo.com/,307,0,0
1774386504762,1361,3 - Comprar Passagem,200,OK,Teste de Carga - 250 usuarios 1-75,text,true,,6719,420,250,250,https://www.blazedemo.com/purchase.php,1350,0,0
1774386505131,992,3 - Comprar Passagem,200,OK,Teste de Carga - 250 usuarios 1-13,text,true,,6719,420,250,250,https://www.blazedemo.com/purchase.php,977,0,0
1774386505760,377,3 - Comprar Passagem,200,OK,Teste de Carga - 250 usuarios 1-156,text,true,,6719,420,250,250,https://www.blazedemo.com/purchase.php,364,0,0
1774386505765,374,3 - Comprar Passagem,200,OK,Teste de Carga - 250 usuarios 1-50,text,true,,6719,420,250,250,https://www.blazedemo.com/purchase.php,357,0,0
1774386505428,713,1 - Acessar Home,200,OK,Teste de Carga - 250 usuarios 1-25,text,true,,4757,120,250,250,https://www.blazedemo.com/,701,0,0
1774386505873,271,3 - Comprar Passagem,200,OK,Teste de Carga - 250 usuarios 1-45,text,true,,6719,420,250,250,https://www.blazedemo.com/purchase.php,258,0,0
1774386505776,370,2 - Escolher Voo,200,OK,Teste de Carga - 250 usuarios 1-155,text,true,,7381,250,250,250,https://www.blazedemo.com/reserve.php,350,0,0
1774386505837,313,3 - Comprar Passagem,200,OK,Teste de Carga - 250 usuarios 1-234,text,true,,6719,420,250,250,https://www.blazedemo.com/purchase.php,302,0,0
1774386502731,3419,2 - Escolher Voo,200,OK,Teste de Carga - 250 usuarios 1-74,text,true,,7381,250,250,250,https://www.blazedemo.com/reserve.php,3399,0,0
1774386505808,343,2 - Escolher Voo,200,OK,Teste de Carga - 250 usuarios 1-199,text,true,,7381,250,250,250,https://www.blazedemo.com/reserve.php,324,0,0
1774386504887,1265,1 - Acessar Home,200,OK,Teste de Carga - 250 usuarios 1-3,text,true,,4757,120,250,250,https://www.blazedemo.com/,1254,0,0
1774386505290,862,1 - Acessar Home,200,OK,Teste de Carga - 250 usuarios 1-181,text,true,,4757,120,250,250,https://www.blazedemo.com/,851,0,0
1774386505920,237,3 - Comprar Passagem,200,OK,Teste de Carga - 250 usuarios 1-140,text,true,,6719,420,250,250,https://www.blazedemo.com/purchase.php,225,0,0
1774386504906,1253,2 - Escolher Voo,200,OK,Teste de Carga - 250 usuarios 1-115,text,true,,7381,250,250,250,https://www.blazedemo.com/reserve.php,1233,0,0
1774386501945,4232,1 - Acessar Home,200,OK,Teste de Carga - 250 usuarios 1-246,text,true,,4757,120,250,250,https://www.blazedemo.com/,4219,0,0
1774386505321,863,1 - Acessar Home,200,OK,Teste de Carga - 250 usuarios 1-215,text,true,,4757,120,250,250,https://www.blazedemo.com/,852,0,0
1774386505897,289,1 - Acessar Home,200,OK,Teste de Carga - 250 usuarios 1-82,text,true,,4757,120,250,250,https://www.blazedemo.com/,276,0,0
1774386505899,288,1 - Acessar Home,200,OK,Teste de Carga - 250 usuarios 1-219,text,true,,4757,120,250,250,https://www.blazedemo.com/,277,0,0
1774386505039,1155,3 - Comprar Passagem,200,OK,Teste de Carga - 250 usuarios 1-179,text,true,,6719,420,250,250,https://www.blazedemo.com/purchase.php,1143,0,0
1774386505816,380,2 - Escolher Voo,200,OK,Teste de Carga - 250 usuarios 1-92,text,true,,7381,250,250,250,https://www.blazedemo.com/reserve.php,360,0,0
1774386502768,3429,1 - Acessar Home,200,OK,Teste de Carga - 250 usuarios 1-205,text,true,,4757,120,250,250,https://www.blazedemo.com/,3418,0,0
1774386505843,354,3 - Comprar Passagem,200,OK,Teste de Carga - 250 usuarios 1-174,text,true,,6719,420,250,250,https://www.blazedemo.com/purchase.php,341,0,0
1774386505929,270,1 - Acessar Home,200,OK,Teste de Carga - 250 usuarios 1-1,text,true,,4757,120,250,250,https://www.blazedemo.com/,258,0,0
1774386505435,765,2 - Escolher Voo,200,OK,Teste de Carga - 250 usuarios 1-137,text,true,,7381,250,250,250,https://www.blazedemo.com/reserve.php,745,0,0
1774386505593,610,3 - Comprar Passagem,200,OK,Teste de Carga - 250 usuarios 1-108,text,true,,6719,420,250,250,https://www.blazedemo.com/purchase.php,598,0,0
1774386505913,291,3 - Comprar Passagem,200,OK,Teste de Carga - 250 usuarios 1-165,text,true,,6719,420,250,250,https://www.blazedemo.com/purchase.php,279,0,0
1774386502887,3326,3 - Comprar Passagem,200,OK,Teste de Carga - 250 usuarios 1-168,text,true,,6719,420,250,250,https://www.blazedemo.com/purchase.php,3313,0,0
1774386505937,276,3 - Comprar Passagem,200,OK,Teste de Carga - 250 usuarios 1-24,text,true,,6719,420,250,250,https://www.blazedemo.com/purchase.php,259,0,0
1774386505850,366,1 - Acessar Home,200,OK,Teste de Carga - 250 usuarios 1-203,text,true,,4757,120,250,250,https://www.blazedemo.com/,354,0,0
1774386505911,310,2 - Escolher Voo,200,OK,Teste de Carga - 250 usuarios 1-57,text,true,,7381,250,250,250,https://www.blazedemo.com/reserve.php,293,0,0
1774386502913,3308,2 - Escolher Voo,200,OK,Teste de Carga - 250 usuarios 1-113,text,true,,7381,250,250,250,https://www.blazedemo.com/reserve.php,3288,0,0
1774386505906,316,3 - Comprar Passagem,200,OK,Teste de Carga - 250 usuarios 1-193,text,true,,6719,420,250,250,https://www.blazedemo.com/purchase.php,304,0,0
1774386505842,390,1 - Acessar Home,200,OK,Teste de Carga - 250 usuarios 1-150,text,true,,4757,120,250,250,https://www.blazedemo.com/,378,0,0
1774386505981,254,3 - Comprar Passagem,200,OK,Teste de Carga - 250 usuarios 1-85,text,true,,6719,420,250,250,https://www.blazedemo.com/purchase.php,242,0,0
1774386505980,255,1 - Acessar Home,200,OK,Teste de Carga - 250 usuarios 1-149,text,true,,4757,120,250,250,https://www.blazedemo.com/,243,0,0
1774386504650,1586,3 - Comprar Passagem,200,OK,Teste de Carga - 250 usuarios 1-118,text,true,,6719,420,250,250,https://www.blazedemo.com/purchase.php,1575,0,0
1774386505937,307,2 - Escolher Voo,200,OK,Teste de Carga - 250 usuarios 1-52,text,true,,7381,250,250,250,https://www.blazedemo.com/reserve.php,286,0,0
1774386505896,348,1 - Acessar Home,200,OK,Teste de Carga - 250 usuarios 1-31,text,true,,4757,120,250,250,https://www.blazedemo.com/,338,0,0
1774386502813,3432,1 - Acessar Home,200,OK,Teste de Carga - 250 usuarios 1-176,text,true,,4757,120,250,250,https://www.blazedemo.com/,3417,0,0
1774386505944,302,1 - Acessar Home,200,OK,Teste de Carga - 250 usuarios 1-249,text,true,,4757,120,250,250,https://www.blazedemo.com/,289,0,0
1774386504926,1322,2 - Escolher Voo,200,OK,Teste de Carga - 250 usuarios 1-61,text,true,,7381,250,250,250,https://www.blazedemo.com/reserve.php,1302,0,0
1774386505944,305,3 - Comprar Passagem,200,OK,Teste de Carga - 250 usuarios 1-173,text,true,,6719,420,250,250,https://www.blazedemo.com/purchase.php,293,0,0
1774386505468,790,3 - Comprar Passagem,200,OK,Teste de Carga - 250 usuarios 1-171,text,true,,6719,420,250,250,https://www.blazedemo.com/purchase.php,778,0,0
1774386504941,1318,1 - Acessar Home,200,OK,Teste de Carga - 250 usuarios 1-35,text,true,,4757,120,250,250,https://www.blazedemo.com/,1306,0,0
1774386501995,4267,3 - Comprar Passagem,200,OK,Teste de Carga - 250 usuarios 1-158,text,true,,6719,420,250,250,https://www.blazedemo.com/purchase.php,4256,0,0
1774386505169,1094,3 - Comprar Passagem,200,OK,Teste de Carga - 250 usuarios 1-81,text,true,,6719,420,250,250,https://www.blazedemo.com/purchase.php,1082,0,0
1774386505308,958,2 - Escolher Voo,200,OK,Teste de Carga - 250 usuarios 1-170,text,true,,7381,250,250,250,https://www.blazedemo.com/reserve.php,938,0,0
1774386505939,337,1 - Acessar Home,200,OK,Teste de Carga - 250 usuarios 1-97,text,true,,4757,120,250,250,https://www.blazedemo.com/,325,0,0
1774386505459,823,1 - Acessar Home,200,OK,Teste de Carga - 250 usuarios 1-245,text,true,,4757,120,250,250,https://www.blazedemo.com/,811,0,0
1774386505971,335,1 - Acessar Home,200,OK,Teste de Carga - 250 usuarios 1-248,text,true,,4757,120,250,250,https://www.blazedemo.com/,324,0,0
1774386505979,331,1 - Acessar Home,200,OK,Teste de Carga - 250 usuarios 1-204,text,true,,4757,120,250,250,https://www.blazedemo.com/,319,0,0
1774386502821,3490,2 - Escolher Voo,200,OK,Teste de Carga - 250 usuarios 1-43,text,true,,7381,250,250,250,https://www.blazedemo.com/reserve.php,3473,0,0
1774386505917,394,3 - Comprar Passagem,200,OK,Teste de Carga - 250 usuarios 1-109,text,true,,6719,420,250,250,https://www.blazedemo.com/purchase.php,382,0,0
1774386505468,847,1 - Acessar Home,200,OK,Teste de Carga - 250 usuarios 1-154,text,true,,4757,120,250,250,https://www.blazedemo.com/,837,0,0
1774386506015,300,1 - Acessar Home,200,OK,Teste de Carga - 250 usuarios 1-34,text,true,,4757,120,250,250,https://www.blazedemo.com/,288,0,0
1774386505784,531,3 - Comprar Passagem,200,OK,Teste de Carga - 250 usuarios 1-48,text,true,,6719,420,250,250,https://www.blazedemo.com/purchase.php,520,0,0
1774386505210,1106,2 - Escolher Voo,200,OK,Teste de Carga - 250 usuarios 1-71,text,true,,7381,250,250,250,https://www.blazedemo.com/reserve.php,1085,0,0
1774386506067,263,3 - Comprar Passagem,200,OK,Teste de Carga - 250 usuarios 1-107,text,true,,6719,420,250,250,https://www.blazedemo.com/purchase.php,251,0,0
1774386506018,315,2 - Escolher Voo,200,OK,Teste de Carga - 250 usuarios 1-42,text,true,,7381,250,250,250,https://www.blazedemo.com/reserve.php,294,0,0
1774386506063,270,3 - Comprar Passagem,200,OK,Teste de Carga - 250 usuarios 1-146,text,true,,6719,420,250,250,https://www.blazedemo.com/purchase.php,258,0,0
1774386505702,631,1 - Acessar Home,200,OK,Teste de Carga - 250 usuarios 1-216,text,true,,4757,120,250,250,https://www.blazedemo.com/,622,0,0
1774386502925,3408,1 - Acessar Home,200,OK,Teste de Carga - 250 usuarios 1-127,text,true,,4757,120,250,250,https://www.blazedemo.com/,3396,0,0
1774386506030,305,3 - Comprar Passagem,200,OK,Teste de Carga - 250 usuarios 1-98,text,true,,6719,420,250,250,https://www.blazedemo.com/purchase.php,293,0,0
1774386504726,1624,1 - Acessar Home,200,OK,Teste de Carga - 250 usuarios 1-86,text,true,,4757,120,250,250,https://www.blazedemo.com/,1610,0,0
1774386506027,324,3 - Comprar Passagem,200,OK,Teste de Carga - 250 usuarios 1-210,text,true,,6719,420,250,250,https://www.blazedemo.com/purchase.php,312,0,0
1774386505014,1337,1 - Acessar Home,200,OK,Teste de Carga - 250 usuarios 1-27,text,true,,4757,120,250,250,https://www.blazedemo.com/,1325,0,0
1774386505348,1005,1 - Acessar Home,200,OK,Teste de Carga - 250 usuarios 1-192,text,true,,4757,120,250,250,https://www.blazedemo.com/,994,0,0
1774386506078,275,3 - Comprar Passagem,200,OK,Teste de Carga - 250 usuarios 1-229,text,true,,6719,420,250,250,https://www.blazedemo.com/purchase.php,262,0,0
1774386505792,568,1 - Acessar Home,200,OK,Teste de Carga - 250 usuarios 1-120,text,true,,4757,120,250,250,https://www.blazedemo.com/,556,0,0
1774386505927,438,2 - Escolher Voo,200,OK,Teste de Carga - 250 usuarios 1-110,text,true,,7381,250,250,250,https://www.blazedemo.com/reserve.php,418,0,0
1774386505340,1030,1 - Acessar Home,200,OK,Teste de Carga - 250 usuarios 1-15,text,true,,4757,120,250,250,https://www.blazedemo.com/,1017,0,0
1774386506084,287,3 - Comprar Passagem,200,OK,Teste de Carga - 250 usuarios 1-90,text,true,,6719,420,250,250,https://www.blazedemo.com/purchase.php,251,0,0
1774386502988,3386,3 - Comprar Passagem,200,OK,Teste de Carga - 250 usuarios 1-136,text,true,,6719,420,250,250,https://www.blazedemo.com/purchase.php,3374,0,0
1774386506003,376,2 - Escolher Voo,200,OK,Teste de Carga - 250 usuarios 1-30,text,true,,7381,250,250,250,https://www.blazedemo.com/reserve.php,355,0,0
1774386505022,1359,3 - Comprar Passagem,200,OK,Teste de Carga - 250 usuarios 1-236,text,true,,6719,420,250,250,https://www.blazedemo.com/purchase.php,1348,0,0
1774386506002,383,3 - Comprar Passagem,200,OK,Teste de Carga - 250 usuarios 1-212,text,true,,6719,420,250,250,https://www.blazedemo.com/purchase.php,372,0,0
1774386506071,316,1 - Acessar Home,200,OK,Teste de Carga - 250 usuarios 1-228,text,true,,4757,120,250,250,https://www.blazedemo.com/,304,0,0
1774386505483,912,2 - Escolher Voo,200,OK,Teste de Carga - 250 usuarios 1-62,text,true,,7381,250,250,250,https://www.blazedemo.com/reserve.php,891,0,0
1774386506103,298,1 - Acessar Home,200,OK,Teste de Carga - 250 usuarios 1-19,text,true,,4757,120,250,250,https://www.blazedemo.com/,286,0,0
1774386506106,307,3 - Comprar Passagem,200,OK,Teste de Carga - 250 usuarios 1-151,text,true,,6719,420,250,250,https://www.blazedemo.com/purchase.php,295,0,0
1774386505833,580,1 - Acessar Home,200,OK,Teste de Carga - 250 usuarios 1-131,text,true,,4757,120,250,250,https://www.blazedemo.com/,568,0,0
1774386505831,584,2 - Escolher Voo,200,OK,Teste de Carga - 250 usuarios 1-114,text,true,,7381,250,250,250,https://www.blazedemo.com/reserve.php,564,0,0
1774386505952,463,2 - Escolher Voo,200,OK,Teste de Carga - 250 usuarios 1-178,text,true,,7381,250,250,250,https://www.blazedemo.com/reserve.php,443,0,0
1774386502951,3467,3 - Comprar Passagem,200,OK,Teste de Carga - 250 usuarios 1-159,text,true,,6719,420,250,250,https://www.blazedemo.com/purchase.php,3450,0,0
1774386506152,282,2 - Escolher Voo,200,OK,Teste de Carga - 250 usuarios 1-3,text,true,,7381,250,250,250,https://www.blazedemo.com/reserve.php,263,0,0
1774386503224,3210,2 - Escolher Voo,200,OK,Teste de Carga - 250 usuarios 1-9,text,true,,7381,250,250,250,https://www.blazedemo.com/reserve.php,3191,0,0
1774386505513,923,1 - Acessar Home,200,OK,Teste de Carga - 250 usuarios 1-65,text,true,,4757,120,250,250,https://www.blazedemo.com/,910,0,0
1774386504838,1599,2 - Escolher Voo,200,OK,Teste de Carga - 250 usuarios 1-172,text,true,,7381,250,250,250,https://www.blazedemo.com/reserve.php,1580,0,0
1774386506197,241,2 - Escolher Voo,200,OK,Teste de Carga - 250 usuarios 1-205,text,true,,7381,250,250,250,https://www.blazedemo.com/reserve.php,222,0,0
1774386506159,283,3 - Comprar Passagem,200,OK,Teste de Carga - 250 usuarios 1-115,text,true,,6719,420,250,250,https://www.blazedemo.com/purchase.php,271,0,0
1774386502180,4263,1 - Acessar Home,200,OK,Teste de Carga - 250 usuarios 1-17,text,true,,4757,120,250,250,https://www.blazedemo.com/,4252,0,0
1774386506186,262,2 - Escolher Voo,200,OK,Teste de Carga - 250 usuarios 1-82,text,true,,7381,250,250,250,https://www.blazedemo.com/reserve.php,245,0,0
1774386506065,393,2 - Escolher Voo,200,OK,Teste de Carga - 250 usuarios 1-79,text,true,,7381,250,250,250,https://www.blazedemo.com/reserve.php,376,0,0
1774386502995,3467,3 - Comprar Passagem,200,OK,Teste de Carga - 250 usuarios 1-80,text,true,,6719,420,250,250,https://www.blazedemo.com/purchase.php,3454,0,0
1774386506204,263,1 - Acessar Home,200,OK,Teste de Carga - 250 usuarios 1-165,text,true,,4757,120,250,250,https://www.blazedemo.com/,251,0,0
1774386505834,638,2 - Escolher Voo,200,OK,Teste de Carga - 250 usuarios 1-160,text,true,,7381,250,250,250,https://www.blazedemo.com/reserve.php,618,0,0
1774386506152,321,2 - Escolher Voo,200,OK,Teste de Carga - 250 usuarios 1-181,text,true,,7381,250,250,250,https://www.blazedemo.com/reserve.php,300,0,0
1774386505528,953,2 - Escolher Voo,200,OK,Teste de Carga - 250 usuarios 1-89,text,true,,7381,250,250,250,https://www.blazedemo.com/reserve.php,933,0,0
1774386505878,603,3 - Comprar Passagem,200,OK,Teste de Carga - 250 usuarios 1-14,text,true,,6719,420,250,250,https://www.blazedemo.com/purchase.php,586,0,0
1774386506027,466,1 - Acessar Home,200,OK,Teste de Carga - 250 usuarios 1-226,text,true,,4757,120,250,250,https://www.blazedemo.com/,454,0,0
1774386505595,899,1 - Acessar Home,200,OK,Teste de Carga - 250 usuarios 1-187,text,true,,4757,120,250,250,https://www.blazedemo.com/,888,0,0
1774386505136,1366,3 - Comprar Passagem,200,OK,Teste de Carga - 250 usuarios 1-58,text,true,,6719,420,250,250,https://www.blazedemo.com/purchase.php,1354,0,0
1774386503247,3264,1 - Acessar Home,200,OK,Teste de Carga - 250 usuarios 1-12,text,true,,4757,120,250,250,https://www.blazedemo.com/,3253,0,0
1774386505816,697,3 - Comprar Passagem,200,OK,Teste de Carga - 250 usuarios 1-167,text,true,,6719,420,250,250,https://www.blazedemo.com/purchase.php,686,0,0
1774386505681,835,3 - Comprar Passagem,200,OK,Teste de Carga - 250 usuarios 1-103,text,true,,6719,420,250,250,https://www.blazedemo.com/purchase.php,823,0,0
1774386506199,319,2 - Escolher Voo,200,OK,Teste de Carga - 250 usuarios 1-1,text,true,,7381,250,250,250,https://www.blazedemo.com/reserve.php,298,0,0
1774386506266,252,3 - Comprar Passagem,200,OK,Teste de Carga - 250 usuarios 1-170,text,true,,6719,420,250,250,https://www.blazedemo.com/purchase.php,240,0,0
1774386506216,304,2 - Escolher Voo,200,OK,Teste de Carga - 250 usuarios 1-203,text,true,,7381,250,250,250,https://www.blazedemo.com/reserve.php,283,0,0
1774386506139,381,1 - Acessar Home,200,OK,Teste de Carga - 250 usuarios 1-50,text,true,,4757,120,250,250,https://www.blazedemo.com/,369,0,0
1774386502197,4329,1 - Acessar Home,200,OK,Teste de Carga - 250 usuarios 1-169,text,true,,4757,120,250,250,https://www.blazedemo.com/,4316,0,0
1774386506150,378,3 - Comprar Passagem,200,OK,Teste de Carga - 250 usuarios 1-74,text,true,,6719,420,250,250,https://www.blazedemo.com/purchase.php,366,0,0
1774386503011,3519,3 - Comprar Passagem,200,OK,Teste de Carga - 250 usuarios 1-77,text,true,,6719,420,250,250,https://www.blazedemo.com/purchase.php,3506,0,0
1774386506222,308,1 - Acessar Home,200,OK,Teste de Carga - 250 usuarios 1-193,text,true,,4757,120,250,250,https://www.blazedemo.com/,296,0,0
1774386506221,309,3 - Comprar Passagem,200,OK,Teste de Carga - 250 usuarios 1-113,text,true,,6719,420,250,250,https://www.blazedemo.com/purchase.php,292,0,0
1774386506276,260,2 - Escolher Voo,200,OK,Teste de Carga - 250 usuarios 1-97,text,true,,7381,250,250,250,https://www.blazedemo.com/reserve.php,240,0,0
1774386506034,508,2 - Escolher Voo,200,OK,Teste de Carga - 250 usuarios 1-39,text,true,,7381,250,250,250,https://www.blazedemo.com/reserve.php,488,0,0
1774386506091,458,1 - Acessar Home,200,OK,Teste de Carga - 250 usuarios 1-244,text,true,,4757,120,250,250,https://www.blazedemo.com/,446,0,0
1774386505708,844,2 - Escolher Voo,200,OK,Teste de Carga - 250 usuarios 1-185,text,true,,7381,250,250,250,https://www.blazedemo.com/reserve.php,824,0,0
1774386506086,474,1 - Acessar Home,200,OK,Teste de Carga - 250 usuarios 1-221,text,true,,4757,120,250,250,https://www.blazedemo.com/,464,0,0
1774386506123,439,1 - Acessar Home,200,OK,Teste de Carga - 250 usuarios 1-13,text,true,,4757,120,250,250,https://www.blazedemo.com/,427,0,0
1774386505420,1147,1 - Acessar Home,200,OK,Teste de Carga - 250 usuarios 1-60,text,true,,4757,120,250,250,https://www.blazedemo.com/,1136,0,0
1774386506049,523,2 - Escolher Voo,200,OK,Teste de Carga - 250 usuarios 1-55,text,true,,7381,250,250,250,https://www.blazedemo.com/reserve.php,503,0,0
1774386506263,316,1 - Acessar Home,200,OK,Teste de Carga - 250 usuarios 1-81,text,true,,4757,120,250,250,https://www.blazedemo.com/,306,0,0
1774386505961,620,2 - Escolher Voo,200,OK,Teste de Carga - 250 usuarios 1-44,text,true,,7381,250,250,250,https://www.blazedemo.com/reserve.php,606,0,0
1774386506248,334,3 - Comprar Passagem,200,OK,Teste de Carga - 250 usuarios 1-61,text,true,,6719,420,250,250,https://www.blazedemo.com/purchase.php,322,0,0
1774386506315,267,2 - Escolher Voo,200,OK,Teste de Carga - 250 usuarios 1-154,text,true,,7381,250,250,250,https://www.blazedemo.com/reserve.php,247,0,0
1774386505690,894,3 - Comprar Passagem,200,OK,Teste de Carga - 250 usuarios 1-130,text,true,,6719,420,250,250,https://www.blazedemo.com/purchase.php,879,0,0
1774386506282,303,2 - Escolher Voo,200,OK,Teste de Carga - 250 usuarios 1-245,text,true,,7381,250,250,250,https://www.blazedemo.com/reserve.php,281,0,0
1774386505942,645,3 - Comprar Passagem,200,OK,Teste de Carga - 250 usuarios 1-237,text,true,,6719,420,250,250,https://www.blazedemo.com/purchase.php,634,0,0
1774386506221,368,3 - Comprar Passagem,200,OK,Teste de Carga - 250 usuarios 1-57,text,true,,6719,420,250,250,https://www.blazedemo.com/purchase.php,357,0,0
1774386505927,671,3 - Comprar Passagem,200,OK,Teste de Carga - 250 usuarios 1-119,text,true,,6719,420,250,250,https://www.blazedemo.com/purchase.php,659,0,0
1774386506360,240,2 - Escolher Voo,200,OK,Teste de Carga - 250 usuarios 1-120,text,true,,7381,250,250,250,https://www.blazedemo.com/reserve.php,220,0,0
1774386502247,4357,1 - Acessar Home,200,OK,Teste de Carga - 250 usuarios 1-175,text,true,,4757,120,250,250,https://www.blazedemo.com/,4345,0,0
1774386503295,3309,3 - Comprar Passagem,200,OK,Teste de Carga - 250 usuarios 1-225,text,true,,6719,420,250,250,https://www.blazedemo.com/purchase.php,3297,0,0
1774386506334,280,2 - Escolher Voo,200,OK,Teste de Carga - 250 usuarios 1-127,text,true,,7381,250,250,250,https://www.blazedemo.com/reserve.php,259,0,0
1774386506333,282,3 - Comprar Passagem,200,OK,Teste de Carga - 250 usuarios 1-42,text,true,,6719,420,250,250,https://www.blazedemo.com/purchase.php,270,0,0
1774386505463,1153,1 - Acessar Home,200,OK,Teste de Carga - 250 usuarios 1-129,text,true,,4757,120,250,250,https://www.blazedemo.com/,1143,0,0
1774386506353,267,1 - Acessar Home,200,OK,Teste de Carga - 250 usuarios 1-229,text,true,,4757,120,250,250,https://www.blazedemo.com/,256,0,0
1774386505722,902,2 - Escolher Voo,200,OK,Teste de Carga - 250 usuarios 1-18,text,true,,7381,250,250,250,https://www.blazedemo.com/reserve.php,881,0,0
1774386505124,1507,3 - Comprar Passagem,200,OK,Teste de Carga - 250 usuarios 1-51,text,true,,6719,420,250,250,https://www.blazedemo.com/purchase.php,1495,0,0
1774386506333,300,2 - Escolher Voo,200,OK,Teste de Carga - 250 usuarios 1-216,text,true,,7381,250,250,250,https://www.blazedemo.com/reserve.php,283,0,0
1774386506105,535,3 - Comprar Passagem,200,OK,Teste de Carga - 250 usuarios 1-250,text,true,,6719,420,250,250,https://www.blazedemo.com/purchase.php,524,0,0
1774386506413,230,1 - Acessar Home,200,OK,Teste de Carga - 250 usuarios 1-151,text,true,,4757,120,250,250,https://www.blazedemo.com/,218,0,0
1774386505768,885,2 - Escolher Voo,200,OK,Teste de Carga - 250 usuarios 1-147,text,true,,7381,250,250,250,https://www.blazedemo.com/reserve.php,865,0,0
1774386506196,464,3 - Comprar Passagem,200,OK,Teste de Carga - 250 usuarios 1-92,text,true,,6719,420,250,250,https://www.blazedemo.com/purchase.php,452,0,0
1774386506244,416,2 - Escolher Voo,200,OK,Teste de Carga - 250 usuarios 1-31,text,true,,7381,250,250,250,https://www.blazedemo.com/reserve.php,399,0,0
1774386506315,349,2 - Escolher Voo,200,OK,Teste de Carga - 250 usuarios 1-34,text,true,,7381,250,250,250,https://www.blazedemo.com/reserve.php,328,0,0
1774386506437,244,3 - Comprar Passagem,200,OK,Teste de Carga - 250 usuarios 1-172,text,true,,6719,420,250,250,https://www.blazedemo.com/purchase.php,232,0,0
1774386506353,332,2 - Escolher Voo,200,OK,Teste de Carga - 250 usuarios 1-192,text,true,,7381,250,250,250,https://www.blazedemo.com/reserve.php,308,0,0
1774386505891,796,2 - Escolher Voo,200,OK,Teste de Carga - 250 usuarios 1-37,text,true,,7381,250,250,250,https://www.blazedemo.com/reserve.php,776,0,0
1774386506235,453,2 - Escolher Voo,200,OK,Teste de Carga - 250 usuarios 1-149,text,true,,7381,250,250,250,https://www.blazedemo.com/reserve.php,432,0,0
1774386505471,1218,2 - Escolher Voo,200,OK,Teste de Carga - 250 usuarios 1-11,text,true,,7381,250,250,250,https://www.blazedemo.com/reserve.php,1197,0,0
1774386506351,342,2 - Escolher Voo,200,OK,Teste de Carga - 250 usuarios 1-27,text,true,,7381,250,250,250,https://www.blazedemo.com/reserve.php,322,0,0
1774386502263,4431,2 - Escolher Voo,200,OK,Teste de Carga - 250 usuarios 1-104,text,true,,7381,250,250,250,https://www.blazedemo.com/reserve.php,4411,0,0
1774386505245,1454,3 - Comprar Passagem,200,OK,Teste de Carga - 250 usuarios 1-209,text,true,,6719,420,250,250,https://www.blazedemo.com/purchase.php,1443,0,0
1774386506385,324,1 - Acessar Home,200,OK,Teste de Carga - 250 usuarios 1-212,text,true,,4757,120,250,250,https://www.blazedemo.com/,311,0,0
1774386506038,676,2 - Escolher Voo,200,OK,Teste de Carga - 250 usuarios 1-162,text,true,,7381,250,250,250,https://www.blazedemo.com/reserve.php,656,0,0
1774386503373,3342,3 - Comprar Passagem,200,OK,Teste de Carga - 250 usuarios 1-138,text,true,,6719,420,250,250,https://www.blazedemo.com/purchase.php,3329,0,0
1774386506436,281,2 - Escolher Voo,200,OK,Teste de Carga - 250 usuarios 1-65,text,true,,7381,250,250,250,https://www.blazedemo.com/reserve.php,264,0,0
1774386506146,571,3 - Comprar Passagem,200,OK,Teste de Carga - 250 usuarios 1-155,text,true,,6719,420,250,250,https://www.blazedemo.com/purchase.php,558,0,0
1774386505968,751,3 - Comprar Passagem,200,OK,Teste de Carga - 250 usuarios 1-96,text,true,,6719,420,250,250,https://www.blazedemo.com/purchase.php,739,0,0
1774386505219,1502,2 - Escolher Voo,200,OK,Teste de Carga - 250 usuarios 1-161,text,true,,7381,250,250,250,https://www.blazedemo.com/reserve.php,1482,0,0
1774386505599,1126,1 - Acessar Home,200,OK,Teste de Carga - 250 usuarios 1-224,text,true,,4757,120,250,250,https://www.blazedemo.com/,1113,0,0
1774386506443,282,2 - Escolher Voo,200,OK,Teste de Carga - 250 usuarios 1-17,text,true,,7381,250,250,250,https://www.blazedemo.com/reserve.php,261,0,0
1774386506197,529,1 - Acessar Home,200,OK,Teste de Carga - 250 usuarios 1-174,text,true,,4757,120,250,250,https://www.blazedemo.com/,517,0,0
1774386506236,492,1 - Acessar Home,200,OK,Teste de Carga - 250 usuarios 1-118,text,true,,4757,120,250,250,https://www.blazedemo.com/,478,0,0
1774386506235,495,1 - Acessar Home,200,OK,Teste de Carga - 250 usuarios 1-85,text,true,,4757,120,250,250,https://www.blazedemo.com/,483,0,0
1774386506088,652,2 - Escolher Voo,200,OK,Teste de Carga - 250 usuarios 1-84,text,true,,7381,250,250,250,https://www.blazedemo.com/reserve.php,631,0,0
1774386506458,284,3 - Comprar Passagem,200,OK,Teste de Carga - 250 usuarios 1-79,text,true,,6719,420,250,250,https://www.blazedemo.com/purchase.php,271,0,0
1774386503412,3335,2 - Escolher Voo,200,OK,Teste de Carga - 250 usuarios 1-38,text,true,,7381,250,250,250,https://www.blazedemo.com/reserve.php,3314,0,0
1774386503381,3379,2 - Escolher Voo,200,OK,Teste de Carga - 250 usuarios 1-99,text,true,,7381,250,250,250,https://www.blazedemo.com/reserve.php,3359,0,0
1774386506381,393,1 - Acessar Home,200,OK,Teste de Carga - 250 usuarios 1-236,text,true,,4757,120,250,250,https://www.blazedemo.com/,381,0,0
1774386506520,256,3 - Comprar Passagem,200,OK,Teste de Carga - 250 usuarios 1-203,text,true,,6719,420,250,250,https://www.blazedemo.com/purchase.php,244,0,0
1774386506438,339,3 - Comprar Passagem,200,OK,Teste de Carga - 250 usuarios 1-205,text,true,,6719,420,250,250,https://www.blazedemo.com/purchase.php,327,0,0
1774386502433,4346,1 - Acessar Home,200,OK,Teste de Carga - 250 usuarios 1-54,text,true,,4757,120,250,250,https://www.blazedemo.com/,4333,0,0
1774386506481,299,3 - Comprar Passagem,200,OK,Teste de Carga - 250 usuarios 1-89,text,true,,6719,420,250,250,https://www.blazedemo.com/purchase.php,286,0,0
1774386506542,242,3 - Comprar Passagem,200,OK,Teste de Carga - 250 usuarios 1-39,text,true,,6719,420,250,250,https://www.blazedemo.com/purchase.php,231,0,0
1774386506333,454,1 - Acessar Home,200,OK,Teste de Carga - 250 usuarios 1-146,text,true,,4757,120,250,250,https://www.blazedemo.com/,441,0,0
1774386505620,1168,2 - Escolher Voo,200,OK,Teste de Carga - 250 usuarios 1-46,text,true,,7381,250,250,250,https://www.blazedemo.com/reserve.php,1148,0,0
1774386506157,632,1 - Acessar Home,200,OK,Teste de Carga - 250 usuarios 1-140,text,true,,4757,120,250,250,https://www.blazedemo.com/,622,0,0
1774386506246,544,2 - Escolher Voo,200,OK,Teste de Carga - 250 usuarios 1-176,text,true,,7381,250,250,250,https://www.blazedemo.com/reserve.php,524,0,0
1774386505436,1357,1 - Acessar Home,200,OK,Teste de Carga - 250 usuarios 1-217,text,true,,4757,120,250,250,https://www.blazedemo.com/,1344,0,0
1774386506530,266,1 - Acessar Home,200,OK,Teste de Carga - 250 usuarios 1-113,text,true,,4757,120,250,250,https://www.blazedemo.com/,254,0,0
1774386506448,349,3 - Comprar Passagem,200,OK,Teste de Carga - 250 usuarios 1-82,text,true,,6719,420,250,250,https://www.blazedemo.com/purchase.php,337,0,0
1774386506434,372,3 - Comprar Passagem,200,OK,Teste de Carga - 250 usuarios 1-3,text,true,,6719,420,250,250,https://www.blazedemo.com/purchase.php,360,0,0
1774386505254,1552,1 - Acessar Home,200,OK,Teste de Carga - 250 usuarios 1-139,text,true,,4757,120,250,250,https://www.blazedemo.com/,1542,0,0
1774386506330,478,1 - Acessar Home,200,OK,Teste de Carga - 250 usuarios 1-107,text,true,,4757,120,250,250,https://www.blazedemo.com/,465,0,0
1774386506097,714,2 - Escolher Voo,200,OK,Teste de Carga - 250 usuarios 1-69,text,true,,7381,250,250,250,https://www.blazedemo.com/reserve.php,694,0,0
1774386506366,452,3 - Comprar Passagem,200,OK,Teste de Carga - 250 usuarios 1-110,text,true,,6719,420,250,250,https://www.blazedemo.com/purchase.php,436,0,0
1774386506493,335,2 - Escolher Voo,200,OK,Teste de Carga - 250 usuarios 1-226,text,true,,7381,250,250,250,https://www.blazedemo.com/reserve.php,314,0,0
1774386506562,271,2 - Escolher Voo,200,OK,Teste de Carga - 250 usuarios 1-13,text,true,,7381,250,250,250,https://www.blazedemo.com/reserve.php,250,0,0
1774386505678,1162,2 - Escolher Voo,200,OK,Teste de Carga - 250 usuarios 1-239,text,true,,7381,250,250,250,https://www.blazedemo.com/reserve.php,1142,0,0
1774386505895,951,3 - Comprar Passagem,200,OK,Teste de Carga - 250 usuarios 1-29,text,true,,6719,420,250,250,https://www.blazedemo.com/purchase.php,940,0,0
1774386506502,347,1 - Acessar Home,200,OK,Teste de Carga - 250 usuarios 1-58,text,true,,4757,120,250,250,https://www.blazedemo.com/,336,0,0
1774386506519,340,1 - Acessar Home,200,OK,Teste de Carga - 250 usuarios 1-170,text,true,,4757,120,250,250,https://www.blazedemo.com/,326,0,0
1774386506605,254,1 - Acessar Home,200,OK,Teste de Carga - 250 usuarios 1-225,text,true,,4757,120,250,250,https://www.blazedemo.com/,243,0,0
1774386503591,3269,2 - Escolher Voo,200,OK,Teste de Carga - 250 usuarios 1-64,text,true,,7381,250,250,250,https://www.blazedemo.com/reserve.php,3249,0,0
1774386506213,649,1 - Acessar Home,200,OK,Teste de Carga - 250 usuarios 1-168,text,true,,4757,120,250,250,https://www.blazedemo.com/,636,0,0
1774386506123,739,1 - Acessar Home,200,OK,Teste de Carga - 250 usuarios 1-75,text,true,,4757,120,250,250,https://www.blazedemo.com/,726,0,0
1774386502570,4296,2 - Escolher Voo,200,OK,Teste de Carga - 250 usuarios 1-220,text,true,,7381,250,250,250,https://www.blazedemo.com/reserve.php,4275,0,0
1774386506473,400,3 - Comprar Passagem,200,OK,Teste de Carga - 250 usuarios 1-181,text,true,,6719,420,250,250,https://www.blazedemo.com/purchase.php,389,0,0
1774386506553,327,3 - Comprar Passagem,200,OK,Teste de Carga - 250 usuarios 1-185,text,true,,6719,420,250,250,https://www.blazedemo.com/purchase.php,314,0,0
1774386506395,487,3 - Comprar Passagem,200,OK,Teste de Carga - 250 usuarios 1-62,text,true,,6719,420,250,250,https://www.blazedemo.com/purchase.php,475,0,0
1774386506620,262,2 - Escolher Voo,200,OK,Teste de Carga - 250 usuarios 1-229,text,true,,7381,250,250,250,https://www.blazedemo.com/reserve.php,240,0,0
1774386506549,340,2 - Escolher Voo,200,OK,Teste de Carga - 250 usuarios 1-244,text,true,,7381,250,250,250,https://www.blazedemo.com/reserve.php,320,0,0
1774386506528,363,1 - Acessar Home,200,OK,Teste de Carga - 250 usuarios 1-74,text,true,,4757,120,250,250,https://www.blazedemo.com/,350,0,0
1774386506246,648,2 - Escolher Voo,200,OK,Teste de Carga - 250 usuarios 1-249,text,true,,7381,250,250,250,https://www.blazedemo.com/reserve.php,628,0,0
1774386506598,297,1 - Acessar Home,200,OK,Teste de Carga - 250 usuarios 1-119,text,true,,4757,120,250,250,https://www.blazedemo.com/,285,0,0
1774386506582,318,1 - Acessar Home,200,OK,Teste de Carga - 250 usuarios 1-61,text,true,,4757,120,250,250,https://www.blazedemo.com/,305,0,0
1774386506046,861,2 - Escolher Voo,200,OK,Teste de Carga - 250 usuarios 1-164,text,true,,7381,250,250,250,https://www.blazedemo.com/reserve.php,841,0,0
1774386505394,1524,3 - Comprar Passagem,200,OK,Teste de Carga - 250 usuarios 1-67,text,true,,6719,420,250,250,https://www.blazedemo.com/purchase.php,1512,0,0
1774386506567,359,2 - Escolher Voo,200,OK,Teste de Carga - 250 usuarios 1-60,text,true,,7381,250,250,250,https://www.blazedemo.com/reserve.php,338,0,0
1774386506624,302,3 - Comprar Passagem,200,OK,Teste de Carga - 250 usuarios 1-18,text,true,,6719,420,250,250,https://www.blazedemo.com/purchase.php,289,0,0
1774386506249,685,1 - Acessar Home,200,OK,Teste de Carga - 250 usuarios 1-173,text,true,,4757,120,250,250,https://www.blazedemo.com/,673,0,0
1774386506600,336,3 - Comprar Passagem,200,OK,Teste de Carga - 250 usuarios 1-120,text,true,,6719,420,250,250,https://www.blazedemo.com/purchase.php,324,0,0
1774386502587,4355,1 - Acessar Home,200,OK,Teste de Carga - 250 usuarios 1-202,text,true,,4757,120,250,250,https://www.blazedemo.com/,4341,0,0
1774386506579,367,2 - Escolher Voo,200,OK,Teste de Carga - 250 usuarios 1-81,text,true,,7381,250,250,250,https://www.blazedemo.com/reserve.php,347,0,0
1774386503739,3216,1 - Acessar Home,200,OK,Teste de Carga - 250 usuarios 1-7,text,true,,4757,120,250,250,https://www.blazedemo.com/,3205,0,0
1774386506664,291,3 - Comprar Passagem,200,OK,Teste de Carga - 250 usuarios 1-34,text,true,,6719,420,250,250,https://www.blazedemo.com/purchase.php,279,0,0
1774386505979,980,1 - Acessar Home,200,OK,Teste de Carga - 250 usuarios 1-53,text,true,,4757,120,250,250,https://www.blazedemo.com/,967,0,0
1774386506572,394,3 - Comprar Passagem,200,OK,Teste de Carga - 250 usuarios 1-55,text,true,,6719,420,250,250,https://www.blazedemo.com/purchase.php,381,0,0
1774386506306,670,2 - Escolher Voo,200,OK,Teste de Carga - 250 usuarios 1-248,text,true,,7381,250,250,250,https://www.blazedemo.com/reserve.php,653,0,0
1774386503552,3439,1 - Acessar Home,200,OK,Teste de Carga - 250 usuarios 1-200,text,true,,4757,120,250,250,https://www.blazedemo.com/,3427,0,0
1774386506614,377,3 - Comprar Passagem,200,OK,Teste de Carga - 250 usuarios 1-127,text,true,,6719,420,250,250,https://www.blazedemo.com/purchase.php,361,0,0
1774386505797,1199,1 - Acessar Home,200,OK,Teste de Carga - 250 usuarios 1-41,text,true,,4757,120,250,250,https://www.blazedemo.com/,1188,0,0
1774386505726,1272,3 - Comprar Passagem,200,OK,Teste de Carga - 250 usuarios 1-22,text,true,,6719,420,250,250,https://www.blazedemo.com/purchase.php,1260,0,0
1774386506693,305,3 - Comprar Passagem,200,OK,Teste de Carga - 250 usuarios 1-27,text,true,,6719,420,250,250,https://www.blazedemo.com/purchase.php,293,0,0
1774386506725,283,3 - Comprar Passagem,200,OK,Teste de Carga - 250 usuarios 1-17,text,true,,6719,420,250,250,https://www.blazedemo.com/purchase.php,274,0,0
1774386506142,868,2 - Escolher Voo,200,OK,Teste de Carga - 250 usuarios 1-25,text,true,,7381,250,250,250,https://www.blazedemo.com/reserve.php,847,0,0
1774386506633,377,3 - Comprar Passagem,200,OK,Teste de Carga - 250 usuarios 1-216,text,true,,6719,420,250,250,https://www.blazedemo.com/purchase.php,365,0,0
1774386506244,776,3 - Comprar Passagem,200,OK,Teste de Carga - 250 usuarios 1-52,text,true,,6719,420,250,250,https://www.blazedemo.com/purchase.php,759,0,0
1774386506719,301,1 - Acessar Home,200,OK,Teste de Carga - 250 usuarios 1-96,text,true,,4757,120,250,250,https://www.blazedemo.com/,288,0,0
1774386502608,4421,2 - Escolher Voo,200,OK,Teste de Carga - 250 usuarios 1-184,text,true,,7381,250,250,250,https://www.blazedemo.com/reserve.php,4400,0,0
1774386506784,245,1 - Acessar Home,200,OK,Teste de Carga - 250 usuarios 1-39,text,true,,4757,120,250,250,https://www.blazedemo.com/,233,0,0
1774386506747,288,3 - Comprar Passagem,200,OK,Teste de Carga - 250 usuarios 1-38,text,true,,6719,420,250,250,https://www.blazedemo.com/purchase.php,277,0,0
1774386506434,602,3 - Comprar Passagem,200,OK,Teste de Carga - 250 usuarios 1-9,text,true,,6719,420,250,250,https://www.blazedemo.com/purchase.php,591,0,0
1774386506717,321,1 - Acessar Home,200,OK,Teste de Carga - 250 usuarios 1-155,text,true,,4757,120,250,250,https://www.blazedemo.com/,309,0,0
1774386505818,1222,1 - Acessar Home,200,OK,Teste de Carga - 250 usuarios 1-213,text,true,,4757,120,250,250,https://www.blazedemo.com/,1211,0,0
1774386506788,253,3 - Comprar Passagem,200,OK,Teste de Carga - 250 usuarios 1-46,text,true,,6719,420,250,250,https://www.blazedemo.com/purchase.php,241,0,0
1774386505394,1647,1 - Acessar Home,200,OK,Teste de Carga - 250 usuarios 1-73,text,true,,4757,120,250,250,https://www.blazedemo.com/,1631,0,0
1774386506779,263,2 - Escolher Voo,200,OK,Teste de Carga - 250 usuarios 1-54,text,true,,7381,250,250,250,https://www.blazedemo.com/reserve.php,238,0,0
1774386506582,467,3 - Comprar Passagem,200,OK,Teste de Carga - 250 usuarios 1-154,text,true,,6719,420,250,250,https://www.blazedemo.com/purchase.php,454,0,0
1774386506760,289,3 - Comprar Passagem,200,OK,Teste de Carga - 250 usuarios 1-99,text,true,,6719,420,250,250,https://www.blazedemo.com/purchase.php,278,0,0
1774386506780,277,1 - Acessar Home,200,OK,Teste de Carga - 250 usuarios 1-89,text,true,,4757,120,250,250,https://www.blazedemo.com/,266,0,0
1774386506775,282,2 - Escolher Voo,200,OK,Teste de Carga - 250 usuarios 1-236,text,true,,7381,250,250,250,https://www.blazedemo.com/reserve.php,263,0,0
1774386506730,331,2 - Escolher Voo,200,OK,Teste de Carga - 250 usuarios 1-85,text,true,,7381,250,250,250,https://www.blazedemo.com/reserve.php,311,0,0
1774386506632,433,1 - Acessar Home,200,OK,Teste de Carga - 250 usuarios 1-51,text,true,,4757,120,250,250,https://www.blazedemo.com/,421,0,0
1774386506787,279,2 - Escolher Voo,200,OK,Teste de Carga - 250 usuarios 1-146,text,true,,7381,250,250,250,https://www.blazedemo.com/reserve.php,253,0,0
1774386503931,3143,3 - Comprar Passagem,200,OK,Teste de Carga - 250 usuarios 1-40,text,true,,6719,420,250,250,https://www.blazedemo.com/purchase.php,3132,0,0
1774386506726,349,2 - Escolher Voo,200,OK,Teste de Carga - 250 usuarios 1-174,text,true,,7381,250,250,250,https://www.blazedemo.com/reserve.php,333,0,0
1774386505757,1330,2 - Escolher Voo,200,OK,Teste de Carga - 250 usuarios 1-16,text,true,,7381,250,250,250,https://www.blazedemo.com/reserve.php,1310,0,0
1774386506150,942,1 - Acessar Home,200,OK,Teste de Carga - 250 usuarios 1-234,text,true,,4757,120,250,250,https://www.blazedemo.com/,930,0,0
1774386506401,693,2 - Escolher Voo,200,OK,Teste de Carga - 250 usuarios 1-19,text,true,,7381,250,250,250,https://www.blazedemo.com/reserve.php,673,0,0
1774386506818,283,1 - Acessar Home,200,OK,Teste de Carga - 250 usuarios 1-110,text,true,,4757,120,250,250,https://www.blazedemo.com/,270,0,0
1774386506518,591,3 - Comprar Passagem,200,OK,Teste de Carga - 250 usuarios 1-1,text,true,,6719,420,250,250,https://www.blazedemo.com/purchase.php,580,0,0
1774386506185,928,2 - Escolher Voo,200,OK,Teste de Carga - 250 usuarios 1-215,text,true,,7381,250,250,250,https://www.blazedemo.com/reserve.php,908,0,0
1774386506806,312,1 - Acessar Home,200,OK,Teste de Carga - 250 usuarios 1-3,text,true,,4757,120,250,250,https://www.blazedemo.com/,301,0,0
1774386506530,590,2 - Escolher Voo,200,OK,Teste de Carga - 250 usuarios 1-193,text,true,,7381,250,250,250,https://www.blazedemo.com/reserve.php,570,0,0
1774386506882,240,1 - Acessar Home,200,OK,Teste de Carga - 250 usuarios 1-62,text,true,,4757,120,250,250,https://www.blazedemo.com/,229,0,0
1774386505715,1409,1 - Acessar Home,200,OK,Teste de Carga - 250 usuarios 1-20,text,true,,4757,120,250,250,https://www.blazedemo.com/,1396,0,0
1774386502729,4395,2 - Escolher Voo,200,OK,Teste de Carga - 250 usuarios 1-100,text,true,,7381,250,250,250,https://www.blazedemo.com/reserve.php,4374,0,0
1774386506860,269,3 - Comprar Passagem,200,OK,Teste de Carga - 250 usuarios 1-64,text,true,,6719,420,250,250,https://www.blazedemo.com/purchase.php,257,0,0
1774386506862,277,2 - Escolher Voo,200,OK,Teste de Carga - 250 usuarios 1-75,text,true,,7381,250,250,250,https://www.blazedemo.com/reserve.php,256,0,0
1774386506797,351,1 - Acessar Home,200,OK,Teste de Carga - 250 usuarios 1-82,text,true,,4757,120,250,250,https://www.blazedemo.com/,339,0,0
1774386506891,263,2 - Escolher Voo,200,OK,Teste de Carga - 250 usuarios 1-74,text,true,,7381,250,250,250,https://www.blazedemo.com/reserve.php,243,0,0
1774386506859,298,2 - Escolher Voo,200,OK,Teste de Carga - 250 usuarios 1-170,text,true,,7381,250,250,250,https://www.blazedemo.com/reserve.php,277,0,0
1774386506882,275,3 - Comprar Passagem,200,OK,Teste de Carga - 250 usuarios 1-229,text,true,,6719,420,250,250,https://www.blazedemo.com/purchase.php,263,0,0
1774386506777,381,1 - Acessar Home,200,OK,Teste de Carga - 250 usuarios 1-205,text,true,,4757,120,250,250,https://www.blazedemo.com/,368,0,0
1774386506862,310,2 - Escolher Voo,200,OK,Teste de Carga - 250 usuarios 1-168,text,true,,7381,250,250,250,https://www.blazedemo.com/reserve.php,289,0,0
1774386506900,278,2 - Escolher Voo,200,OK,Teste de Carga - 250 usuarios 1-61,text,true,,7381,250,250,250,https://www.blazedemo.com/reserve.php,262,0,0
1774386506195,983,1 - Acessar Home,200,OK,Teste de Carga - 250 usuarios 1-179,text,true,,4757,120,250,250,https://www.blazedemo.com/,972,0,0
1774386506808,372,2 - Escolher Voo,200,OK,Teste de Carga - 250 usuarios 1-107,text,true,,7381,250,250,250,https://www.blazedemo.com/reserve.php,352,0,0
1774386506350,837,2 - Escolher Voo,200,OK,Teste de Carga - 250 usuarios 1-86,text,true,,7381,250,250,250,https://www.blazedemo.com/reserve.php,817,0,0
1774386505842,1347,1 - Acessar Home,200,OK,Teste de Carga - 250 usuarios 1-194,text,true,,4757,120,250,250,https://www.blazedemo.com/,1335,0,0
1774386506894,305,3 - Comprar Passagem,200,OK,Teste de Carga - 250 usuarios 1-249,text,true,,6719,420,250,250,https://www.blazedemo.com/purchase.php,295,0,0
1774386505859,1349,1 - Acessar Home,200,OK,Teste de Carga - 250 usuarios 1-128,text,true,,4757,120,250,250,https://www.blazedemo.com/,1337,0,0
1774386506966,243,1 - Acessar Home,200,OK,Teste de Carga - 250 usuarios 1-55,text,true,,4757,120,250,250,https://www.blazedemo.com/,230,0,0
1774386506926,286,3 - Comprar Passagem,200,OK,Teste de Carga - 250 usuarios 1-60,text,true,,6719,420,250,250,https://www.blazedemo.com/purchase.php,274,0,0
1774386506587,629,1 - Acessar Home,200,OK,Teste de Carga - 250 usuarios 1-237,text,true,,4757,120,250,250,https://www.blazedemo.com/,617,0,0
1774386502767,4453,1 - Acessar Home,200,OK,Teste de Carga - 250 usuarios 1-163,text,true,,4757,120,250,250,https://www.blazedemo.com/,4441,0,0
1774386503939,3281,2 - Escolher Voo,200,OK,Teste de Carga - 250 usuarios 1-70,text,true,,7381,250,250,250,https://www.blazedemo.com/reserve.php,3261,0,0
1774386506188,1036,2 - Escolher Voo,200,OK,Teste de Carga - 250 usuarios 1-219,text,true,,7381,250,250,250,https://www.blazedemo.com/reserve.php,1016,0,0
1774386505764,1463,1 - Acessar Home,200,OK,Teste de Carga - 250 usuarios 1-144,text,true,,4757,120,250,250,https://www.blazedemo.com/,1452,0,0
1774386506660,568,1 - Acessar Home,200,OK,Teste de Carga - 250 usuarios 1-92,text,true,,4757,120,250,250,https://www.blazedemo.com/,556,0,0
1774386503642,3586,3 - Comprar Passagem,200,OK,Teste de Carga - 250 usuarios 1-105,text,true,,6719,420,250,250,https://www.blazedemo.com/purchase.php,3574,0,0
1774386506934,301,2 - Escolher Voo,200,OK,Teste de Carga - 250 usuarios 1-173,text,true,,7381,250,250,250,https://www.blazedemo.com/reserve.php,280,0,0
1774386502901,4335,2 - Escolher Voo,200,OK,Teste de Carga - 250 usuarios 1-116,text,true,,7381,250,250,250,https://www.blazedemo.com/reserve.php,4313,0,0
1774386506889,353,3 - Comprar Passagem,200,OK,Teste de Carga - 250 usuarios 1-244,text,true,,6719,420,250,250,https://www.blazedemo.com/purchase.php,341,0,0
1774386506918,344,1 - Acessar Home,200,OK,Teste de Carga - 250 usuarios 1-67,text,true,,4757,120,250,250,https://www.blazedemo.com/,332,0,0
1774386506977,288,3 - Comprar Passagem,200,OK,Teste de Carga - 250 usuarios 1-248,text,true,,6719,420,250,250,https://www.blazedemo.com/purchase.php,276,0,0
1774386506936,331,1 - Acessar Home,200,OK,Teste de Carga - 250 usuarios 1-120,text,true,,4757,120,250,250,https://www.blazedemo.com/,319,0,0
1774386506790,478,3 - Comprar Passagem,200,OK,Teste de Carga - 250 usuarios 1-176,text,true,,6719,420,250,250,https://www.blazedemo.com/purchase.php,463,0,0
1774386506418,851,1 - Acessar Home,200,OK,Teste de Carga - 250 usuarios 1-159,text,true,,4757,120,250,250,https://www.blazedemo.com/,838,0,0
1774386505895,1383,1 - Acessar Home,200,OK,Teste de Carga - 250 usuarios 1-207,text,true,,4757,120,250,250,https://www.blazedemo.com/,1372,0,0
1774386506520,760,2 - Escolher Voo,200,OK,Teste de Carga - 250 usuarios 1-50,text,true,,7381,250,250,250,https://www.blazedemo.com/reserve.php,739,0,0
1774386506991,294,1 - Acessar Home,200,OK,Teste de Carga - 250 usuarios 1-127,text,true,,4757,120,250,250,https://www.blazedemo.com/,284,0,0
1774386507041,244,1 - Acessar Home,200,OK,Teste de Carga - 250 usuarios 1-46,text,true,,4757,120,250,250,https://www.blazedemo.com/,232,0,0
1774386506204,1083,1 - Acessar Home,200,OK,Teste de Carga - 250 usuarios 1-108,text,true,,4757,120,250,250,https://www.blazedemo.com/,1071,0,0
1774386506661,635,3 - Comprar Passagem,200,OK,Teste de Carga - 250 usuarios 1-31,text,true,,6719,420,250,250,https://www.blazedemo.com/purchase.php,623,0,0
1774386506640,663,1 - Acessar Home,200,OK,Teste de Carga - 250 usuarios 1-250,text,true,,4757,120,250,250,https://www.blazedemo.com/,650,0,0
1774386502946,4380,2 - Escolher Voo,200,OK,Teste de Carga - 250 usuarios 1-196,text,true,,7381,250,250,250,https://www.blazedemo.com/reserve.php,4358,0,0
1774386507050,278,1 - Acessar Home,200,OK,Teste de Carga - 250 usuarios 1-154,text,true,,4757,120,250,250,https://www.blazedemo.com/,266,0,0
1774386506721,609,3 - Comprar Passagem,200,OK,Teste de Carga - 250 usuarios 1-161,text,true,,6719,420,250,250,https://www.blazedemo.com/purchase.php,593,0,0
1774386506998,333,1 - Acessar Home,200,OK,Teste de Carga - 250 usuarios 1-27,text,true,,4757,120,250,250,https://www.blazedemo.com/,321,0,0
1774386506078,1258,1 - Acessar Home,200,OK,Teste de Carga - 250 usuarios 1-233,text,true,,4757,120,250,250,https://www.blazedemo.com/,1246,0,0
1774386505821,1518,1 - Acessar Home,200,OK,Teste de Carga - 250 usuarios 1-214,text,true,,4757,120,250,250,https://www.blazedemo.com/,1506,0,0
1774386503658,3682,1 - Acessar Home,200,OK,Teste de Carga - 250 usuarios 1-240,text,true,,4757,120,250,250,https://www.blazedemo.com/,3670,0,0
1774386507067,280,3 - Comprar Passagem,200,OK,Teste de Carga - 250 usuarios 1-146,text,true,,6719,420,250,250,https://www.blazedemo.com/purchase.php,268,0,0
1774386507057,299,3 - Comprar Passagem,200,OK,Teste de Carga - 250 usuarios 1-236,text,true,,6719,420,250,250,https://www.blazedemo.com/purchase.php,288,0,0
1774386506699,657,1 - Acessar Home,200,OK,Teste de Carga - 250 usuarios 1-209,text,true,,4757,120,250,250,https://www.blazedemo.com/,645,0,0
1774386507040,319,2 - Escolher Voo,200,OK,Teste de Carga - 250 usuarios 1-213,text,true,,7381,250,250,250,https://www.blazedemo.com/reserve.php,302,0,0
1774386506926,440,1 - Acessar Home,200,OK,Teste de Carga - 250 usuarios 1-18,text,true,,4757,120,250,250,https://www.blazedemo.com/,428,0,0
1774386506789,580,2 - Escolher Voo,200,OK,Teste de Carga - 250 usuarios 1-140,text,true,,7381,250,250,250,https://www.blazedemo.com/reserve.php,560,0,0
1774386506014,1356,1 - Acessar Home,200,OK,Teste de Carga - 250 usuarios 1-166,text,true,,4757,120,250,250,https://www.blazedemo.com/,1345,0,0
1774386507010,369,3 - Comprar Passagem,200,OK,Teste de Carga - 250 usuarios 1-25,text,true,,6719,420,250,250,https://www.blazedemo.com/purchase.php,357,0,0
1774386507110,272,1 - Acessar Home,200,OK,Teste de Carga - 250 usuarios 1-1,text,true,,4757,120,250,250,https://www.blazedemo.com/,260,0,0
1774386506311,1071,1 - Acessar Home,200,OK,Teste de Carga - 250 usuarios 1-109,text,true,,4757,120,250,250,https://www.blazedemo.com/,1059,0,0
1774386506087,1295,1 - Acessar Home,200,OK,Teste de Carga - 250 usuarios 1-83,text,true,,4757,120,250,250,https://www.blazedemo.com/,1283,0,0
1774386506776,609,1 - Acessar Home,200,OK,Teste de Carga - 250 usuarios 1-203,text,true,,4757,120,250,250,https://www.blazedemo.com/,598,0,0
1774386506232,1171,2 - Escolher Voo,200,OK,Teste de Carga - 250 usuarios 1-150,text,true,,7381,250,250,250,https://www.blazedemo.com/reserve.php,1151,0,0
1774386507075,337,3 - Comprar Passagem,200,OK,Teste de Carga - 250 usuarios 1-174,text,true,,6719,420,250,250,https://www.blazedemo.com/purchase.php,333,0,0
1774386506725,694,2 - Escolher Voo,200,OK,Teste de Carga - 250 usuarios 1-224,text,true,,7381,250,250,250,https://www.blazedemo.com/reserve.php,673,0,0
1774386503010,4409,1 - Acessar Home,200,OK,Teste de Carga - 250 usuarios 1-134,text,true,,4757,120,250,250,https://www.blazedemo.com/,4398,0,0
1774386507148,272,2 - Escolher Voo,200,OK,Teste de Carga - 250 usuarios 1-82,text,true,,7381,250,250,250,https://www.blazedemo.com/reserve.php,251,0,0
1774386507113,313,3 - Comprar Passagem,200,OK,Teste de Carga - 250 usuarios 1-215,text,true,,6719,420,250,250,https://www.blazedemo.com/purchase.php,301,0,0
1774386504088,3346,1 - Acessar Home,200,OK,Teste de Carga - 250 usuarios 1-230,text,true,,4757,120,250,250,https://www.blazedemo.com/,3334,0,0
1774386503000,4439,1 - Acessar Home,200,OK,Teste de Carga - 250 usuarios 1-33,text,true,,4757,120,250,250,https://www.blazedemo.com/,4426,0,0
1774386505865,1580,2 - Escolher Voo,200,OK,Teste de Carga - 250 usuarios 1-76,text,true,,7381,250,250,250,https://www.blazedemo.com/reserve.php,1561,0,0
1774386507157,288,3 - Comprar Passagem,200,OK,Teste de Carga - 250 usuarios 1-170,text,true,,6719,420,250,250,https://www.blazedemo.com/purchase.php,276,0,0
1774386503676,3773,2 - Escolher Voo,200,OK,Teste de Carga - 250 usuarios 1-122,text,true,,7381,250,250,250,https://www.blazedemo.com/reserve.php,3752,0,0
1774386507179,270,3 - Comprar Passagem,200,OK,Teste de Carga - 250 usuarios 1-61,text,true,,6719,420,250,250,https://www.blazedemo.com/purchase.php,258,0,0
1774386506947,506,3 - Comprar Passagem,200,OK,Teste de Carga - 250 usuarios 1-81,text,true,,6719,420,250,250,https://www.blazedemo.com/purchase.php,495,0,0
1774386506114,1342,2 - Escolher Voo,200,OK,Teste de Carga - 250 usuarios 1-177,text,true,,7381,250,250,250,https://www.blazedemo.com/reserve.php,1322,0,0
1774386507124,336,2 - Escolher Voo,200,OK,Teste de Carga - 250 usuarios 1-20,text,true,,7381,250,250,250,https://www.blazedemo.com/reserve.php,318,0,0
1774386507189,274,2 - Escolher Voo,200,OK,Teste de Carga - 250 usuarios 1-194,text,true,,7381,250,250,250,https://www.blazedemo.com/reserve.php,254,0,0
1774386506955,508,1 - Acessar Home,200,OK,Teste de Carga - 250 usuarios 1-34,text,true,,4757,120,250,250,https://www.blazedemo.com/,496,0,0
1774386507158,305,2 - Escolher Voo,200,OK,Teste de Carga - 250 usuarios 1-205,text,true,,7381,250,250,250,https://www.blazedemo.com/reserve.php,288,0,0
1774386506138,1331,1 - Acessar Home,200,OK,Teste de Carga - 250 usuarios 1-156,text,true,,4757,120,250,250,https://www.blazedemo.com/,1319,0,0
1774386507020,450,2 - Escolher Voo,200,OK,Teste de Carga - 250 usuarios 1-96,text,true,,7381,250,250,250,https://www.blazedemo.com/reserve.php,430,0,0
1774386507216,279,2 - Escolher Voo,200,OK,Teste de Carga - 250 usuarios 1-237,text,true,,7381,250,250,250,https://www.blazedemo.com/reserve.php,258,0,0
1774386507268,228,1 - Acessar Home,200,OK,Teste de Carga - 250 usuarios 1-176,text,true,,4757,120,250,250,https://www.blazedemo.com/,217,0,0
1774386506472,1025,3 - Comprar Passagem,200,OK,Teste de Carga - 250 usuarios 1-160,text,true,,6719,420,250,250,https://www.blazedemo.com/purchase.php,1013,0,0
1774386506828,679,3 - Comprar Passagem,200,OK,Teste de Carga - 250 usuarios 1-226,text,true,,6719,420,250,250,https://www.blazedemo.com/purchase.php,667,0,0
1774386506996,512,2 - Escolher Voo,200,OK,Teste de Carga - 250 usuarios 1-41,text,true,,7381,250,250,250,https://www.blazedemo.com/reserve.php,491,0,0
1774386507228,283,2 - Escolher Voo,200,OK,Teste de Carga - 250 usuarios 1-92,text,true,,7381,250,250,250,https://www.blazedemo.com/reserve.php,260,0,0
1774386506310,1201,2 - Escolher Voo,200,OK,Teste de Carga - 250 usuarios 1-204,text,true,,7381,250,250,250,https://www.blazedemo.com/reserve.php,1181,0,0
1774386506262,1250,1 - Acessar Home,200,OK,Teste de Carga - 250 usuarios 1-158,text,true,,4757,120,250,250,https://www.blazedemo.com/,1239,0,0
1774386507130,387,1 - Acessar Home,200,OK,Teste de Carga - 250 usuarios 1-64,text,true,,4757,120,250,250,https://www.blazedemo.com/,376,0,0
1774386507227,291,2 - Escolher Voo,200,OK,Teste de Carga - 250 usuarios 1-144,text,true,,7381,250,250,250,https://www.blazedemo.com/reserve.php,270,0,0
1774386507243,277,1 - Acessar Home,200,OK,Teste de Carga - 250 usuarios 1-244,text,true,,4757,120,250,250,https://www.blazedemo.com/,265,0,0
1774386507220,307,2 - Escolher Voo,200,OK,Teste de Carga - 250 usuarios 1-163,text,true,,7381,250,250,250,https://www.blazedemo.com/reserve.php,287,0,0
1774386504141,3389,1 - Acessar Home,200,OK,Teste de Carga - 250 usuarios 1-121,text,true,,4757,120,250,250,https://www.blazedemo.com/,3378,0,0
1774386503070,4471,2 - Escolher Voo,200,OK,Teste de Carga - 250 usuarios 1-88,text,true,,7381,250,250,250,https://www.blazedemo.com/reserve.php,4455,0,0
1774386503030,4513,3 - Comprar Passagem,200,OK,Teste de Carga - 250 usuarios 1-195,text,true,,6719,420,250,250,https://www.blazedemo.com/purchase.php,4499,0,0
1774386503681,3864,2 - Escolher Voo,200,OK,Teste de Carga - 250 usuarios 1-180,text,true,,7381,250,250,250,https://www.blazedemo.com/reserve.php,3848,0,0
1774386507029,517,3 - Comprar Passagem,200,OK,Teste de Carga - 250 usuarios 1-184,text,true,,6719,420,250,250,https://www.blazedemo.com/purchase.php,501,0,0
1774386507187,361,3 - Comprar Passagem,200,OK,Teste de Carga - 250 usuarios 1-86,text,true,,6719,420,250,250,https://www.blazedemo.com/purchase.php,349,0,0
1774386507101,448,2 - Escolher Voo,200,OK,Teste de Carga - 250 usuarios 1-110,text,true,,7381,250,250,250,https://www.blazedemo.com/reserve.php,428,0,0
1774386506213,1341,1 - Acessar Home,200,OK,Teste de Carga - 250 usuarios 1-24,text,true,,4757,120,250,250,https://www.blazedemo.com/,1330,0,0
1774386507065,497,2 - Escolher Voo,200,OK,Teste de Carga - 250 usuarios 1-51,text,true,,7381,250,250,250,https://www.blazedemo.com/reserve.php,477,0,0
1774386507095,471,3 - Comprar Passagem,200,OK,Teste de Carga - 250 usuarios 1-19,text,true,,6719,420,250,250,https://www.blazedemo.com/purchase.php,460,0,0
1774386507029,537,2 - Escolher Voo,200,OK,Teste de Carga - 250 usuarios 1-39,text,true,,7381,250,250,250,https://www.blazedemo.com/reserve.php,511,0,0
1774386507225,342,3 - Comprar Passagem,200,OK,Teste de Carga - 250 usuarios 1-219,text,true,,6719,420,250,250,https://www.blazedemo.com/purchase.php,326,0,0
1774386507287,282,2 - Escolher Voo,200,OK,Teste de Carga - 250 usuarios 1-108,text,true,,7381,250,250,250,https://www.blazedemo.com/reserve.php,262,0,0
1774386507267,305,2 - Escolher Voo,200,OK,Teste de Carga - 250 usuarios 1-120,text,true,,7381,250,250,250,https://www.blazedemo.com/reserve.php,289,0,0
1774386507036,549,1 - Acessar Home,200,OK,Teste de Carga - 250 usuarios 1-9,text,true,,4757,120,250,250,https://www.blazedemo.com/,537,0,0
1774386506513,1073,1 - Acessar Home,200,OK,Teste de Carga - 250 usuarios 1-167,text,true,,4757,120,250,250,https://www.blazedemo.com/,1060,0,0
1774386506351,1251,1 - Acessar Home,200,OK,Teste de Carga - 250 usuarios 1-210,text,true,,4757,120,250,250,https://www.blazedemo.com/,1239,0,0
1774386507340,265,2 - Escolher Voo,200,OK,Teste de Carga - 250 usuarios 1-240,text,true,,7381,250,250,250,https://www.blazedemo.com/reserve.php,245,0,0
1774386506849,761,2 - Escolher Voo,200,OK,Teste de Carga - 250 usuarios 1-58,text,true,,7381,250,250,250,https://www.blazedemo.com/reserve.php,741,0,0
1774386507328,287,2 - Escolher Voo,200,OK,Teste de Carga - 250 usuarios 1-154,text,true,,7381,250,250,250,https://www.blazedemo.com/reserve.php,268,0,0
1774386506374,1243,1 - Acessar Home,200,OK,Teste de Carga - 250 usuarios 1-136,text,true,,4757,120,250,250,https://www.blazedemo.com/,1229,0,0
1774386506316,1301,3 - Comprar Passagem,200,OK,Teste de Carga - 250 usuarios 1-71,text,true,,6719,420,250,250,https://www.blazedemo.com/purchase.php,1290,0,0
1774386507326,296,3 - Comprar Passagem,200,OK,Teste de Carga - 250 usuarios 1-196,text,true,,6719,420,250,250,https://www.blazedemo.com/purchase.php,284,0,0
1774386507180,446,3 - Comprar Passagem,200,OK,Teste de Carga - 250 usuarios 1-107,text,true,,6719,420,250,250,https://www.blazedemo.com/purchase.php,433,0,0
1774386507331,297,2 - Escolher Voo,200,OK,Teste de Carga - 250 usuarios 1-27,text,true,,7381,250,250,250,https://www.blazedemo.com/reserve.php,280,0,0
1774386507118,514,2 - Escolher Voo,200,OK,Teste de Carga - 250 usuarios 1-3,text,true,,7381,250,250,250,https://www.blazedemo.com/reserve.php,494,0,0
1774386507296,340,1 - Acessar Home,200,OK,Teste de Carga - 250 usuarios 1-31,text,true,,4757,120,250,250,https://www.blazedemo.com/,327,0,0
1774386503221,4417,1 - Acessar Home,200,OK,Teste de Carga - 250 usuarios 1-63,text,true,,4757,120,250,250,https://www.blazedemo.com/,4404,0,0
1774386507382,261,2 - Escolher Voo,200,OK,Teste de Carga - 250 usuarios 1-1,text,true,,7381,250,250,250,https://www.blazedemo.com/reserve.php,241,0,0
1774386503428,4217,3 - Comprar Passagem,200,OK,Teste de Carga - 250 usuarios 1-21,text,true,,6719,420,250,250,https://www.blazedemo.com/purchase.php,4204,0,0
1774386507303,361,2 - Escolher Voo,200,OK,Teste de Carga - 250 usuarios 1-250,text,true,,7381,250,250,250,https://www.blazedemo.com/reserve.php,339,0,0
1774386507199,476,1 - Acessar Home,200,OK,Teste de Carga - 250 usuarios 1-249,text,true,,4757,120,250,250,https://www.blazedemo.com/,464,0,0
1774386507382,297,2 - Escolher Voo,200,OK,Teste de Carga - 250 usuarios 1-83,text,true,,7381,250,250,250,https://www.blazedemo.com/reserve.php,277,0,0
1774386507262,417,2 - Escolher Voo,200,OK,Teste de Carga - 250 usuarios 1-67,text,true,,7381,250,250,250,https://www.blazedemo.com/reserve.php,396,0,0
1774386506370,1312,2 - Escolher Voo,200,OK,Teste de Carga - 250 usuarios 1-15,text,true,,7381,250,250,250,https://www.blazedemo.com/reserve.php,1295,0,0
1774386507403,284,3 - Comprar Passagem,200,OK,Teste de Carga - 250 usuarios 1-150,text,true,,6719,420,250,250,https://www.blazedemo.com/purchase.php,272,0,0
1774386507357,334,2 - Escolher Voo,200,OK,Teste de Carga - 250 usuarios 1-209,text,true,,7381,250,250,250,https://www.blazedemo.com/reserve.php,318,0,0
1774386506516,1176,1 - Acessar Home,200,OK,Teste de Carga - 250 usuarios 1-103,text,true,,4757,120,250,250,https://www.blazedemo.com/,1164,0,0
1774386507036,663,1 - Acessar Home,200,OK,Teste de Carga - 250 usuarios 1-38,text,true,,4757,120,250,250,https://www.blazedemo.com/,649,0,0
1774386507412,290,1 - Acessar Home,200,OK,Teste de Carga - 250 usuarios 1-174,text,true,,4757,120,250,250,https://www.blazedemo.com/,280,0,0
1774386507445,268,1 - Acessar Home,200,OK,Teste de Carga - 250 usuarios 1-170,text,true,,4757,120,250,250,https://www.blazedemo.com/,256,0,0
1774386503800,3915,3 - Comprar Passagem,200,OK,Teste de Carga - 250 usuarios 1-238,text,true,,6719,420,250,250,https://www.blazedemo.com/purchase.php,3902,0,0
1774386506379,1345,3 - Comprar Passagem,200,OK,Teste de Carga - 250 usuarios 1-30,text,true,,6719,420,250,250,https://www.blazedemo.com/purchase.php,1333,0,0
1774386506512,1231,2 - Escolher Voo,200,OK,Teste de Carga - 250 usuarios 1-12,text,true,,7381,250,250,250,https://www.blazedemo.com/reserve.php,1215,0,0
1774386507280,467,3 - Comprar Passagem,200,OK,Teste de Carga - 250 usuarios 1-50,text,true,,6719,420,250,250,https://www.blazedemo.com/purchase.php,456,0,0
1774386507419,328,3 - Comprar Passagem,200,OK,Teste de Carga - 250 usuarios 1-224,text,true,,6719,420,250,250,https://www.blazedemo.com/purchase.php,316,0,0
1774386503434,4314,1 - Acessar Home,200,OK,Teste de Carga - 250 usuarios 1-153,text,true,,4757,120,250,250,https://www.blazedemo.com/,4302,0,0
1774386503489,4260,3 - Comprar Passagem,200,OK,Teste de Carga - 250 usuarios 1-157,text,true,,6719,420,250,250,https://www.blazedemo.com/purchase.php,4247,0,0
1774386506467,1282,2 - Escolher Voo,200,OK,Teste de Carga - 250 usuarios 1-165,text,true,,7381,250,250,250,https://www.blazedemo.com/reserve.php,1264,0,0
1774386507382,368,2 - Escolher Voo,200,OK,Teste de Carga - 250 usuarios 1-109,text,true,,7381,250,250,250,https://www.blazedemo.com/reserve.php,348,0,0
1774386507123,644,2 - Escolher Voo,200,OK,Teste de Carga - 250 usuarios 1-62,text,true,,7381,250,250,250,https://www.blazedemo.com/reserve.php,623,0,0
1774386506530,1239,1 - Acessar Home,200,OK,Teste de Carga - 250 usuarios 1-77,text,true,,4757,120,250,250,https://www.blazedemo.com/,1228,0,0
1774386507419,355,2 - Escolher Voo,200,OK,Teste de Carga - 250 usuarios 1-134,text,true,,7381,250,250,250,https://www.blazedemo.com/reserve.php,334,0,0
1774386505991,1791,1 - Acessar Home,200,OK,Teste de Carga - 250 usuarios 1-56,text,true,,4757,120,250,250,https://www.blazedemo.com/,1779,0,0
1774386507155,627,3 - Comprar Passagem,200,OK,Teste de Carga - 250 usuarios 1-74,text,true,,6719,420,250,250,https://www.blazedemo.com/purchase.php,614,0,0
1774386507449,334,3 - Comprar Passagem,200,OK,Teste de Carga - 250 usuarios 1-122,text,true,,6719,420,250,250,https://www.blazedemo.com/purchase.php,322,0,0
1774386504184,3601,3 - Comprar Passagem,200,OK,Teste de Carga - 250 usuarios 1-227,text,true,,6719,420,250,250,https://www.blazedemo.com/purchase.php,3589,0,0
1774386507453,332,1 - Acessar Home,200,OK,Teste de Carga - 250 usuarios 1-81,text,true,,4757,120,250,250,https://www.blazedemo.com/,320,0,0
1774386507541,246,3 - Comprar Passagem,200,OK,Teste de Carga - 250 usuarios 1-88,text,true,,6719,420,250,250,https://www.blazedemo.com/purchase.php,234,0,0
1774386503892,3898,3 - Comprar Passagem,200,OK,Teste de Carga - 250 usuarios 1-133,text,true,,6719,420,250,250,https://www.blazedemo.com/purchase.php,3886,0,0
1774386507507,287,1 - Acessar Home,200,OK,Teste de Carga - 250 usuarios 1-226,text,true,,4757,120,250,250,https://www.blazedemo.com/,273,0,0
1774386507450,348,1 - Acessar Home,200,OK,Teste de Carga - 250 usuarios 1-61,text,true,,4757,120,250,250,https://www.blazedemo.com/,336,0,0
1774386506537,1264,3 - Comprar Passagem,200,OK,Teste de Carga - 250 usuarios 1-97,text,true,,6719,420,250,250,https://www.blazedemo.com/purchase.php,1252,0,0
1774386507511,294,3 - Comprar Passagem,200,OK,Teste de Carga - 250 usuarios 1-204,text,true,,6719,420,250,250,https://www.blazedemo.com/purchase.php,282,0,0
1774386506462,1347,1 - Acessar Home,200,OK,Teste de Carga - 250 usuarios 1-80,text,true,,4757,120,250,250,https://www.blazedemo.com/,1336,0,0
1774386507463,349,2 - Escolher Voo,200,OK,Teste de Carga - 250 usuarios 1-34,text,true,,7381,250,250,250,https://www.blazedemo.com/reserve.php,330,0,0
1774386506740,1090,3 - Comprar Passagem,200,OK,Teste de Carga - 250 usuarios 1-84,text,true,,6719,420,250,250,https://www.blazedemo.com/purchase.php,1078,0,0
1774386507212,623,1 - Acessar Home,200,OK,Teste de Carga - 250 usuarios 1-60,text,true,,4757,120,250,250,https://www.blazedemo.com/,612,0,0
1774386507470,369,3 - Comprar Passagem,200,OK,Teste de Carga - 250 usuarios 1-96,text,true,,6719,420,250,250,https://www.blazedemo.com/purchase.php,358,0,0
1774386507469,372,2 - Escolher Voo,200,OK,Teste de Carga - 250 usuarios 1-156,text,true,,7381,250,250,250,https://www.blazedemo.com/reserve.php,352,0,0
1774386507495,351,3 - Comprar Passagem,200,OK,Teste de Carga - 250 usuarios 1-237,text,true,,6719,420,250,250,https://www.blazedemo.com/purchase.php,338,0,0
1774386507463,383,3 - Comprar Passagem,200,OK,Teste de Carga - 250 usuarios 1-194,text,true,,6719,420,250,250,https://www.blazedemo.com/purchase.php,371,0,0
1774386507285,565,2 - Escolher Voo,200,OK,Teste de Carga - 250 usuarios 1-127,text,true,,7381,250,250,250,https://www.blazedemo.com/reserve.php,544,0,0
1774386507569,282,3 - Comprar Passagem,200,OK,Teste de Carga - 250 usuarios 1-108,text,true,,6719,420,250,250,https://www.blazedemo.com/purchase.php,269,0,0
1774386503541,4317,1 - Acessar Home,200,OK,Teste de Carga - 250 usuarios 1-208,text,true,,4757,120,250,250,https://www.blazedemo.com/,4306,0,0
1774386507586,275,2 - Escolher Voo,200,OK,Teste de Carga - 250 usuarios 1-167,text,true,,7381,250,250,250,https://www.blazedemo.com/reserve.php,255,0,0
1774386503516,4353,2 - Escolher Voo,200,OK,Teste de Carga - 250 usuarios 1-235,text,true,,7381,250,250,250,https://www.blazedemo.com/reserve.php,4331,0,0
1774386507359,518,3 - Comprar Passagem,200,OK,Teste de Carga - 250 usuarios 1-213,text,true,,6719,420,250,250,https://www.blazedemo.com/purchase.php,505,0,0
1774386507434,445,2 - Escolher Voo,200,OK,Teste de Carga - 250 usuarios 1-230,text,true,,7381,250,250,250,https://www.blazedemo.com/reserve.php,425,0,0
1774386507527,352,3 - Comprar Passagem,200,OK,Teste de Carga - 250 usuarios 1-163,text,true,,6719,420,250,250,https://www.blazedemo.com/purchase.php,342,0,0
1774386506018,1866,2 - Escolher Voo,200,OK,Teste de Carga - 250 usuarios 1-206,text,true,,7381,250,250,250,https://www.blazedemo.com/reserve.php,1845,0,0
1774386507530,359,2 - Escolher Voo,200,OK,Teste de Carga - 250 usuarios 1-121,text,true,,7381,250,250,250,https://www.blazedemo.com/reserve.php,339,0,0
1774386507518,372,3 - Comprar Passagem,200,OK,Teste de Carga - 250 usuarios 1-144,text,true,,6719,420,250,250,https://www.blazedemo.com/purchase.php,360,0,0
1774386507617,277,2 - Escolher Voo,200,OK,Teste de Carga - 250 usuarios 1-136,text,true,,7381,250,250,250,https://www.blazedemo.com/reserve.php,255,0,0
1774386503949,3945,1 - Acessar Home,200,OK,Teste de Carga - 250 usuarios 1-148,text,true,,4757,120,250,250,https://www.blazedemo.com/,3933,0,0
1774386507093,801,2 - Escolher Voo,200,OK,Teste de Carga - 250 usuarios 1-234,text,true,,7381,250,250,250,https://www.blazedemo.com/reserve.php,781,0,0
1774386507636,266,2 - Escolher Voo,200,OK,Teste de Carga - 250 usuarios 1-31,text,true,,7381,250,250,250,https://www.blazedemo.com/reserve.php,245,0,0
1774386504464,3445,2 - Escolher Voo,200,OK,Teste de Carga - 250 usuarios 1-152,text,true,,7381,250,250,250,https://www.blazedemo.com/reserve.php,3424,0,0
1774386507632,278,3 - Comprar Passagem,200,OK,Teste de Carga - 250 usuarios 1-3,text,true,,6719,420,250,250,https://www.blazedemo.com/purchase.php,266,0,0
1774386507562,351,3 - Comprar Passagem,200,OK,Teste de Carga - 250 usuarios 1-51,text,true,,6719,420,250,250,https://www.blazedemo.com/purchase.php,336,0,0
1774386506585,1333,1 - Acessar Home,200,OK,Teste de Carga - 250 usuarios 1-130,text,true,,4757,120,250,250,https://www.blazedemo.com/,1321,0,0
1774386507643,279,3 - Comprar Passagem,200,OK,Teste de Carga - 250 usuarios 1-1,text,true,,6719,420,250,250,https://www.blazedemo.com/purchase.php,267,0,0
1774386506742,1181,1 - Acessar Home,200,OK,Teste de Carga - 250 usuarios 1-79,text,true,,4757,120,250,250,https://www.blazedemo.com/,1170,0,0
1774386507330,606,1 - Acessar Home,200,OK,Teste de Carga - 250 usuarios 1-161,text,true,,4757,120,250,250,https://www.blazedemo.com/,593,0,0
1774386507566,373,1 - Acessar Home,200,OK,Teste de Carga - 250 usuarios 1-19,text,true,,4757,120,250,250,https://www.blazedemo.com/,361,0,0
1774386507545,398,3 - Comprar Passagem,200,OK,Teste de Carga - 250 usuarios 1-180,text,true,,6719,420,250,250,https://www.blazedemo.com/purchase.php,386,0,0
1774386507336,607,2 - Escolher Voo,200,OK,Teste de Carga - 250 usuarios 1-233,text,true,,7381,250,250,250,https://www.blazedemo.com/reserve.php,586,0,0
1774386507439,507,2 - Escolher Voo,200,OK,Teste de Carga - 250 usuarios 1-33,text,true,,7381,250,250,250,https://www.blazedemo.com/reserve.php,486,0,0
1774386507664,288,3 - Comprar Passagem,200,OK,Teste de Carga - 250 usuarios 1-250,text,true,,6719,420,250,250,https://www.blazedemo.com/purchase.php,275,0,0
1774386506561,1397,2 - Escolher Voo,200,OK,Teste de Carga - 250 usuarios 1-221,text,true,,7381,250,250,250,https://www.blazedemo.com/reserve.php,1381,0,0
1774386507622,337,1 - Acessar Home,200,OK,Teste de Carga - 250 usuarios 1-196,text,true,,4757,120,250,250,https://www.blazedemo.com/,324,0,0
1774386507692,275,2 - Escolher Voo,200,OK,Teste de Carga - 250 usuarios 1-103,text,true,,7381,250,250,250,https://www.blazedemo.com/reserve.php,254,0,0
1774386503725,4243,2 - Escolher Voo,200,OK,Teste de Carga - 250 usuarios 1-117,text,true,,7381,250,250,250,https://www.blazedemo.com/reserve.php,4227,0,0
1774386507512,465,2 - Escolher Voo,200,OK,Teste de Carga - 250 usuarios 1-158,text,true,,7381,250,250,250,https://www.blazedemo.com/reserve.php,445,0,0
1774386503555,4422,3 - Comprar Passagem,200,OK,Teste de Carga - 250 usuarios 1-102,text,true,,6719,420,250,250,https://www.blazedemo.com/purchase.php,4410,0,0
1774386507209,773,2 - Escolher Voo,200,OK,Teste de Carga - 250 usuarios 1-55,text,true,,7381,250,250,250,https://www.blazedemo.com/reserve.php,758,0,0
1774386507610,375,3 - Comprar Passagem,200,OK,Teste de Carga - 250 usuarios 1-58,text,true,,6719,420,250,250,https://www.blazedemo.com/purchase.php,363,0,0
1774386507546,442,1 - Acessar Home,200,OK,Teste de Carga - 250 usuarios 1-184,text,true,,4757,120,250,250,https://www.blazedemo.com/,432,0,0
1774386507602,389,2 - Escolher Voo,200,OK,Teste de Carga - 250 usuarios 1-210,text,true,,7381,250,250,250,https://www.blazedemo.com/reserve.php,372,0,0
1774386506604,1393,2 - Escolher Voo,200,OK,Teste de Carga - 250 usuarios 1-175,text,true,,7381,250,250,250,https://www.blazedemo.com/reserve.php,1377,0,0
1774386507682,318,3 - Comprar Passagem,200,OK,Teste de Carga - 250 usuarios 1-15,text,true,,6719,420,250,250,https://www.blazedemo.com/purchase.php,306,0,0
1774386506833,1174,3 - Comprar Passagem,200,OK,Teste de Carga - 250 usuarios 1-13,text,true,,6719,420,250,250,https://www.blazedemo.com/purchase.php,1158,0,0
1774386504203,3809,3 - Comprar Passagem,200,OK,Teste de Carga - 250 usuarios 1-112,text,true,,6719,420,250,250,https://www.blazedemo.com/purchase.php,3797,0,0
1774386507715,301,1 - Acessar Home,200,OK,Teste de Carga - 250 usuarios 1-238,text,true,,4757,120,250,250,https://www.blazedemo.com/,289,0,0
1774386507379,640,1 - Acessar Home,200,OK,Teste de Carga - 250 usuarios 1-25,text,true,,4757,120,250,250,https://www.blazedemo.com/,629,0,0
1774386507638,389,2 - Escolher Voo,200,OK,Teste de Carga - 250 usuarios 1-63,text,true,,7381,250,250,250,https://www.blazedemo.com/reserve.php,367,0,0
1774386507456,576,3 - Comprar Passagem,200,OK,Teste de Carga - 250 usuarios 1-177,text,true,,6719,420,250,250,https://www.blazedemo.com/purchase.php,563,0,0
1774386507783,255,1 - Acessar Home,200,OK,Teste de Carga - 250 usuarios 1-122,text,true,,4757,120,250,250,https://www.blazedemo.com/,243,0,0
1774386507554,492,2 - Escolher Voo,200,OK,Teste de Carga - 250 usuarios 1-24,text,true,,7381,250,250,250,https://www.blazedemo.com/reserve.php,471,0,0
1774386507645,402,1 - Acessar Home,200,OK,Teste de Carga - 250 usuarios 1-21,text,true,,4757,120,250,250,https://www.blazedemo.com/,390,0,0
1774386503731,4318,1 - Acessar Home,200,OK,Teste de Carga - 250 usuarios 1-111,text,true,,4757,120,250,250,https://www.blazedemo.com/,4306,0,0
1774386507713,341,2 - Escolher Voo,200,OK,Teste de Carga - 250 usuarios 1-170,text,true,,7381,250,250,250,https://www.blazedemo.com/reserve.php,321,0,0
1774386507617,443,1 - Acessar Home,200,OK,Teste de Carga - 250 usuarios 1-71,text,true,,4757,120,250,250,https://www.blazedemo.com/,430,0,0
1774386506047,2013,3 - Comprar Passagem,200,OK,Teste de Carga - 250 usuarios 1-182,text,true,,6719,420,250,250,https://www.blazedemo.com/purchase.php,2002,0,0
1774386507463,606,3 - Comprar Passagem,200,OK,Teste de Carga - 250 usuarios 1-205,text,true,,6719,420,250,250,https://www.blazedemo.com/purchase.php,594,0,0
1774386506615,1459,1 - Acessar Home,200,OK,Teste de Carga - 250 usuarios 1-42,text,true,,4757,120,250,250,https://www.blazedemo.com/,1447,0,0
1774386507805,271,1 - Acessar Home,200,OK,Teste de Carga - 250 usuarios 1-204,text,true,,4757,120,250,250,https://www.blazedemo.com/,259,0,0
1774386507774,307,3 - Comprar Passagem,200,OK,Teste de Carga - 250 usuarios 1-134,text,true,,6719,420,250,250,https://www.blazedemo.com/purchase.php,294,0,0
1774386507813,282,3 - Comprar Passagem,200,OK,Teste de Carga - 250 usuarios 1-34,text,true,,6719,420,250,250,https://www.blazedemo.com/purchase.php,270,0,0
1774386507724,374,1 - Acessar Home,200,OK,Teste de Carga - 250 usuarios 1-30,text,true,,4757,120,250,250,https://www.blazedemo.com/,363,0,0
1774386506942,1161,2 - Escolher Voo,200,OK,Teste de Carga - 250 usuarios 1-202,text,true,,7381,250,250,250,https://www.blazedemo.com/reserve.php,1141,0,0
1774386504500,3606,2 - Escolher Voo,200,OK,Teste de Carga - 250 usuarios 1-28,text,true,,7381,250,250,250,https://www.blazedemo.com/reserve.php,3590,0,0
1774386507087,1023,3 - Comprar Passagem,200,OK,Teste de Carga - 250 usuarios 1-16,text,true,,6719,420,250,250,https://www.blazedemo.com/purchase.php,1011,0,0
1774386506859,1252,2 - Escolher Voo,200,OK,Teste de Carga - 250 usuarios 1-225,text,true,,7381,250,250,250,https://www.blazedemo.com/reserve.php,1232,0,0
1774386507747,366,1 - Acessar Home,200,OK,Teste de Carga - 250 usuarios 1-224,text,true,,4757,120,250,250,https://www.blazedemo.com/,355,0,0
1774386507568,553,1 - Acessar Home,200,OK,Teste de Carga - 250 usuarios 1-219,text,true,,4757,120,250,250,https://www.blazedemo.com/,541,0,0
1774386507858,265,2 - Escolher Voo,200,OK,Teste de Carga - 250 usuarios 1-208,text,true,,7381,250,250,250,https://www.blazedemo.com/reserve.php,248,0,0
1774386507692,450,3 - Comprar Passagem,200,OK,Teste de Carga - 250 usuarios 1-209,text,true,,6719,420,250,250,https://www.blazedemo.com/purchase.php,437,0,0
1774386507846,300,1 - Acessar Home,200,OK,Teste de Carga - 250 usuarios 1-194,text,true,,4757,120,250,250,https://www.blazedemo.com/,288,0,0
1774386507750,396,3 - Comprar Passagem,200,OK,Teste de Carga - 250 usuarios 1-109,text,true,,6719,420,250,250,https://www.blazedemo.com/purchase.php,384,0,0
1774386506040,2108,2 - Escolher Voo,200,OK,Teste de Carga - 250 usuarios 1-93,text,true,,7381,250,250,250,https://www.blazedemo.com/reserve.php,2088,0,0
1774386503990,4165,1 - Acessar Home,200,OK,Teste de Carga - 250 usuarios 1-68,text,true,,4757,120,250,250,https://www.blazedemo.com/,4153,0,0
1774386507124,1031,3 - Comprar Passagem,200,OK,Teste de Carga - 250 usuarios 1-100,text,true,,6719,420,250,250,https://www.blazedemo.com/purchase.php,1020,0,0
1774386507703,456,2 - Escolher Voo,200,OK,Teste de Carga - 250 usuarios 1-174,text,true,,7381,250,250,250,https://www.blazedemo.com/reserve.php,439,0,0
1774386507787,372,1 - Acessar Home,200,OK,Teste de Carga - 250 usuarios 1-88,text,true,,4757,120,250,250,https://www.blazedemo.com/,361,0,0
1774386507884,297,3 - Comprar Passagem,200,OK,Teste de Carga - 250 usuarios 1-206,text,true,,6719,420,250,250,https://www.blazedemo.com/purchase.php,285,0,0
1774386507910,271,1 - Acessar Home,200,OK,Teste de Carga - 250 usuarios 1-3,text,true,,4757,120,250,250,https://www.blazedemo.com/,259,0,0
1774386507549,635,3 - Comprar Passagem,200,OK,Teste de Carga - 250 usuarios 1-110,text,true,,6719,420,250,250,https://www.blazedemo.com/purchase.php,623,0,0
1774386506807,1383,2 - Escolher Voo,200,OK,Teste de Carga - 250 usuarios 1-139,text,true,,7381,250,250,250,https://www.blazedemo.com/reserve.php,1362,0,0
1774386507869,324,3 - Comprar Passagem,200,OK,Teste de Carga - 250 usuarios 1-235,text,true,,6719,420,250,250,https://www.blazedemo.com/purchase.php,318,0,0
1774386507011,1182,1 - Acessar Home,200,OK,Teste de Carga - 250 usuarios 1-216,text,true,,4757,120,250,250,https://www.blazedemo.com/,1171,0,0
1774386507958,239,3 - Comprar Passagem,200,OK,Teste de Carga - 250 usuarios 1-221,text,true,,6719,420,250,250,https://www.blazedemo.com/purchase.php,227,0,0
1774386507943,256,1 - Acessar Home,200,OK,Teste de Carga - 250 usuarios 1-180,text,true,,4757,120,250,250,https://www.blazedemo.com/,244,0,0
1774386507782,417,2 - Escolher Voo,200,OK,Teste de Carga - 250 usuarios 1-56,text,true,,7381,250,250,250,https://www.blazedemo.com/reserve.php,397,0,0
1774386507836,363,2 - Escolher Voo,200,OK,Teste de Carga - 250 usuarios 1-60,text,true,,7381,250,250,250,https://www.blazedemo.com/reserve.php,343,0,0
1774386507794,411,2 - Escolher Voo,200,OK,Teste de Carga - 250 usuarios 1-226,text,true,,7381,250,250,250,https://www.blazedemo.com/reserve.php,396,0,0
1774386506866,1344,3 - Comprar Passagem,200,OK,Teste de Carga - 250 usuarios 1-220,text,true,,6719,420,250,250,https://www.blazedemo.com/purchase.php,1333,0,0
1774386507699,515,2 - Escolher Voo,200,OK,Teste de Carga - 250 usuarios 1-38,text,true,,7381,250,250,250,https://www.blazedemo.com/reserve.php,500,0,0
1774386504249,3970,2 - Escolher Voo,200,OK,Teste de Carga - 250 usuarios 1-211,text,true,,7381,250,250,250,https://www.blazedemo.com/reserve.php,3941,0,0
1774386507785,436,1 - Acessar Home,200,OK,Teste de Carga - 250 usuarios 1-227,text,true,,4757,120,250,250,https://www.blazedemo.com/,424,0,0
1774386504751,3475,1 - Acessar Home,200,OK,Teste de Carga - 250 usuarios 1-94,text,true,,4757,120,250,250,https://www.blazedemo.com/,3462,0,0
1774386506811,1421,3 - Comprar Passagem,200,OK,Teste de Carga - 250 usuarios 1-69,text,true,,6719,420,250,250,https://www.blazedemo.com/purchase.php,1409,0,0
1774386507889,344,3 - Comprar Passagem,200,OK,Teste de Carga - 250 usuarios 1-121,text,true,,6719,420,250,250,https://www.blazedemo.com/purchase.php,333,0,0
1774386507748,486,2 - Escolher Voo,200,OK,Teste de Carga - 250 usuarios 1-153,text,true,,7381,250,250,250,https://www.blazedemo.com/reserve.php,465,0,0
1774386507785,450,2 - Escolher Voo,200,OK,Teste de Carga - 250 usuarios 1-81,text,true,,7381,250,250,250,https://www.blazedemo.com/reserve.php,427,0,0
1774386507139,1099,3 - Comprar Passagem,200,OK,Teste de Carga - 250 usuarios 1-75,text,true,,6719,420,250,250,https://www.blazedemo.com/purchase.php,1081,0,0
1774386504063,4177,1 - Acessar Home,200,OK,Teste de Carga - 250 usuarios 1-8,text,true,,4757,120,250,250,https://www.blazedemo.com/,4165,0,0
1774386506094,2147,2 - Escolher Voo,200,OK,Teste de Carga - 250 usuarios 1-47,text,true,,7381,250,250,250,https://www.blazedemo.com/reserve.php,2130,0,0
1774386507850,403,3 - Comprar Passagem,200,OK,Teste de Carga - 250 usuarios 1-127,text,true,,6723,420,250,250,https://www.blazedemo.com/purchase.php,391,0,0
1774386507940,317,2 - Escolher Voo,200,OK,Teste de Carga - 250 usuarios 1-19,text,true,,7381,250,250,250,https://www.blazedemo.com/reserve.php,298,0,0
1774386507846,429,1 - Acessar Home,200,OK,Teste de Carga - 250 usuarios 1-237,text,true,,4757,120,250,250,https://www.blazedemo.com/,417,0,0
1774386507798,477,2 - Escolher Voo,200,OK,Teste de Carga - 250 usuarios 1-61,text,true,,7381,250,250,250,https://www.blazedemo.com/reserve.php,458,0,0
1774386507977,306,3 - Comprar Passagem,200,OK,Teste de Carga - 250 usuarios 1-158,text,true,,6719,420,250,250,https://www.blazedemo.com/purchase.php,293,0,0
1774386508046,237,3 - Comprar Passagem,200,OK,Teste de Carga - 250 usuarios 1-24,text,true,,6719,420,250,250,https://www.blazedemo.com/purchase.php,224,0,0
1774386507988,295,2 - Escolher Voo,200,OK,Teste de Carga - 250 usuarios 1-184,text,true,,7381,250,250,250,https://www.blazedemo.com/reserve.php,274,0,0
1774386507747,553,1 - Acessar Home,200,OK,Teste de Carga - 250 usuarios 1-50,text,true,,4757,120,250,250,https://www.blazedemo.com/,542,0,0
1774386506840,1460,3 - Comprar Passagem,200,OK,Teste de Carga - 250 usuarios 1-239,text,true,,6719,420,250,250,https://www.blazedemo.com/purchase.php,1449,0,0
1774386507977,328,1 - Acessar Home,200,OK,Teste de Carga - 250 usuarios 1-102,text,true,,4757,120,250,250,https://www.blazedemo.com/,315,0,0
1774386504277,4033,2 - Escolher Voo,200,OK,Teste de Carga - 250 usuarios 1-49,text,true,,7381,250,250,250,https://www.blazedemo.com/reserve.php,4015,0,0
1774386507985,325,1 - Acessar Home,200,OK,Teste de Carga - 250 usuarios 1-58,text,true,,4757,120,250,250,https://www.blazedemo.com/,312,0,0
1774386507877,435,1 - Acessar Home,200,OK,Teste de Carga - 250 usuarios 1-213,text,true,,4757,120,250,250,https://www.blazedemo.com/,422,0,0
1774386508008,308,1 - Acessar Home,200,OK,Teste de Carga - 250 usuarios 1-13,text,true,,4757,120,250,250,https://www.blazedemo.com/,299,0,0
1774386506873,1443,1 - Acessar Home,200,OK,Teste de Carga - 250 usuarios 1-181,text,true,,4757,120,250,250,https://www.blazedemo.com/,1430,0,0
1774386507943,376,3 - Comprar Passagem,200,OK,Teste de Carga - 250 usuarios 1-233,text,true,,6719,420,250,250,https://www.blazedemo.com/purchase.php,367,0,0
1774386507851,470,1 - Acessar Home,200,OK,Teste de Carga - 250 usuarios 1-108,text,true,,4757,120,250,250,https://www.blazedemo.com/,459,0,0
1774386508095,228,1 - Acessar Home,200,OK,Teste de Carga - 250 usuarios 1-34,text,true,,4757,120,250,250,https://www.blazedemo.com/,216,0,0
1774386507918,414,2 - Escolher Voo,200,OK,Teste de Carga - 250 usuarios 1-130,text,true,,7381,250,250,250,https://www.blazedemo.com/reserve.php,398,0,0
1774386504092,4249,1 - Acessar Home,200,OK,Teste de Carga - 250 usuarios 1-197,text,true,,4757,120,250,250,https://www.blazedemo.com/,4236,0,0
1774386507968,373,3 - Comprar Passagem,200,OK,Teste de Carga - 250 usuarios 1-117,text,true,,6719,420,250,250,https://www.blazedemo.com/purchase.php,356,0,0
1774386507041,1300,2 - Escolher Voo,200,OK,Teste de Carga - 250 usuarios 1-73,text,true,,7381,250,250,250,https://www.blazedemo.com/reserve.php,1282,0,0
1774386506144,2198,1 - Acessar Home,200,OK,Teste de Carga - 250 usuarios 1-45,text,true,,4757,120,250,250,https://www.blazedemo.com/,2192,0,0
1774386505041,3308,3 - Comprar Passagem,200,OK,Teste de Carga - 250 usuarios 1-26,text,true,,6719,420,250,250,https://www.blazedemo.com/purchase.php,3296,0,0
1774386507830,520,1 - Acessar Home,200,OK,Teste de Carga - 250 usuarios 1-84,text,true,,4757,120,250,250,https://www.blazedemo.com/,509,0,0
1774386507220,1141,3 - Comprar Passagem,200,OK,Teste de Carga - 250 usuarios 1-70,text,true,,6719,420,250,250,https://www.blazedemo.com/purchase.php,1128,0,0
1774386506895,1467,2 - Escolher Voo,200,OK,Teste de Carga - 250 usuarios 1-119,text,true,,7381,250,250,250,https://www.blazedemo.com/reserve.php,1447,0,0
1774386507879,485,3 - Comprar Passagem,200,OK,Teste de Carga - 250 usuarios 1-230,text,true,,6719,420,250,250,https://www.blazedemo.com/purchase.php,473,0,0
1774386508075,289,2 - Escolher Voo,200,OK,Teste de Carga - 250 usuarios 1-42,text,true,,7381,250,250,250,https://www.blazedemo.com/reserve.php,269,0,0
1774386508111,262,3 - Comprar Passagem,200,OK,Teste de Carga - 250 usuarios 1-225,text,true,,6719,420,250,250,https://www.blazedemo.com/purchase.php,250,0,0
1774386508081,297,1 - Acessar Home,200,OK,Teste de Carga - 250 usuarios 1-134,text,true,,4757,120,250,250,https://www.blazedemo.com/,286,0,0
1774386508027,360,3 - Comprar Passagem,200,OK,Teste de Carga - 250 usuarios 1-63,text,true,,6719,420,250,250,https://www.blazedemo.com/purchase.php,348,0,0
1774386508060,331,1 - Acessar Home,200,OK,Teste de Carga - 250 usuarios 1-182,text,true,,4757,120,250,250,https://www.blazedemo.com/,320,0,0
1774386508146,251,1 - Acessar Home,200,OK,Teste de Carga - 250 usuarios 1-109,text,true,,4757,120,250,250,https://www.blazedemo.com/,239,0,0
1774386507861,546,3 - Comprar Passagem,200,OK,Teste de Carga - 250 usuarios 1-167,text,true,,6719,420,250,250,https://www.blazedemo.com/purchase.php,534,0,0
1774386508123,284,3 - Comprar Passagem,200,OK,Teste de Carga - 250 usuarios 1-208,text,true,,6719,420,250,250,https://www.blazedemo.com/purchase.php,272,0,0
1774386507008,1409,1 - Acessar Home,200,OK,Teste de Carga - 250 usuarios 1-17,text,true,,4757,120,250,250,https://www.blazedemo.com/,1397,0,0
1774386504174,4244,2 - Escolher Voo,200,OK,Teste de Carga - 250 usuarios 1-142,text,true,,7381,250,250,250,https://www.blazedemo.com/reserve.php,4228,0,0
1774386504354,4066,1 - Acessar Home,200,OK,Teste de Carga - 250 usuarios 1-132,text,true,,4757,120,250,250,https://www.blazedemo.com/,4052,0,0
1774386508113,313,2 - Escolher Voo,200,OK,Teste de Carga - 250 usuarios 1-224,text,true,,7381,250,250,250,https://www.blazedemo.com/reserve.php,292,0,0
1774386508142,284,1 - Acessar Home,200,OK,Teste de Carga - 250 usuarios 1-209,text,true,,4757,120,250,250,https://www.blazedemo.com/,273,0,0
1774386508190,244,3 - Comprar Passagem,200,OK,Teste de Carga - 250 usuarios 1-139,text,true,,6719,420,250,250,https://www.blazedemo.com/purchase.php,228,0,0
1774386508060,377,2 - Escolher Voo,200,OK,Teste de Carga - 250 usuarios 1-71,text,true,,7381,250,250,250,https://www.blazedemo.com/reserve.php,360,0,0
1774386508155,285,2 - Escolher Voo,200,OK,Teste de Carga - 250 usuarios 1-68,text,true,,7381,250,250,250,https://www.blazedemo.com/reserve.php,265,0,0
1774386508019,421,2 - Escolher Voo,200,OK,Teste de Carga - 250 usuarios 1-25,text,true,,7381,250,250,250,https://www.blazedemo.com/reserve.php,401,0,0
1774386507902,542,3 - Comprar Passagem,200,OK,Teste de Carga - 250 usuarios 1-31,text,true,,6719,420,250,250,https://www.blazedemo.com/purchase.php,530,0,0
1774386507356,1091,1 - Acessar Home,200,OK,Teste de Carga - 250 usuarios 1-236,text,true,,4757,120,250,250,https://www.blazedemo.com/,1078,0,0
1774386508181,267,1 - Acessar Home,200,OK,Teste de Carga - 250 usuarios 1-206,text,true,,4757,120,250,250,https://www.blazedemo.com/,256,0,0
1774386508110,346,1 - Acessar Home,200,OK,Teste de Carga - 250 usuarios 1-16,text,true,,4757,120,250,250,https://www.blazedemo.com/,333,0,0
1774386508159,301,3 - Comprar Passagem,200,OK,Teste de Carga - 250 usuarios 1-174,text,true,,6719,420,250,250,https://www.blazedemo.com/purchase.php,289,0,0
1774386505103,3360,3 - Comprar Passagem,200,OK,Teste de Carga - 250 usuarios 1-6,text,true,,6719,420,250,250,https://www.blazedemo.com/purchase.php,3345,0,0
1774386507991,473,3 - Comprar Passagem,200,OK,Teste de Carga - 250 usuarios 1-210,text,true,,6719,420,250,250,https://www.blazedemo.com/purchase.php,459,0,0
1774386506152,2314,3 - Comprar Passagem,200,OK,Teste de Carga - 250 usuarios 1-199,text,true,,6719,420,250,250,https://www.blazedemo.com/purchase.php,2302,0,0
1774386508181,287,2 - Escolher Voo,200,OK,Teste de Carga - 250 usuarios 1-3,text,true,,7381,250,250,250,https://www.blazedemo.com/reserve.php,267,0,0
1774386508226,248,2 - Escolher Voo,200,OK,Teste de Carga - 250 usuarios 1-94,text,true,,7381,250,250,250,https://www.blazedemo.com/reserve.php,228,0,0
1774386507420,1056,3 - Comprar Passagem,200,OK,Teste de Carga - 250 usuarios 1-82,text,true,,6719,420,250,250,https://www.blazedemo.com/purchase.php,1043,0,0
1774386508219,257,3 - Comprar Passagem,200,OK,Teste de Carga - 250 usuarios 1-211,text,true,,6719,420,250,250,https://www.blazedemo.com/purchase.php,244,0,0
1774386508106,371,3 - Comprar Passagem,200,OK,Teste de Carga - 250 usuarios 1-28,text,true,,6719,420,250,250,https://www.blazedemo.com/purchase.php,358,0,0
1774386507894,584,3 - Comprar Passagem,200,OK,Teste de Carga - 250 usuarios 1-234,text,true,,6719,420,250,250,https://www.blazedemo.com/purchase.php,566,0,0
1774386506907,1586,3 - Comprar Passagem,200,OK,Teste de Carga - 250 usuarios 1-164,text,true,,6719,420,250,250,https://www.blazedemo.com/purchase.php,1570,0,0
1774386504313,4182,2 - Escolher Voo,200,OK,Teste de Carga - 250 usuarios 1-72,text,true,,7381,250,250,250,https://www.blazedemo.com/reserve.php,4167,0,0
1774386508238,262,1 - Acessar Home,200,OK,Teste de Carga - 250 usuarios 1-75,text,true,,4757,120,250,250,https://www.blazedemo.com/,250,0,0
1774386508193,309,1 - Acessar Home,200,OK,Teste de Carga - 250 usuarios 1-235,text,true,,4757,120,250,250,https://www.blazedemo.com/,296,0,0
1774386508205,304,3 - Comprar Passagem,200,OK,Teste de Carga - 250 usuarios 1-226,text,true,,6719,420,250,250,https://www.blazedemo.com/purchase.php,292,0,0
1774386508198,312,1 - Acessar Home,200,OK,Teste de Carga - 250 usuarios 1-221,text,true,,4757,120,250,250,https://www.blazedemo.com/,300,0,0
1774386508047,469,2 - Escolher Voo,200,OK,Teste de Carga - 250 usuarios 1-21,text,true,,7381,250,250,250,https://www.blazedemo.com/reserve.php,448,0,0
1774386508199,331,3 - Comprar Passagem,200,OK,Teste de Carga - 250 usuarios 1-60,text,true,,6719,420,250,250,https://www.blazedemo.com/purchase.php,319,0,0
1774386508241,298,3 - Comprar Passagem,200,OK,Teste de Carga - 250 usuarios 1-47,text,true,,6719,420,250,250,https://www.blazedemo.com/purchase.php,286,0,0
1774386508214,330,3 - Comprar Passagem,200,OK,Teste de Carga - 250 usuarios 1-38,text,true,,6719,420,250,250,https://www.blazedemo.com/purchase.php,318,0,0
1774386508232,320,1 - Acessar Home,200,OK,Teste de Carga - 250 usuarios 1-69,text,true,,4757,120,250,250,https://www.blazedemo.com/,308,0,0
1774386508275,280,3 - Comprar Passagem,200,OK,Teste de Carga - 250 usuarios 1-61,text,true,,6719,420,250,250,https://www.blazedemo.com/purchase.php,268,0,0
1774386508283,273,3 - Comprar Passagem,200,OK,Teste de Carga - 250 usuarios 1-184,text,true,,6719,420,250,250,https://www.blazedemo.com/purchase.php,263,0,0
1774386504536,4022,3 - Comprar Passagem,200,OK,Teste de Carga - 250 usuarios 1-241,text,true,,6719,420,250,250,https://www.blazedemo.com/purchase.php,4005,0,0
1774386507508,1054,3 - Comprar Passagem,200,OK,Teste de Carga - 250 usuarios 1-41,text,true,,6719,420,250,250,https://www.blazedemo.com/purchase.php,1043,0,0
1774386506959,1606,2 - Escolher Voo,200,OK,Teste de Carga - 250 usuarios 1-53,text,true,,7381,250,250,250,https://www.blazedemo.com/reserve.php,1588,0,0
1774386506177,2388,2 - Escolher Voo,200,OK,Teste de Carga - 250 usuarios 1-246,text,true,,7381,250,250,250,https://www.blazedemo.com/reserve.php,2369,0,0
1774386507497,1069,1 - Acessar Home,200,OK,Teste de Carga - 250 usuarios 1-160,text,true,,4757,120,250,250,https://www.blazedemo.com/,1058,0,0
1774386508283,290,1 - Acessar Home,200,OK,Teste de Carga - 250 usuarios 1-158,text,true,,4757,120,250,250,https://www.blazedemo.com/,277,0,0
1774386505445,3130,3 - Comprar Passagem,200,OK,Teste de Carga - 250 usuarios 1-189,text,true,,6719,420,250,250,https://www.blazedemo.com/purchase.php,3119,0,0
1774386508253,323,1 - Acessar Home,200,OK,Teste de Carga - 250 usuarios 1-127,text,true,,4757,120,250,250,https://www.blazedemo.com/,311,0,0
1774386508240,338,2 - Escolher Voo,200,OK,Teste de Carga - 250 usuarios 1-8,text,true,,7381,250,250,250,https://www.blazedemo.com/reserve.php,318,0,0
1774386504429,4156,3 - Comprar Passagem,200,OK,Teste de Carga - 250 usuarios 1-66,text,true,,6719,420,250,250,https://www.blazedemo.com/purchase.php,4143,0,0
1774386507445,1142,3 - Comprar Passagem,200,OK,Teste de Carga - 250 usuarios 1-76,text,true,,6719,420,250,250,https://www.blazedemo.com/purchase.php,1128,0,0
1774386508221,370,2 - Escolher Voo,200,OK,Teste de Carga - 250 usuarios 1-227,text,true,,7381,250,250,250,https://www.blazedemo.com/reserve.php,350,0,0
1774386508312,286,2 - Escolher Voo,200,OK,Teste de Carga - 250 usuarios 1-213,text,true,,7381,250,250,250,https://www.blazedemo.com/reserve.php,266,0,0
1774386508310,295,3 - Comprar Passagem,200,OK,Teste de Carga - 250 usuarios 1-49,text,true,,6719,420,250,250,https://www.blazedemo.com/purchase.php,283,0,0
1774386508310,302,2 - Escolher Voo,200,OK,Teste de Carga - 250 usuarios 1-58,text,true,,7381,250,250,250,https://www.blazedemo.com/reserve.php,277,0,0
1774386508341,273,3 - Comprar Passagem,200,OK,Teste de Carga - 250 usuarios 1-73,text,true,,6719,420,250,250,https://www.blazedemo.com/purchase.php,260,0,0
1774386508316,302,2 - Escolher Voo,200,OK,Teste de Carga - 250 usuarios 1-181,text,true,,7381,250,250,250,https://www.blazedemo.com/reserve.php,286,0,0
1774386508351,267,2 - Escolher Voo,200,OK,Teste de Carga - 250 usuarios 1-84,text,true,,7381,250,250,250,https://www.blazedemo.com/reserve.php,246,0,0
1774386507057,1563,2 - Escolher Voo,200,OK,Teste de Carga - 250 usuarios 1-89,text,true,,7381,250,250,250,https://www.blazedemo.com/reserve.php,1542,0,0
1774386508258,374,3 - Comprar Passagem,200,OK,Teste de Carga - 250 usuarios 1-19,text,true,,6719,420,250,250,https://www.blazedemo.com/purchase.php,363,0,0
1774386508320,315,1 - Acessar Home,200,OK,Teste de Carga - 250 usuarios 1-233,text,true,,4757,120,250,250,https://www.blazedemo.com/,304,0,0
1774386506998,1638,1 - Acessar Home,200,OK,Teste de Carga - 250 usuarios 1-22,text,true,,4757,120,250,250,https://www.blazedemo.com/,1627,0,0
1774386508276,361,2 - Escolher Voo,200,OK,Teste de Carga - 250 usuarios 1-237,text,true,,7381,250,250,250,https://www.blazedemo.com/reserve.php,340,0,0
1774386508283,356,1 - Acessar Home,200,OK,Teste de Carga - 250 usuarios 1-24,text,true,,4757,120,250,250,https://www.blazedemo.com/,344,0,0
1774386508378,266,2 - Escolher Voo,200,OK,Teste de Carga - 250 usuarios 1-134,text,true,,7381,250,250,250,https://www.blazedemo.com/reserve.php,246,0,0
1774386508333,329,3 - Comprar Passagem,200,OK,Teste de Carga - 250 usuarios 1-130,text,true,,6719,420,250,250,https://www.blazedemo.com/purchase.php,317,0,0
1774386508397,269,2 - Escolher Voo,200,OK,Teste de Carga - 250 usuarios 1-109,text,true,,7381,250,250,250,https://www.blazedemo.com/reserve.php,249,0,0
1774386507626,1049,1 - Acessar Home,200,OK,Teste de Carga - 250 usuarios 1-107,text,true,,4757,120,250,250,https://www.blazedemo.com/,1034,0,0
1774386506316,2360,1 - Acessar Home,200,OK,Teste de Carga - 250 usuarios 1-48,text,true,,4757,120,250,250,https://www.blazedemo.com/,2349,0,0
1774386507075,1603,1 - Acessar Home,200,OK,Teste de Carga - 250 usuarios 1-40,text,true,,4757,120,250,250,https://www.blazedemo.com/,1591,0,0
1774386507520,1163,2 - Escolher Voo,200,OK,Teste de Carga - 250 usuarios 1-244,text,true,,7381,250,250,250,https://www.blazedemo.com/reserve.php,1143,0,0
1774386507172,1512,3 - Comprar Passagem,200,OK,Teste de Carga - 250 usuarios 1-168,text,true,,6719,420,250,250,https://www.blazedemo.com/purchase.php,1501,0,0
1774386508364,324,3 - Comprar Passagem,200,OK,Teste de Carga - 250 usuarios 1-42,text,true,,6719,420,250,250,https://www.blazedemo.com/purchase.php,306,0,0
1774386508387,302,1 - Acessar Home,200,OK,Teste de Carga - 250 usuarios 1-63,text,true,,4757,120,250,250,https://www.blazedemo.com/,289,0,0
1774386504597,4093,3 - Comprar Passagem,200,OK,Teste de Carga - 250 usuarios 1-2,text,true,,6719,420,250,250,https://www.blazedemo.com/purchase.php,4082,0,0
1774386504613,4080,1 - Acessar Home,200,OK,Teste de Carga - 250 usuarios 1-247,text,true,,4757,120,250,250,https://www.blazedemo.com/,4068,0,0
1774386508407,290,1 - Acessar Home,200,OK,Teste de Carga - 250 usuarios 1-167,text,true,,4757,120,250,250,https://www.blazedemo.com/,277,0,0
1774386508418,281,3 - Comprar Passagem,200,OK,Teste de Carga - 250 usuarios 1-142,text,true,,6719,420,250,250,https://www.blazedemo.com/purchase.php,270,0,0
1774386508322,378,2 - Escolher Voo,200,OK,Teste de Carga - 250 usuarios 1-108,text,true,,7381,250,250,250,https://www.blazedemo.com/reserve.php,359,0,0
1774386506311,2390,3 - Comprar Passagem,200,OK,Teste de Carga - 250 usuarios 1-43,text,true,,6719,420,250,250,https://www.blazedemo.com/purchase.php,2373,0,0
1774386508426,280,2 - Escolher Voo,200,OK,Teste de Carga - 250 usuarios 1-209,text,true,,7381,250,250,250,https://www.blazedemo.com/reserve.php,264,0,0
1774386508305,405,2 - Escolher Voo,200,OK,Teste de Carga - 250 usuarios 1-102,text,true,,7381,250,250,250,https://www.blazedemo.com/reserve.php,383,0,0
1774386508362,351,3 - Comprar Passagem,200,OK,Teste de Carga - 250 usuarios 1-119,text,true,,6719,420,250,250,https://www.blazedemo.com/purchase.php,333,0,0
1774386508464,256,1 - Acessar Home,200,OK,Teste de Carga - 250 usuarios 1-210,text,true,,4757,120,250,250,https://www.blazedemo.com/,244,0,0
1774386508407,314,1 - Acessar Home,200,OK,Teste de Carga - 250 usuarios 1-208,text,true,,4757,120,250,250,https://www.blazedemo.com/,302,0,0
1774386508477,245,1 - Acessar Home,200,OK,Teste de Carga - 250 usuarios 1-28,text,true,,4757,120,250,250,https://www.blazedemo.com/,233,0,0
1774386505457,3266,3 - Comprar Passagem,200,OK,Teste de Carga - 250 usuarios 1-201,text,true,,6719,420,250,250,https://www.blazedemo.com/purchase.php,3252,0,0
1774386504668,4056,3 - Comprar Passagem,200,OK,Teste de Carga - 250 usuarios 1-186,text,true,,6719,420,250,250,https://www.blazedemo.com/purchase.php,4044,0,0
1774386508159,578,2 - Escolher Voo,200,OK,Teste de Carga - 250 usuarios 1-88,text,true,,7381,250,250,250,https://www.blazedemo.com/reserve.php,557,0,0
1774386508476,270,1 - Acessar Home,200,OK,Teste de Carga - 250 usuarios 1-211,text,true,,4757,120,250,250,https://www.blazedemo.com/,258,0,0
1774386508448,301,2 - Escolher Voo,200,OK,Teste de Carga - 250 usuarios 1-206,text,true,,7381,250,250,250,https://www.blazedemo.com/reserve.php,281,0,0
1774386507235,1515,3 - Comprar Passagem,200,OK,Teste de Carga - 250 usuarios 1-173,text,true,,6719,420,250,250,https://www.blazedemo.com/purchase.php,1505,0,0
1774386508420,331,2 - Escolher Voo,200,OK,Teste de Carga - 250 usuarios 1-132,text,true,,7381,250,250,250,https://www.blazedemo.com/reserve.php,311,0,0
1774386507120,1634,3 - Comprar Passagem,200,OK,Teste de Carga - 250 usuarios 1-193,text,true,,6719,420,250,250,https://www.blazedemo.com/purchase.php,1618,0,0
1774386508426,328,3 - Comprar Passagem,200,OK,Teste de Carga - 250 usuarios 1-224,text,true,,6719,420,250,250,https://www.blazedemo.com/purchase.php,316,0,0
1774386508456,302,2 - Escolher Voo,200,OK,Teste de Carga - 250 usuarios 1-16,text,true,,7381,250,250,250,https://www.blazedemo.com/reserve.php,282,0,0
1774386508494,286,1 - Acessar Home,200,OK,Teste de Carga - 250 usuarios 1-164,text,true,,4757,120,250,250,https://www.blazedemo.com/,274,0,0
1774386508502,281,2 - Escolher Voo,200,OK,Teste de Carga - 250 usuarios 1-235,text,true,,7381,250,250,250,https://www.blazedemo.com/reserve.php,262,0,0
1774386506335,2452,1 - Acessar Home,200,OK,Teste de Carga - 250 usuarios 1-98,text,true,,4757,120,250,250,https://www.blazedemo.com/,2440,0,0
1774386507460,1327,3 - Comprar Passagem,200,OK,Teste de Carga - 250 usuarios 1-20,text,true,,6719,420,250,250,https://www.blazedemo.com/purchase.php,1312,0,0
1774386508500,297,2 - Escolher Voo,200,OK,Teste de Carga - 250 usuarios 1-75,text,true,,7381,250,250,250,https://www.blazedemo.com/reserve.php,277,0,0
1774386508510,295,2 - Escolher Voo,200,OK,Teste de Carga - 250 usuarios 1-221,text,true,,7381,250,250,250,https://www.blazedemo.com/reserve.php,275,0,0
1774386508556,258,1 - Acessar Home,200,OK,Teste de Carga - 250 usuarios 1-61,text,true,,4757,120,250,250,https://www.blazedemo.com/,246,0,0
1774386508445,372,1 - Acessar Home,200,OK,Teste de Carga - 250 usuarios 1-31,text,true,,4757,120,250,250,https://www.blazedemo.com/,360,0,0
1774386508566,256,3 - Comprar Passagem,200,OK,Teste de Carga - 250 usuarios 1-53,text,true,,6719,420,250,250,https://www.blazedemo.com/purchase.php,244,0,0
1774386508539,284,1 - Acessar Home,200,OK,Teste de Carga - 250 usuarios 1-47,text,true,,4757,120,250,250,https://www.blazedemo.com/,272,0,0
1774386508210,615,1 - Acessar Home,200,OK,Teste de Carga - 250 usuarios 1-220,text,true,,4757,120,250,250,https://www.blazedemo.com/,603,0,0
1774386504737,4091,3 - Comprar Passagem,200,OK,Teste de Carga - 250 usuarios 1-91,text,true,,6719,420,250,250,https://www.blazedemo.com/purchase.php,4075,0,0
1774386505542,3295,3 - Comprar Passagem,200,OK,Teste de Carga - 250 usuarios 1-4,text,true,,6719,420,250,250,https://www.blazedemo.com/purchase.php,3278,0,0
1774386508552,285,2 - Escolher Voo,200,OK,Teste de Carga - 250 usuarios 1-69,text,true,,7381,250,250,250,https://www.blazedemo.com/reserve.php,264,0,0
1774386508587,259,1 - Acessar Home,200,OK,Teste de Carga - 250 usuarios 1-76,text,true,,4757,120,250,250,https://www.blazedemo.com/,247,0,0
1774386508578,270,3 - Comprar Passagem,200,OK,Teste de Carga - 250 usuarios 1-8,text,true,,6719,420,250,250,https://www.blazedemo.com/purchase.php,259,0,0
1774386508558,291,1 - Acessar Home,200,OK,Teste de Carga - 250 usuarios 1-241,text,true,,4757,120,250,250,https://www.blazedemo.com/,280,0,0
1774386508557,293,1 - Acessar Home,200,OK,Teste de Carga - 250 usuarios 1-184,text,true,,4757,120,250,250,https://www.blazedemo.com/,282,0,0
1774386507496,1356,2 - Escolher Voo,200,OK,Teste de Carga - 250 usuarios 1-176,text,true,,7381,250,250,250,https://www.blazedemo.com/reserve.php,1336,0,0
1774386508563,294,1 - Acessar Home,200,OK,Teste de Carga - 250 usuarios 1-41,text,true,,4757,120,250,250,https://www.blazedemo.com/,282,0,0
1774386508566,291,2 - Escolher Voo,200,OK,Teste de Carga - 250 usuarios 1-160,text,true,,7381,250,250,250,https://www.blazedemo.com/reserve.php,275,0,0
1774386508618,242,3 - Comprar Passagem,200,OK,Teste de Carga - 250 usuarios 1-84,text,true,,6719,420,250,250,https://www.blazedemo.com/purchase.php,230,0,0
1774386507679,1181,3 - Comprar Passagem,200,OK,Teste de Carga - 250 usuarios 1-67,text,true,,6719,420,250,250,https://www.blazedemo.com/purchase.php,1169,0,0
1774386508468,403,3 - Comprar Passagem,200,OK,Teste de Carga - 250 usuarios 1-3,text,true,,6719,420,250,250,https://www.blazedemo.com/purchase.php,384,0,0
1774386508575,303,1 - Acessar Home,200,OK,Teste de Carga - 250 usuarios 1-189,text,true,,4757,120,250,250,https://www.blazedemo.com/,291,0,0
1774386508605,273,1 - Acessar Home,200,OK,Teste de Carga - 250 usuarios 1-49,text,true,,4757,120,250,250,https://www.blazedemo.com/,262,0,0
1774386508591,290,3 - Comprar Passagem,200,OK,Teste de Carga - 250 usuarios 1-227,text,true,,6719,420,250,250,https://www.blazedemo.com/purchase.php,278,0,0
1774386504690,4192,1 - Acessar Home,200,OK,Teste de Carga - 250 usuarios 1-78,text,true,,4757,120,250,250,https://www.blazedemo.com/,4181,0,0
1774386508618,264,3 - Comprar Passagem,200,OK,Teste de Carga - 250 usuarios 1-181,text,true,,6719,420,250,250,https://www.blazedemo.com/purchase.php,253,0,0
1774386507997,888,3 - Comprar Passagem,200,OK,Teste de Carga - 250 usuarios 1-175,text,true,,6719,420,250,250,https://www.blazedemo.com/purchase.php,876,0,0
1774386508585,301,1 - Acessar Home,200,OK,Teste de Carga - 250 usuarios 1-66,text,true,,4757,120,250,250,https://www.blazedemo.com/,289,0,0
1774386508621,267,3 - Comprar Passagem,200,OK,Teste de Carga - 250 usuarios 1-89,text,true,,6719,420,250,250,https://www.blazedemo.com/purchase.php,255,0,0
1774386507548,1346,1 - Acessar Home,200,OK,Teste de Carga - 250 usuarios 1-86,text,true,,4757,120,250,250,https://www.blazedemo.com/,1334,0,0
1774386508361,534,1 - Acessar Home,200,OK,Teste de Carga - 250 usuarios 1-70,text,true,,4757,120,250,250,https://www.blazedemo.com/,523,0,0
1774386506442,2462,1 - Acessar Home,200,OK,Teste de Carga - 250 usuarios 1-115,text,true,,4757,120,250,250,https://www.blazedemo.com/,2450,0,0
1774386508576,330,2 - Escolher Voo,200,OK,Teste de Carga - 250 usuarios 1-127,text,true,,7381,250,250,250,https://www.blazedemo.com/reserve.php,312,0,0
1774386508614,314,1 - Acessar Home,200,OK,Teste de Carga - 250 usuarios 1-73,text,true,,4757,120,250,250,https://www.blazedemo.com/,303,0,0
1774386508701,231,3 - Comprar Passagem,200,OK,Teste de Carga - 250 usuarios 1-108,text,true,,6719,420,250,250,https://www.blazedemo.com/purchase.php,221,0,0
1774386508447,493,2 - Escolher Voo,200,OK,Teste de Carga - 250 usuarios 1-236,text,true,,7381,250,250,250,https://www.blazedemo.com/reserve.php,473,0,0
1774386508666,274,3 - Comprar Passagem,200,OK,Teste de Carga - 250 usuarios 1-109,text,true,,6719,420,250,250,https://www.blazedemo.com/purchase.php,262,0,0
1774386505580,3361,1 - Acessar Home,200,OK,Teste de Carga - 250 usuarios 1-36,text,true,,4757,120,250,250,https://www.blazedemo.com/,3349,0,0
1774386508678,263,2 - Escolher Voo,200,OK,Teste de Carga - 250 usuarios 1-40,text,true,,7381,250,250,250,https://www.blazedemo.com/reserve.php,243,0,0
1774386508612,338,3 - Comprar Passagem,200,OK,Teste de Carga - 250 usuarios 1-58,text,true,,6719,420,250,250,https://www.blazedemo.com/purchase.php,326,0,0
1774386508690,260,1 - Acessar Home,200,OK,Teste de Carga - 250 usuarios 1-2,text,true,,4757,120,250,250,https://www.blazedemo.com/,248,0,0
1774386508699,255,1 - Acessar Home,200,OK,Teste de Carga - 250 usuarios 1-142,text,true,,4757,120,250,250,https://www.blazedemo.com/,242,0,0
1774386508644,312,3 - Comprar Passagem,200,OK,Teste de Carga - 250 usuarios 1-134,text,true,,6719,420,250,250,https://www.blazedemo.com/purchase.php,300,0,0
1774386508479,481,1 - Acessar Home,200,OK,Teste de Carga - 250 usuarios 1-234,text,true,,4757,120,250,250,https://www.blazedemo.com/,469,0,0
1774386507371,1591,2 - Escolher Voo,200,OK,Teste de Carga - 250 usuarios 1-166,text,true,,7381,250,250,250,https://www.blazedemo.com/reserve.php,1570,0,0
1774386508689,274,2 - Escolher Voo,200,OK,Teste de Carga - 250 usuarios 1-63,text,true,,7381,250,250,250,https://www.blazedemo.com/reserve.php,253,0,0
1774386507566,1398,3 - Comprar Passagem,200,OK,Teste de Carga - 250 usuarios 1-39,text,true,,6719,420,250,250,https://www.blazedemo.com/purchase.php,1386,0,0
1774386504709,4255,3 - Comprar Passagem,200,OK,Teste de Carga - 250 usuarios 1-5,text,true,,6719,420,250,250,https://www.blazedemo.com/purchase.php,4243,0,0
1774386505137,3836,2 - Escolher Voo,200,OK,Teste de Carga - 250 usuarios 1-59,text,true,,7381,250,250,250,https://www.blazedemo.com/reserve.php,3819,0,0
1774386508693,301,2 - Escolher Voo,200,OK,Teste de Carga - 250 usuarios 1-247,text,true,,7381,250,250,250,https://www.blazedemo.com/reserve.php,285,0,0
1774386508676,318,2 - Escolher Voo,200,OK,Teste de Carga - 250 usuarios 1-48,text,true,,7381,250,250,250,https://www.blazedemo.com/reserve.php,297,0,0
1774386508706,291,3 - Comprar Passagem,200,OK,Teste de Carga - 250 usuarios 1-209,text,true,,6719,420,250,250,https://www.blazedemo.com/purchase.php,278,0,0
1774386508573,424,2 - Escolher Voo,200,OK,Teste de Carga - 250 usuarios 1-158,text,true,,7381,250,250,250,https://www.blazedemo.com/reserve.php,405,0,0
1774386505222,3778,1 - Acessar Home,200,OK,Teste de Carga - 250 usuarios 1-101,text,true,,4757,120,250,250,https://www.blazedemo.com/,3767,0,0
1774386508675,327,2 - Escolher Voo,200,OK,Teste de Carga - 250 usuarios 1-107,text,true,,7381,250,250,250,https://www.blazedemo.com/reserve.php,308,0,0
1774386508662,346,1 - Acessar Home,200,OK,Teste de Carga - 250 usuarios 1-130,text,true,,4757,120,250,250,https://www.blazedemo.com/,335,0,0
1774386508001,1016,1 - Acessar Home,200,OK,Teste de Carga - 250 usuarios 1-15,text,true,,4757,120,250,250,https://www.blazedemo.com/,1005,0,0
1774386508635,385,2 - Escolher Voo,200,OK,Teste de Carga - 250 usuarios 1-233,text,true,,7381,250,250,250,https://www.blazedemo.com/reserve.php,368,0,0
1774386508751,272,3 - Comprar Passagem,200,OK,Teste de Carga - 250 usuarios 1-132,text,true,,6719,420,250,250,https://www.blazedemo.com/purchase.php,256,0,0
1774386508720,304,2 - Escolher Voo,200,OK,Teste de Carga - 250 usuarios 1-210,text,true,,7381,250,250,250,https://www.blazedemo.com/reserve.php,283,0,0
1774386506526,2502,2 - Escolher Voo,200,OK,Teste de Carga - 250 usuarios 1-169,text,true,,7381,250,250,250,https://www.blazedemo.com/reserve.php,2481,0,0
1774386508697,332,2 - Escolher Voo,200,OK,Teste de Carga - 250 usuarios 1-167,text,true,,7381,250,250,250,https://www.blazedemo.com/reserve.php,315,0,0
1774386508701,328,1 - Acessar Home,200,OK,Teste de Carga - 250 usuarios 1-43,text,true,,4757,120,250,250,https://www.blazedemo.com/,315,0,0
1774386508750,282,1 - Acessar Home,200,OK,Teste de Carga - 250 usuarios 1-173,text,true,,4757,120,250,250,https://www.blazedemo.com/,270,0,0
1774386508754,285,1 - Acessar Home,200,OK,Teste de Carga - 250 usuarios 1-193,text,true,,4757,120,250,250,https://www.blazedemo.com/,273,0,0
1774386508723,320,1 - Acessar Home,200,OK,Teste de Carga - 250 usuarios 1-201,text,true,,4757,120,250,250,https://www.blazedemo.com/,308,0,0
1774386508749,297,3 - Comprar Passagem,200,OK,Teste de Carga - 250 usuarios 1-206,text,true,,6719,420,250,250,https://www.blazedemo.com/purchase.php,285,0,0
1774386508148,898,3 - Comprar Passagem,200,OK,Teste de Carga - 250 usuarios 1-93,text,true,,6719,420,250,250,https://www.blazedemo.com/purchase.php,886,0,0
1774386505664,3389,1 - Acessar Home,200,OK,Teste de Carga - 250 usuarios 1-32,text,true,,4757,120,250,250,https://www.blazedemo.com/,3377,0,0
1774386507687,1366,1 - Acessar Home,200,OK,Teste de Carga - 250 usuarios 1-150,text,true,,4757,120,250,250,https://www.blazedemo.com/,1354,0,0
1774386504835,4225,2 - Escolher Voo,200,OK,Teste de Carga - 250 usuarios 1-243,text,true,,7381,250,250,250,https://www.blazedemo.com/reserve.php,4206,0,0
1774386507879,1196,1 - Acessar Home,200,OK,Teste de Carga - 250 usuarios 1-163,text,true,,4757,120,250,250,https://www.blazedemo.com/,1184,0,0
1774386508787,290,2 - Escolher Voo,200,OK,Teste de Carga - 250 usuarios 1-98,text,true,,7381,250,250,250,https://www.blazedemo.com/reserve.php,270,0,0
1774386507749,1329,1 - Acessar Home,200,OK,Teste de Carga - 250 usuarios 1-157,text,true,,4757,120,250,250,https://www.blazedemo.com/,1317,0,0
1774386508754,330,1 - Acessar Home,200,OK,Teste de Carga - 250 usuarios 1-224,text,true,,4757,120,250,250,https://www.blazedemo.com/,317,0,0
1774386508828,263,1 - Acessar Home,200,OK,Teste de Carga - 250 usuarios 1-91,text,true,,4757,120,250,250,https://www.blazedemo.com/,252,0,0
1774386508780,314,2 - Escolher Voo,200,OK,Teste de Carga - 250 usuarios 1-164,text,true,,7381,250,250,250,https://www.blazedemo.com/reserve.php,300,0,0
1774386508746,348,2 - Escolher Voo,200,OK,Teste de Carga - 250 usuarios 1-211,text,true,,7381,250,250,250,https://www.blazedemo.com/reserve.php,327,0,0
1774386508544,564,1 - Acessar Home,200,OK,Teste de Carga - 250 usuarios 1-38,text,true,,4757,120,250,250,https://www.blazedemo.com/,552,0,0
1774386505329,3790,1 - Acessar Home,200,OK,Teste de Carga - 250 usuarios 1-223,text,true,,4757,120,250,250,https://www.blazedemo.com/,3778,0,0
1774386508851,269,2 - Escolher Voo,200,OK,Teste de Carga - 250 usuarios 1-184,text,true,,7381,250,250,250,https://www.blazedemo.com/reserve.php,248,0,0
1774386508817,303,2 - Escolher Voo,200,OK,Teste de Carga - 250 usuarios 1-31,text,true,,7381,250,250,250,https://www.blazedemo.com/reserve.php,283,0,0
1774386505249,3875,2 - Escolher Voo,200,OK,Teste de Carga - 250 usuarios 1-143,text,true,,7381,250,250,250,https://www.blazedemo.com/reserve.php,3856,0,0
1774386508846,280,2 - Escolher Voo,200,OK,Teste de Carga - 250 usuarios 1-76,text,true,,7381,250,250,250,https://www.blazedemo.com/reserve.php,264,0,0
1774386508857,270,2 - Escolher Voo,200,OK,Teste de Carga - 250 usuarios 1-41,text,true,,7381,250,250,250,https://www.blazedemo.com/reserve.php,250,0,0
1774386508879,250,2 - Escolher Voo,200,OK,Teste de Carga - 250 usuarios 1-49,text,true,,7381,250,250,250,https://www.blazedemo.com/reserve.php,230,0,0
1774386508722,411,2 - Escolher Voo,200,OK,Teste de Carga - 250 usuarios 1-28,text,true,,7381,250,250,250,https://www.blazedemo.com/reserve.php,391,0,0
1774386508871,267,1 - Acessar Home,200,OK,Teste de Carga - 250 usuarios 1-3,text,true,,4757,120,250,250,https://www.blazedemo.com/,255,0,0
1774386508878,260,2 - Escolher Voo,200,OK,Teste de Carga - 250 usuarios 1-189,text,true,,7381,250,250,250,https://www.blazedemo.com/reserve.php,241,0,0
1774386508852,289,3 - Comprar Passagem,200,OK,Teste de Carga - 250 usuarios 1-176,text,true,,6719,420,250,250,https://www.blazedemo.com/purchase.php,276,0,0
1774386507967,1180,3 - Comprar Passagem,200,OK,Teste de Carga - 250 usuarios 1-103,text,true,,6719,420,250,250,https://www.blazedemo.com/purchase.php,1168,0,0
1774386504907,4241,3 - Comprar Passagem,200,OK,Teste de Carga - 250 usuarios 1-190,text,true,,6719,420,250,250,https://www.blazedemo.com/purchase.php,4228,0,0
1774386508857,295,3 - Comprar Passagem,200,OK,Teste de Carga - 250 usuarios 1-160,text,true,,6719,420,250,250,https://www.blazedemo.com/purchase.php,283,0,0
1774386508887,265,2 - Escolher Voo,200,OK,Teste de Carga - 250 usuarios 1-66,text,true,,7381,250,250,250,https://www.blazedemo.com/reserve.php,244,0,0
1774386508849,304,2 - Escolher Voo,200,OK,Teste de Carga - 250 usuarios 1-241,text,true,,7381,250,250,250,https://www.blazedemo.com/reserve.php,283,0,0
1774386508806,352,3 - Comprar Passagem,200,OK,Teste de Carga - 250 usuarios 1-221,text,true,,6719,420,250,250,https://www.blazedemo.com/purchase.php,341,0,0
1774386508822,337,1 - Acessar Home,200,OK,Teste de Carga - 250 usuarios 1-53,text,true,,4757,120,250,250,https://www.blazedemo.com/,325,0,0
1774386508199,962,3 - Comprar Passagem,200,OK,Teste de Carga - 250 usuarios 1-56,text,true,,6719,420,250,250,https://www.blazedemo.com/purchase.php,950,0,0
1774386505804,3361,3 - Comprar Passagem,200,OK,Teste de Carga - 250 usuarios 1-232,text,true,,6719,420,250,250,https://www.blazedemo.com/purchase.php,3346,0,0
1774386508860,309,1 - Acessar Home,200,OK,Teste de Carga - 250 usuarios 1-84,text,true,,4757,120,250,250,https://www.blazedemo.com/,297,0,0
1774386507767,1405,3 - Comprar Passagem,200,OK,Teste de Carga - 250 usuarios 1-62,text,true,,6719,420,250,250,https://www.blazedemo.com/purchase.php,1392,0,0
1774386508323,854,2 - Escolher Voo,200,OK,Teste de Carga - 250 usuarios 1-34,text,true,,7381,250,250,250,https://www.blazedemo.com/reserve.php,834,0,0
1774386508689,488,1 - Acessar Home,200,OK,Teste de Carga - 250 usuarios 1-42,text,true,,4757,120,250,250,https://www.blazedemo.com/,475,0,0
1774386506585,2598,3 - Comprar Passagem,200,OK,Teste de Carga - 250 usuarios 1-245,text,true,,6719,420,250,250,https://www.blazedemo.com/purchase.php,2585,0,0
1774386506685,2498,3 - Comprar Passagem,200,OK,Teste de Carga - 250 usuarios 1-192,text,true,,6719,420,250,250,https://www.blazedemo.com/purchase.php,2485,0,0
1774386508837,348,1 - Acessar Home,200,OK,Teste de Carga - 250 usuarios 1-4,text,true,,4757,120,250,250,https://www.blazedemo.com/,336,0,0
1774386508954,235,2 - Escolher Voo,200,OK,Teste de Carga - 250 usuarios 1-142,text,true,,7381,250,250,250,https://www.blazedemo.com/reserve.php,214,0,0
1774386508906,284,3 - Comprar Passagem,200,OK,Teste de Carga - 250 usuarios 1-127,text,true,,6719,420,250,250,https://www.blazedemo.com/purchase.php,271,0,0
1774386508824,367,2 - Escolher Voo,200,OK,Teste de Carga - 250 usuarios 1-47,text,true,,7381,250,250,250,https://www.blazedemo.com/reserve.php,346,0,0
1774386508076,1118,2 - Escolher Voo,200,OK,Teste de Carga - 250 usuarios 1-204,text,true,,7381,250,250,250,https://www.blazedemo.com/reserve.php,1099,0,0
1774386506796,2398,2 - Escolher Voo,200,OK,Teste de Carga - 250 usuarios 1-113,text,true,,7381,250,250,250,https://www.blazedemo.com/reserve.php,2379,0,0
1774386508964,237,1 - Acessar Home,200,OK,Teste de Carga - 250 usuarios 1-5,text,true,,4757,120,250,250,https://www.blazedemo.com/,226,0,0
1774386508725,479,1 - Acessar Home,200,OK,Teste de Carga - 250 usuarios 1-186,text,true,,4757,120,250,250,https://www.blazedemo.com/,467,0,0
1774386508941,265,3 - Comprar Passagem,200,OK,Teste de Carga - 250 usuarios 1-40,text,true,,6719,420,250,250,https://www.blazedemo.com/purchase.php,253,0,0
1774386507923,1288,1 - Acessar Home,200,OK,Teste de Carga - 250 usuarios 1-1,text,true,,4757,120,250,250,https://www.blazedemo.com/,1276,0,0
1774386507909,1303,3 - Comprar Passagem,200,OK,Teste de Carga - 250 usuarios 1-152,text,true,,6719,420,250,250,https://www.blazedemo.com/purchase.php,1292,0,0
1774386508940,276,1 - Acessar Home,200,OK,Teste de Carga - 250 usuarios 1-109,text,true,,4757,120,250,250,https://www.blazedemo.com/,265,0,0
1774386508896,323,2 - Escolher Voo,200,OK,Teste de Carga - 250 usuarios 1-70,text,true,,7381,250,250,250,https://www.blazedemo.com/reserve.php,305,0,0
1774386505869,3354,2 - Escolher Voo,200,OK,Teste de Carga - 250 usuarios 1-218,text,true,,7381,250,250,250,https://www.blazedemo.com/reserve.php,3334,0,0
1774386508956,267,1 - Acessar Home,200,OK,Teste de Carga - 250 usuarios 1-134,text,true,,4757,120,250,250,https://www.blazedemo.com/,256,0,0
1774386508882,360,2 - Escolher Voo,200,OK,Teste de Carga - 250 usuarios 1-78,text,true,,7381,250,250,250,https://www.blazedemo.com/reserve.php,339,0,0
1774386508940,312,3 - Comprar Passagem,200,OK,Teste de Carga - 250 usuarios 1-236,text,true,,6719,420,250,250,https://www.blazedemo.com/purchase.php,300,0,0
1774386508998,254,3 - Comprar Passagem,200,OK,Teste de Carga - 250 usuarios 1-158,text,true,,6719,420,250,250,https://www.blazedemo.com/purchase.php,242,0,0
1774386508997,264,1 - Acessar Home,200,OK,Teste de Carga - 250 usuarios 1-209,text,true,,4757,120,250,250,https://www.blazedemo.com/,253,0,0
1774386508341,920,2 - Escolher Voo,200,OK,Teste de Carga - 250 usuarios 1-197,text,true,,7381,250,250,250,https://www.blazedemo.com/reserve.php,900,0,0
1774386509046,231,1 - Acessar Home,200,OK,Teste de Carga - 250 usuarios 1-206,text,true,,4757,120,250,250,https://www.blazedemo.com/,218,0,0
1774386509002,281,3 - Comprar Passagem,200,OK,Teste de Carga - 250 usuarios 1-107,text,true,,6719,420,250,250,https://www.blazedemo.com/purchase.php,269,0,0
1774386507770,1517,2 - Escolher Voo,200,OK,Teste de Carga - 250 usuarios 1-77,text,true,,7381,250,250,250,https://www.blazedemo.com/reserve.php,1496,0,0
1774386505889,3400,1 - Acessar Home,200,OK,Teste de Carga - 250 usuarios 1-106,text,true,,4757,120,250,250,https://www.blazedemo.com/,3389,0,0
1774386507894,1397,3 - Comprar Passagem,200,OK,Teste de Carga - 250 usuarios 1-136,text,true,,6719,420,250,250,https://www.blazedemo.com/purchase.php,1386,0,0
1774386508437,859,3 - Comprar Passagem,200,OK,Teste de Carga - 250 usuarios 1-71,text,true,,6719,420,250,250,https://www.blazedemo.com/purchase.php,846,0,0
1774386508894,403,2 - Escolher Voo,200,OK,Teste de Carga - 250 usuarios 1-86,text,true,,7381,250,250,250,https://www.blazedemo.com/reserve.php,383,0,0
1774386509028,277,3 - Comprar Passagem,200,OK,Teste de Carga - 250 usuarios 1-169,text,true,,6719,420,250,250,https://www.blazedemo.com/purchase.php,264,0,0
1774386509054,251,2 - Escolher Voo,200,OK,Teste de Carga - 250 usuarios 1-150,text,true,,7381,250,250,250,https://www.blazedemo.com/reserve.php,231,0,0
1774386509001,304,2 - Escolher Voo,200,OK,Teste de Carga - 250 usuarios 1-101,text,true,,7381,250,250,250,https://www.blazedemo.com/reserve.php,288,0,0
1774386509053,255,2 - Escolher Voo,200,OK,Teste de Carga - 250 usuarios 1-32,text,true,,7381,250,250,250,https://www.blazedemo.com/reserve.php,236,0,0
1774386505470,3847,2 - Escolher Voo,200,OK,Teste de Carga - 250 usuarios 1-124,text,true,,7381,250,250,250,https://www.blazedemo.com/reserve.php,3826,0,0
1774386505064,4253,1 - Acessar Home,200,OK,Teste de Carga - 250 usuarios 1-135,text,true,,4757,120,250,250,https://www.blazedemo.com/,4241,0,0
1774386509020,301,3 - Comprar Passagem,200,OK,Teste de Carga - 250 usuarios 1-233,text,true,,6719,420,250,250,https://www.blazedemo.com/purchase.php,288,0,0
1774386508994,331,3 - Comprar Passagem,200,OK,Teste de Carga - 250 usuarios 1-48,text,true,,6719,420,250,250,https://www.blazedemo.com/purchase.php,317,0,0
1774386508883,442,1 - Acessar Home,200,OK,Teste de Carga - 250 usuarios 1-181,text,true,,4757,120,250,250,https://www.blazedemo.com/,428,0,0
1774386509024,303,3 - Comprar Passagem,200,OK,Teste de Carga - 250 usuarios 1-210,text,true,,6719,420,250,250,https://www.blazedemo.com/purchase.php,291,0,0
1774386509008,320,2 - Escolher Voo,200,OK,Teste de Carga - 250 usuarios 1-130,text,true,,7381,250,250,250,https://www.blazedemo.com/reserve.php,302,0,0
1774386505627,3701,2 - Escolher Voo,200,OK,Teste de Carga - 250 usuarios 1-145,text,true,,7381,250,250,250,https://www.blazedemo.com/reserve.php,3680,0,0
1774386508684,653,1 - Acessar Home,200,OK,Teste de Carga - 250 usuarios 1-168,text,true,,4757,120,250,250,https://www.blazedemo.com/,642,0,0
1774386508434,905,1 - Acessar Home,200,OK,Teste de Carga - 250 usuarios 1-139,text,true,,4757,120,250,250,https://www.blazedemo.com/,893,0,0
1774386508598,745,3 - Comprar Passagem,200,OK,Teste de Carga - 250 usuarios 1-213,text,true,,6719,420,250,250,https://www.blazedemo.com/purchase.php,733,0,0
1774386509043,304,2 - Escolher Voo,200,OK,Teste de Carga - 250 usuarios 1-201,text,true,,7381,250,250,250,https://www.blazedemo.com/reserve.php,283,0,0
1774386506793,2558,2 - Escolher Voo,200,OK,Teste de Carga - 250 usuarios 1-217,text,true,,7381,250,250,250,https://www.blazedemo.com/reserve.php,2538,0,0
1774386507050,2302,1 - Acessar Home,200,OK,Teste de Carga - 250 usuarios 1-99,text,true,,4757,120,250,250,https://www.blazedemo.com/,2291,0,0
1774386507952,1403,1 - Acessar Home,200,OK,Teste de Carga - 250 usuarios 1-250,text,true,,4757,120,250,250,https://www.blazedemo.com/,1391,0,0
1774386508960,396,2 - Escolher Voo,200,OK,Teste de Carga - 250 usuarios 1-234,text,true,,7381,250,250,250,https://www.blazedemo.com/reserve.php,377,0,0
1774386509095,267,3 - Comprar Passagem,200,OK,Teste de Carga - 250 usuarios 1-211,text,true,,6719,420,250,250,https://www.blazedemo.com/purchase.php,255,0,0
1774386505679,3689,1 - Acessar Home,200,OK,Teste de Carga - 250 usuarios 1-231,text,true,,4757,120,250,250,https://www.blazedemo.com/,3677,0,0
1774386509120,251,3 - Comprar Passagem,200,OK,Teste de Carga - 250 usuarios 1-184,text,true,,6719,420,250,250,https://www.blazedemo.com/purchase.php,239,0,0
1774386509126,247,3 - Comprar Passagem,200,OK,Teste de Carga - 250 usuarios 1-76,text,true,,6719,420,250,250,https://www.blazedemo.com/purchase.php,236,0,0
1774386509017,359,2 - Escolher Voo,200,OK,Teste de Carga - 250 usuarios 1-15,text,true,,7381,250,250,250,https://www.blazedemo.com/reserve.php,338,0,0
1774386509139,248,3 - Comprar Passagem,200,OK,Teste de Carga - 250 usuarios 1-189,text,true,,6719,420,250,250,https://www.blazedemo.com/purchase.php,235,0,0
1774386509023,364,1 - Acessar Home,200,OK,Teste de Carga - 250 usuarios 1-132,text,true,,4757,120,250,250,https://www.blazedemo.com/,351,0,0
1774386509060,327,3 - Comprar Passagem,200,OK,Teste de Carga - 250 usuarios 1-243,text,true,,6719,420,250,250,https://www.blazedemo.com/purchase.php,311,0,0
1774386509094,296,3 - Comprar Passagem,200,OK,Teste de Carga - 250 usuarios 1-164,text,true,,6719,420,250,250,https://www.blazedemo.com/purchase.php,283,0,0
1774386507790,1600,1 - Acessar Home,200,OK,Teste de Carga - 250 usuarios 1-133,text,true,,4757,120,250,250,https://www.blazedemo.com/,1588,0,0
1774386509046,347,1 - Acessar Home,200,OK,Teste de Carga - 250 usuarios 1-93,text,true,,4757,120,250,250,https://www.blazedemo.com/,334,0,0
1774386509039,356,2 - Escolher Voo,200,OK,Teste de Carga - 250 usuarios 1-193,text,true,,7381,250,250,250,https://www.blazedemo.com/reserve.php,335,0,0
1774386509148,251,1 - Acessar Home,200,OK,Teste de Carga - 250 usuarios 1-190,text,true,,4757,120,250,250,https://www.blazedemo.com/,240,0,0
1774386509141,260,1 - Acessar Home,200,OK,Teste de Carga - 250 usuarios 1-176,text,true,,4757,120,250,250,https://www.blazedemo.com/,249,0,0
1774386509075,337,2 - Escolher Voo,200,OK,Teste de Carga - 250 usuarios 1-163,text,true,,7381,250,250,250,https://www.blazedemo.com/reserve.php,314,0,0
1774386505929,3487,3 - Comprar Passagem,200,OK,Teste de Carga - 250 usuarios 1-141,text,true,,6719,420,250,250,https://www.blazedemo.com/purchase.php,3476,0,0
1774386509029,391,2 - Escolher Voo,200,OK,Teste de Carga - 250 usuarios 1-43,text,true,,7381,250,250,250,https://www.blazedemo.com/reserve.php,375,0,0
1774386508683,741,3 - Comprar Passagem,200,OK,Teste de Carga - 250 usuarios 1-244,text,true,,6719,420,250,250,https://www.blazedemo.com/purchase.php,729,0,0
1774386509119,310,2 - Escolher Voo,200,OK,Teste de Carga - 250 usuarios 1-223,text,true,,7381,250,250,250,https://www.blazedemo.com/reserve.php,290,0,0
1774386508787,642,1 - Acessar Home,200,OK,Teste de Carga - 250 usuarios 1-20,text,true,,4757,120,250,250,https://www.blazedemo.com/,630,0,0
1774386508848,586,1 - Acessar Home,200,OK,Teste de Carga - 250 usuarios 1-8,text,true,,4757,120,250,250,https://www.blazedemo.com/,575,0,0
1774386509191,252,3 - Comprar Passagem,200,OK,Teste de Carga - 250 usuarios 1-47,text,true,,6719,420,250,250,https://www.blazedemo.com/purchase.php,241,0,0
1774386509172,279,1 - Acessar Home,200,OK,Teste de Carga - 250 usuarios 1-62,text,true,,4757,120,250,250,https://www.blazedemo.com/,267,0,0
1774386509134,320,3 - Comprar Passagem,200,OK,Teste de Carga - 250 usuarios 1-28,text,true,,6719,420,250,250,https://www.blazedemo.com/purchase.php,308,0,0
1774386509127,328,3 - Comprar Passagem,200,OK,Teste de Carga - 250 usuarios 1-41,text,true,,6719,420,250,250,https://www.blazedemo.com/purchase.php,316,0,0
1774386509177,280,2 - Escolher Voo,200,OK,Teste de Carga - 250 usuarios 1-42,text,true,,7381,250,250,250,https://www.blazedemo.com/reserve.php,260,0,0
1774386509205,259,2 - Escolher Voo,200,OK,Teste de Carga - 250 usuarios 1-186,text,true,,7381,250,250,250,https://www.blazedemo.com/reserve.php,238,0,0
1774386509195,274,3 - Comprar Passagem,200,OK,Teste de Carga - 250 usuarios 1-204,text,true,,6719,420,250,250,https://www.blazedemo.com/purchase.php,262,0,0
1774386507179,2299,2 - Escolher Voo,200,OK,Teste de Carga - 250 usuarios 1-179,text,true,,7381,250,250,250,https://www.blazedemo.com/reserve.php,2278,0,0
1774386505702,3777,2 - Escolher Voo,200,OK,Teste de Carga - 250 usuarios 1-183,text,true,,7381,250,250,250,https://www.blazedemo.com/reserve.php,3760,0,0
1774386509169,310,2 - Escolher Voo,200,OK,Teste de Carga - 250 usuarios 1-84,text,true,,7381,250,250,250,https://www.blazedemo.com/reserve.php,288,0,0
1774386505238,4246,2 - Escolher Voo,200,OK,Teste de Carga - 250 usuarios 1-126,text,true,,7381,250,250,250,https://www.blazedemo.com/reserve.php,4226,0,0
1774386509147,338,1 - Acessar Home,200,OK,Teste de Carga - 250 usuarios 1-103,text,true,,4757,120,250,250,https://www.blazedemo.com/,326,0,0
1774386506112,3373,3 - Comprar Passagem,200,OK,Teste de Carga - 250 usuarios 1-123,text,true,,6719,420,250,250,https://www.blazedemo.com/purchase.php,3361,0,0
1774386509166,327,1 - Acessar Home,200,OK,Teste de Carga - 250 usuarios 1-232,text,true,,4757,120,250,250,https://www.blazedemo.com/,315,0,0
1774386509223,275,3 - Comprar Passagem,200,OK,Teste de Carga - 250 usuarios 1-218,text,true,,6719,420,250,250,https://www.blazedemo.com/purchase.php,263,0,0
1774386509159,341,2 - Escolher Voo,200,OK,Teste de Carga - 250 usuarios 1-53,text,true,,7381,250,250,250,https://www.blazedemo.com/reserve.php,320,0,0
1774386509183,317,1 - Acessar Home,200,OK,Teste de Carga - 250 usuarios 1-192,text,true,,4757,120,250,250,https://www.blazedemo.com/,305,0,0
1774386508797,703,3 - Comprar Passagem,200,OK,Teste de Carga - 250 usuarios 1-75,text,true,,6719,420,250,250,https://www.blazedemo.com/purchase.php,690,0,0
1774386508928,574,2 - Escolher Voo,200,OK,Teste de Carga - 250 usuarios 1-73,text,true,,7381,250,250,250,https://www.blazedemo.com/reserve.php,557,0,0
1774386509252,254,1 - Acessar Home,200,OK,Teste de Carga - 250 usuarios 1-236,text,true,,4757,120,250,250,https://www.blazedemo.com/,241,0,0
1774386509211,300,2 - Escolher Voo,200,OK,Teste de Carga - 250 usuarios 1-1,text,true,,7381,250,250,250,https://www.blazedemo.com/reserve.php,281,0,0
1774386509124,389,3 - Comprar Passagem,200,OK,Teste de Carga - 250 usuarios 1-143,text,true,,6719,420,250,250,https://www.blazedemo.com/purchase.php,378,0,0
1774386507236,2285,3 - Comprar Passagem,200,OK,Teste de Carga - 250 usuarios 1-116,text,true,,6719,420,250,250,https://www.blazedemo.com/purchase.php,2274,0,0
1774386506201,3322,3 - Comprar Passagem,200,OK,Teste de Carga - 250 usuarios 1-137,text,true,,6719,420,250,250,https://www.blazedemo.com/purchase.php,3312,0,0
1774386509212,312,1 - Acessar Home,200,OK,Teste de Carga - 250 usuarios 1-152,text,true,,4757,120,250,250,https://www.blazedemo.com/,301,0,0
1774386505761,3769,3 - Comprar Passagem,200,OK,Teste de Carga - 250 usuarios 1-191,text,true,,6719,420,250,250,https://www.blazedemo.com/purchase.php,3757,0,0
1774386508885,648,1 - Acessar Home,200,OK,Teste de Carga - 250 usuarios 1-175,text,true,,4757,120,250,250,https://www.blazedemo.com/,635,0,0
1774386507890,1650,1 - Acessar Home,200,OK,Teste de Carga - 250 usuarios 1-144,text,true,,4757,120,250,250,https://www.blazedemo.com/,1639,0,0
1774386507842,1700,3 - Comprar Passagem,200,OK,Teste de Carga - 250 usuarios 1-156,text,true,,6719,420,250,250,https://www.blazedemo.com/purchase.php,1687,0,0
1774386509195,350,3 - Comprar Passagem,200,OK,Teste de Carga - 250 usuarios 1-113,text,true,,6719,420,250,250,https://www.blazedemo.com/purchase.php,338,0,0
1774386509296,262,1 - Acessar Home,200,OK,Teste de Carga - 250 usuarios 1-71,text,true,,4757,120,250,250,https://www.blazedemo.com/,250,0,0
1774386505324,4236,1 - Acessar Home,200,OK,Teste de Carga - 250 usuarios 1-242,text,true,,4757,120,250,250,https://www.blazedemo.com/,4224,0,0
1774386509297,264,3 - Comprar Passagem,200,OK,Teste de Carga - 250 usuarios 1-86,text,true,,6719,420,250,250,https://www.blazedemo.com/purchase.php,252,0,0
1774386509223,343,2 - Escolher Voo,200,OK,Teste de Carga - 250 usuarios 1-134,text,true,,7381,250,250,250,https://www.blazedemo.com/reserve.php,323,0,0
1774386509032,545,2 - Escolher Voo,200,OK,Teste de Carga - 250 usuarios 1-173,text,true,,7381,250,250,250,https://www.blazedemo.com/reserve.php,528,0,0
1774386509252,328,1 - Acessar Home,200,OK,Teste de Carga - 250 usuarios 1-158,text,true,,4757,120,250,250,https://www.blazedemo.com/,316,0,0
1774386509327,254,1 - Acessar Home,200,OK,Teste de Carga - 250 usuarios 1-210,text,true,,4757,120,250,250,https://www.blazedemo.com/,243,0,0
1774386509277,312,2 - Escolher Voo,200,OK,Teste de Carga - 250 usuarios 1-206,text,true,,7381,250,250,250,https://www.blazedemo.com/reserve.php,291,0,0
1774386509261,331,3 - Comprar Passagem,200,OK,Teste de Carga - 250 usuarios 1-197,text,true,,6719,420,250,250,https://www.blazedemo.com/purchase.php,319,0,0
1774386509283,321,1 - Acessar Home,200,OK,Teste de Carga - 250 usuarios 1-107,text,true,,4757,120,250,250,https://www.blazedemo.com/,309,0,0
1774386508963,644,3 - Comprar Passagem,200,OK,Teste de Carga - 250 usuarios 1-63,text,true,,6719,420,250,250,https://www.blazedemo.com/purchase.php,627,0,0
1774386509219,393,3 - Comprar Passagem,200,OK,Teste de Carga - 250 usuarios 1-70,text,true,,6719,420,250,250,https://www.blazedemo.com/purchase.php,381,0,0
1774386509308,304,3 - Comprar Passagem,200,OK,Teste de Carga - 250 usuarios 1-32,text,true,,6719,420,250,250,https://www.blazedemo.com/purchase.php,292,0,0
1774386508814,806,2 - Escolher Voo,200,OK,Teste de Carga - 250 usuarios 1-61,text,true,,7381,250,250,250,https://www.blazedemo.com/reserve.php,786,0,0
1774386509339,284,2 - Escolher Voo,200,OK,Teste de Carga - 250 usuarios 1-139,text,true,,7381,250,250,250,https://www.blazedemo.com/reserve.php,264,0,0
1774386509305,322,3 - Comprar Passagem,200,OK,Teste de Carga - 250 usuarios 1-150,text,true,,6719,420,250,250,https://www.blazedemo.com/purchase.php,310,0,0
1774386509190,439,1 - Acessar Home,200,OK,Teste de Carga - 250 usuarios 1-127,text,true,,4757,120,250,250,https://www.blazedemo.com/,427,0,0
1774386508156,1478,1 - Acessar Home,200,OK,Teste de Carga - 250 usuarios 1-100,text,true,,4757,120,250,250,https://www.blazedemo.com/,1464,0,0
1774386508860,779,1 - Acessar Home,200,OK,Teste de Carga - 250 usuarios 1-67,text,true,,4757,120,250,250,https://www.blazedemo.com/,767,0,0
1774386509328,313,3 - Comprar Passagem,200,OK,Teste de Carga - 250 usuarios 1-145,text,true,,6719,420,250,250,https://www.blazedemo.com/purchase.php,301,0,0
1774386507347,2299,1 - Acessar Home,200,OK,Teste de Carga - 250 usuarios 1-146,text,true,,4757,120,250,250,https://www.blazedemo.com/,2287,0,0
1774386505327,4321,2 - Escolher Voo,200,OK,Teste de Carga - 250 usuarios 1-198,text,true,,7381,250,250,250,https://www.blazedemo.com/reserve.php,4302,0,0
1774386509357,291,3 - Comprar Passagem,200,OK,Teste de Carga - 250 usuarios 1-234,text,true,,6719,420,250,250,https://www.blazedemo.com/purchase.php,279,0,0
1774386509368,286,2 - Escolher Voo,200,OK,Teste de Carga - 250 usuarios 1-231,text,true,,7381,250,250,250,https://www.blazedemo.com/reserve.php,265,0,0
1774386506014,3642,3 - Comprar Passagem,200,OK,Teste de Carga - 250 usuarios 1-188,text,true,,6719,420,250,250,https://www.blazedemo.com/purchase.php,3629,0,0
1774386509363,296,1 - Acessar Home,200,OK,Teste de Carga - 250 usuarios 1-211,text,true,,4757,120,250,250,https://www.blazedemo.com/,283,0,0
1774386507279,2382,2 - Escolher Voo,200,OK,Teste de Carga - 250 usuarios 1-207,text,true,,7381,250,250,250,https://www.blazedemo.com/reserve.php,2362,0,0
1774386509401,266,2 - Escolher Voo,200,OK,Teste de Carga - 250 usuarios 1-176,text,true,,7381,250,250,250,https://www.blazedemo.com/reserve.php,245,0,0
1774386506073,3594,2 - Escolher Voo,200,OK,Teste de Carga - 250 usuarios 1-23,text,true,,7381,250,250,250,https://www.blazedemo.com/reserve.php,3574,0,0
1774386509216,453,2 - Escolher Voo,200,OK,Teste de Carga - 250 usuarios 1-109,text,true,,7381,250,250,250,https://www.blazedemo.com/reserve.php,436,0,0
1774386509317,363,2 - Escolher Voo,200,OK,Teste de Carga - 250 usuarios 1-135,text,true,,7381,250,250,250,https://www.blazedemo.com/reserve.php,342,0,0
1774386509325,356,1 - Acessar Home,200,OK,Teste de Carga - 250 usuarios 1-48,text,true,,4757,120,250,250,https://www.blazedemo.com/,343,0,0
1774386509387,294,1 - Acessar Home,200,OK,Teste de Carga - 250 usuarios 1-189,text,true,,4757,120,250,250,https://www.blazedemo.com/,280,0,0
1774386507366,2315,2 - Escolher Voo,200,OK,Teste de Carga - 250 usuarios 1-18,text,true,,7381,250,250,250,https://www.blazedemo.com/reserve.php,2294,0,0
1774386509287,397,3 - Comprar Passagem,200,OK,Teste de Carga - 250 usuarios 1-77,text,true,,6719,420,250,250,https://www.blazedemo.com/purchase.php,384,0,0
1774386509328,356,3 - Comprar Passagem,200,OK,Teste de Carga - 250 usuarios 1-130,text,true,,6719,420,250,250,https://www.blazedemo.com/purchase.php,344,0,0
1774386509393,299,2 - Escolher Voo,200,OK,Teste de Carga - 250 usuarios 1-93,text,true,,7381,250,250,250,https://www.blazedemo.com/reserve.php,279,0,0
1774386507959,1733,2 - Escolher Voo,200,OK,Teste de Carga - 250 usuarios 1-196,text,true,,7381,250,250,250,https://www.blazedemo.com/reserve.php,1713,0,0
1774386508932,764,1 - Acessar Home,200,OK,Teste de Carga - 250 usuarios 1-108,text,true,,4757,120,250,250,https://www.blazedemo.com/,752,0,0
1774386509353,358,2 - Escolher Voo,200,OK,Teste de Carga - 250 usuarios 1-99,text,true,,7381,250,250,250,https://www.blazedemo.com/reserve.php,338,0,0
1774386509306,410,3 - Comprar Passagem,200,OK,Teste de Carga - 250 usuarios 1-101,text,true,,6719,420,250,250,https://www.blazedemo.com/purchase.php,398,0,0
1774386507946,1772,3 - Comprar Passagem,200,OK,Teste de Carga - 250 usuarios 1-33,text,true,,6719,420,250,250,https://www.blazedemo.com/purchase.php,1759,0,0
1774386509129,592,3 - Comprar Passagem,200,OK,Teste de Carga - 250 usuarios 1-49,text,true,,6719,420,250,250,https://www.blazedemo.com/purchase.php,580,0,0
1774386508199,1523,2 - Escolher Voo,200,OK,Teste de Carga - 250 usuarios 1-180,text,true,,7381,250,250,250,https://www.blazedemo.com/reserve.php,1502,0,0
1774386509337,386,2 - Escolher Voo,200,OK,Teste de Carga - 250 usuarios 1-168,text,true,,7381,250,250,250,https://www.blazedemo.com/reserve.php,370,0,0
1774386505455,4276,2 - Escolher Voo,200,OK,Teste de Carga - 250 usuarios 1-222,text,true,,7381,250,250,250,https://www.blazedemo.com/reserve.php,4256,0,0
1774386509347,388,3 - Comprar Passagem,200,OK,Teste de Carga - 250 usuarios 1-201,text,true,,6719,420,250,250,https://www.blazedemo.com/purchase.php,376,0,0
1774386509424,313,1 - Acessar Home,200,OK,Teste de Carga - 250 usuarios 1-244,text,true,,4757,120,250,250,https://www.blazedemo.com/,301,0,0
1774386509429,315,3 - Comprar Passagem,200,OK,Teste de Carga - 250 usuarios 1-223,text,true,,6719,420,250,250,https://www.blazedemo.com/purchase.php,303,0,0
1774386509289,457,2 - Escolher Voo,200,OK,Teste de Carga - 250 usuarios 1-106,text,true,,7381,250,250,250,https://www.blazedemo.com/reserve.php,437,0,0
1774386509152,597,3 - Comprar Passagem,200,OK,Teste de Carga - 250 usuarios 1-66,text,true,,6719,420,250,250,https://www.blazedemo.com/purchase.php,585,0,0
1774386508233,1517,1 - Acessar Home,200,OK,Teste de Carga - 250 usuarios 1-121,text,true,,4757,120,250,250,https://www.blazedemo.com/,1505,0,0
1774386508974,780,3 - Comprar Passagem,200,OK,Teste de Carga - 250 usuarios 1-59,text,true,,6719,420,250,250,https://www.blazedemo.com/purchase.php,768,0,0
1774386509485,279,2 - Escolher Voo,200,OK,Teste de Carga - 250 usuarios 1-103,text,true,,7381,250,250,250,https://www.blazedemo.com/reserve.php,259,0,0
1774386509420,344,3 - Comprar Passagem,200,OK,Teste de Carga - 250 usuarios 1-43,text,true,,6719,420,250,250,https://www.blazedemo.com/purchase.php,332,0,0
1774386509325,441,2 - Escolher Voo,200,OK,Teste de Carga - 250 usuarios 1-181,text,true,,7381,250,250,250,https://www.blazedemo.com/reserve.php,420,0,0
1774386509373,394,1 - Acessar Home,200,OK,Teste de Carga - 250 usuarios 1-76,text,true,,4757,120,250,250,https://www.blazedemo.com/,385,0,0
1774386509451,318,2 - Escolher Voo,200,OK,Teste de Carga - 250 usuarios 1-62,text,true,,7381,250,250,250,https://www.blazedemo.com/reserve.php,297,0,0
1774386509457,314,3 - Comprar Passagem,200,OK,Teste de Carga - 250 usuarios 1-42,text,true,,6719,420,250,250,https://www.blazedemo.com/purchase.php,301,0,0
1774386509387,385,1 - Acessar Home,200,OK,Teste de Carga - 250 usuarios 1-243,text,true,,4757,120,250,250,https://www.blazedemo.com/,374,0,0
1774386509444,331,1 - Acessar Home,200,OK,Teste de Carga - 250 usuarios 1-47,text,true,,4757,120,250,250,https://www.blazedemo.com/,319,0,0
1774386509395,384,3 - Comprar Passagem,200,OK,Teste de Carga - 250 usuarios 1-193,text,true,,6719,420,250,250,https://www.blazedemo.com/purchase.php,371,0,0
1774386509455,340,1 - Acessar Home,200,OK,Teste de Carga - 250 usuarios 1-41,text,true,,4757,120,250,250,https://www.blazedemo.com/,328,0,0
1774386509502,296,3 - Comprar Passagem,200,OK,Teste de Carga - 250 usuarios 1-73,text,true,,6719,420,250,250,https://www.blazedemo.com/purchase.php,284,0,0
1774386509343,457,1 - Acessar Home,200,OK,Teste de Carga - 250 usuarios 1-213,text,true,,4757,120,250,250,https://www.blazedemo.com/,445,0,0
1774386509412,406,3 - Comprar Passagem,200,OK,Teste de Carga - 250 usuarios 1-163,text,true,,6719,420,250,250,https://www.blazedemo.com/purchase.php,392,0,0
1774386506259,3560,1 - Acessar Home,200,OK,Teste de Carga - 250 usuarios 1-171,text,true,,4757,120,250,250,https://www.blazedemo.com/,3549,0,0
1774386509514,307,1 - Acessar Home,200,OK,Teste de Carga - 250 usuarios 1-143,text,true,,4757,120,250,250,https://www.blazedemo.com/,295,0,0
1774386505780,4044,3 - Comprar Passagem,200,OK,Teste de Carga - 250 usuarios 1-10,text,true,,6719,420,250,250,https://www.blazedemo.com/purchase.php,4031,0,0
1774386509317,512,3 - Comprar Passagem,200,OK,Teste de Carga - 250 usuarios 1-124,text,true,,6719,420,250,250,https://www.blazedemo.com/purchase.php,496,0,0
1774386507426,2410,1 - Acessar Home,200,OK,Teste de Carga - 250 usuarios 1-215,text,true,,4757,120,250,250,https://www.blazedemo.com/,2396,0,0
1774386508012,1824,1 - Acessar Home,200,OK,Teste de Carga - 250 usuarios 1-112,text,true,,4757,120,250,250,https://www.blazedemo.com/,1813,0,0
1774386508185,1654,1 - Acessar Home,200,OK,Teste de Carga - 250 usuarios 1-110,text,true,,4757,120,250,250,https://www.blazedemo.com/,1641,0,0
1774386508316,1526,2 - Escolher Voo,200,OK,Teste de Carga - 250 usuarios 1-13,text,true,,7381,250,250,250,https://www.blazedemo.com/reserve.php,1506,0,0
1774386509493,349,2 - Escolher Voo,200,OK,Teste de Carga - 250 usuarios 1-232,text,true,,7381,250,250,250,https://www.blazedemo.com/reserve.php,328,0,0
1774386507511,2335,3 - Comprar Passagem,200,OK,Teste de Carga - 250 usuarios 1-92,text,true,,6719,420,250,250,https://www.blazedemo.com/purchase.php,2323,0,0
1774386509582,265,2 - Escolher Voo,200,OK,Teste de Carga - 250 usuarios 1-210,text,true,,7381,250,250,250,https://www.blazedemo.com/reserve.php,249,0,0
1774386506581,3269,3 - Comprar Passagem,200,OK,Teste de Carga - 250 usuarios 1-44,text,true,,6719,420,250,250,https://www.blazedemo.com/purchase.php,3258,0,0
1774386506413,3443,2 - Escolher Voo,200,OK,Teste de Carga - 250 usuarios 1-131,text,true,,7381,250,250,250,https://www.blazedemo.com/reserve.php,3422,0,0
1774386509589,275,3 - Comprar Passagem,200,OK,Teste de Carga - 250 usuarios 1-206,text,true,,6719,420,250,250,https://www.blazedemo.com/purchase.php,263,0,0
1774386509485,381,1 - Acessar Home,200,OK,Teste de Carga - 250 usuarios 1-123,text,true,,4757,120,250,250,https://www.blazedemo.com/,370,0,0
1774386509429,439,2 - Escolher Voo,200,OK,Teste de Carga - 250 usuarios 1-20,text,true,,7381,250,250,250,https://www.blazedemo.com/reserve.php,419,0,0
1774386508463,1408,1 - Acessar Home,200,OK,Teste de Carga - 250 usuarios 1-6,text,true,,4757,120,250,250,https://www.blazedemo.com/,1397,0,0
1774386509400,473,2 - Escolher Voo,200,OK,Teste de Carga - 250 usuarios 1-190,text,true,,7381,250,250,250,https://www.blazedemo.com/reserve.php,452,0,0
1774386509500,374,1 - Acessar Home,200,OK,Teste de Carga - 250 usuarios 1-75,text,true,,4757,120,250,250,https://www.blazedemo.com/,364,0,0
1774386509608,268,1 - Acessar Home,200,OK,Teste de Carga - 250 usuarios 1-63,text,true,,4757,120,250,250,https://www.blazedemo.com/,258,0,0
1774386509469,408,1 - Acessar Home,200,OK,Teste de Carga - 250 usuarios 1-204,text,true,,4757,120,250,250,https://www.blazedemo.com/,397,0,0
1774386509478,399,3 - Comprar Passagem,200,OK,Teste de Carga - 250 usuarios 1-179,text,true,,6719,420,250,250,https://www.blazedemo.com/purchase.php,389,0,0
1774386509612,266,1 - Acessar Home,200,OK,Teste de Carga - 250 usuarios 1-70,text,true,,4757,120,250,250,https://www.blazedemo.com/,255,0,0
1774386509506,380,2 - Escolher Voo,200,OK,Teste de Carga - 250 usuarios 1-236,text,true,,7381,250,250,250,https://www.blazedemo.com/reserve.php,359,0,0
1774386509641,248,1 - Acessar Home,200,OK,Teste de Carga - 250 usuarios 1-145,text,true,,4757,120,250,250,https://www.blazedemo.com/,235,0,0
1774386509656,240,1 - Acessar Home,200,OK,Teste de Carga - 250 usuarios 1-188,text,true,,4757,120,250,250,https://www.blazedemo.com/,228,0,0
1774386509484,415,3 - Comprar Passagem,200,OK,Teste de Carga - 250 usuarios 1-126,text,true,,6719,420,250,250,https://www.blazedemo.com/purchase.php,402,0,0
1774386509592,307,1 - Acessar Home,200,OK,Teste de Carga - 250 usuarios 1-197,text,true,,4757,120,250,250,https://www.blazedemo.com/,294,0,0
1774386506616,3285,2 - Escolher Voo,200,OK,Teste de Carga - 250 usuarios 1-129,text,true,,7381,250,250,250,https://www.blazedemo.com/reserve.php,3264,0,0
1774386505805,4097,1 - Acessar Home,200,OK,Teste de Carga - 250 usuarios 1-95,text,true,,4757,120,250,250,https://www.blazedemo.com/,4085,0,0
1774386509560,350,2 - Escolher Voo,200,OK,Teste de Carga - 250 usuarios 1-242,text,true,,7381,250,250,250,https://www.blazedemo.com/reserve.php,329,0,0
1774386506259,3655,2 - Escolher Voo,200,OK,Teste de Carga - 250 usuarios 1-35,text,true,,7381,250,250,250,https://www.blazedemo.com/reserve.php,3637,0,0
1774386509500,430,3 - Comprar Passagem,200,OK,Teste de Carga - 250 usuarios 1-53,text,true,,6719,420,250,250,https://www.blazedemo.com/purchase.php,414,0,0
1774386509680,252,3 - Comprar Passagem,200,OK,Teste de Carga - 250 usuarios 1-135,text,true,,6719,420,250,250,https://www.blazedemo.com/purchase.php,240,0,0
1774386509692,244,3 - Comprar Passagem,200,OK,Teste de Carga - 250 usuarios 1-93,text,true,,6719,420,250,250,https://www.blazedemo.com/purchase.php,232,0,0
1774386509416,523,1 - Acessar Home,200,OK,Teste de Carga - 250 usuarios 1-141,text,true,,4757,120,250,250,https://www.blazedemo.com/,511,0,0
1774386508474,1468,3 - Comprar Passagem,200,OK,Teste de Carga - 250 usuarios 1-94,text,true,,6719,420,250,250,https://www.blazedemo.com/purchase.php,1456,0,0
1774386509566,377,3 - Comprar Passagem,200,OK,Teste de Carga - 250 usuarios 1-134,text,true,,6719,420,250,250,https://www.blazedemo.com/purchase.php,364,0,0
1774386509541,403,2 - Escolher Voo,200,OK,Teste de Carga - 250 usuarios 1-144,text,true,,7381,250,250,250,https://www.blazedemo.com/reserve.php,383,0,0
1774386509655,298,3 - Comprar Passagem,200,OK,Teste de Carga - 250 usuarios 1-231,text,true,,6719,420,250,250,https://www.blazedemo.com/purchase.php,289,0,0
1774386507517,2436,2 - Escolher Voo,200,OK,Teste de Carga - 250 usuarios 1-64,text,true,,7381,250,250,250,https://www.blazedemo.com/reserve.php,2415,0,0
1774386509696,273,2 - Escolher Voo,200,OK,Teste de Carga - 250 usuarios 1-108,text,true,,7381,250,250,250,https://www.blazedemo.com/reserve.php,252,0,0
1774386507543,2428,1 - Acessar Home,200,OK,Teste de Carga - 250 usuarios 1-195,text,true,,4757,120,250,250,https://www.blazedemo.com/,2416,0,0
1774386509500,477,2 - Escolher Voo,200,OK,Teste de Carga - 250 usuarios 1-192,text,true,,7381,250,250,250,https://www.blazedemo.com/reserve.php,457,0,0
1774386509681,298,3 - Comprar Passagem,200,OK,Teste de Carga - 250 usuarios 1-18,text,true,,6719,420,250,250,https://www.blazedemo.com/purchase.php,285,0,0
1774386509716,263,1 - Acessar Home,200,OK,Teste de Carga - 250 usuarios 1-101,text,true,,4757,120,250,250,https://www.blazedemo.com/,251,0,0
1774386509681,303,2 - Escolher Voo,200,OK,Teste de Carga - 250 usuarios 1-189,text,true,,7381,250,250,250,https://www.blazedemo.com/reserve.php,282,0,0
1774386509577,414,3 - Comprar Passagem,200,OK,Teste de Carga - 250 usuarios 1-173,text,true,,6719,420,250,250,https://www.blazedemo.com/purchase.php,402,0,0
1774386509735,259,1 - Acessar Home,200,OK,Teste de Carga - 250 usuarios 1-201,text,true,,4757,120,250,250,https://www.blazedemo.com/,247,0,0
1774386509390,605,2 - Escolher Voo,200,OK,Teste de Carga - 250 usuarios 1-133,text,true,,7381,250,250,250,https://www.blazedemo.com/reserve.php,584,0,0
1774386509648,354,3 - Comprar Passagem,200,OK,Teste de Carga - 250 usuarios 1-198,text,true,,6719,420,250,250,https://www.blazedemo.com/purchase.php,342,0,0
1774386509558,445,2 - Escolher Voo,200,OK,Teste de Carga - 250 usuarios 1-71,text,true,,7381,250,250,250,https://www.blazedemo.com/reserve.php,424,0,0
1774386506371,3641,1 - Acessar Home,200,OK,Teste de Carga - 250 usuarios 1-90,text,true,,4757,120,250,250,https://www.blazedemo.com/,3630,0,0
1774386509779,236,1 - Acessar Home,200,OK,Teste de Carga - 250 usuarios 1-193,text,true,,4757,120,250,250,https://www.blazedemo.com/,223,0,0
1774386509722,294,3 - Comprar Passagem,200,OK,Teste de Carga - 250 usuarios 1-180,text,true,,6719,420,250,250,https://www.blazedemo.com/purchase.php,282,0,0
1774386509746,277,3 - Comprar Passagem,200,OK,Teste de Carga - 250 usuarios 1-106,text,true,,6719,420,250,250,https://www.blazedemo.com/purchase.php,260,0,0
1774386509434,598,2 - Escolher Voo,200,OK,Teste de Carga - 250 usuarios 1-8,text,true,,7381,250,250,250,https://www.blazedemo.com/reserve.php,578,0,0
1774386506688,3348,3 - Comprar Passagem,200,OK,Teste de Carga - 250 usuarios 1-149,text,true,,6719,420,250,250,https://www.blazedemo.com/purchase.php,3331,0,0
1774386506481,3557,1 - Acessar Home,200,OK,Teste de Carga - 250 usuarios 1-14,text,true,,4757,120,250,250,https://www.blazedemo.com/,3545,0,0
1774386509681,360,2 - Escolher Voo,200,OK,Teste de Carga - 250 usuarios 1-48,text,true,,7381,250,250,250,https://www.blazedemo.com/reserve.php,340,0,0
1774386509669,374,3 - Comprar Passagem,200,OK,Teste de Carga - 250 usuarios 1-109,text,true,,6719,420,250,250,https://www.blazedemo.com/purchase.php,362,0,0
1774386509754,289,1 - Acessar Home,200,OK,Teste de Carga - 250 usuarios 1-59,text,true,,4757,120,250,250,https://www.blazedemo.com/,276,0,0
1774386506653,3390,3 - Comprar Passagem,200,OK,Teste de Carga - 250 usuarios 1-147,text,true,,6719,420,250,250,https://www.blazedemo.com/purchase.php,3378,0,0
1774386507615,2447,3 - Comprar Passagem,200,OK,Teste de Carga - 250 usuarios 1-154,text,true,,6719,420,250,250,https://www.blazedemo.com/purchase.php,2433,0,0
1774386509721,344,1 - Acessar Home,200,OK,Teste de Carga - 250 usuarios 1-49,text,true,,4757,120,250,250,https://www.blazedemo.com/,334,0,0
1774386509800,281,2 - Escolher Voo,200,OK,Teste de Carga - 250 usuarios 1-213,text,true,,7381,250,250,250,https://www.blazedemo.com/reserve.php,262,0,0
1774386509561,522,1 - Acessar Home,200,OK,Teste de Carga - 250 usuarios 1-86,text,true,,4757,120,250,250,https://www.blazedemo.com/,510,0,0
1774386505960,4132,3 - Comprar Passagem,200,OK,Teste de Carga - 250 usuarios 1-125,text,true,,6719,420,250,250,https://www.blazedemo.com/purchase.php,4119,0,0
1774386507743,2350,3 - Comprar Passagem,200,OK,Teste de Carga - 250 usuarios 1-12,text,true,,6719,420,250,250,https://www.blazedemo.com/purchase.php,2336,0,0
1774386509836,260,2 - Escolher Voo,200,OK,Teste de Carga - 250 usuarios 1-215,text,true,,7381,250,250,250,https://www.blazedemo.com/reserve.php,239,0,0
1774386509634,465,2 - Escolher Voo,200,OK,Teste de Carga - 250 usuarios 1-100,text,true,,7381,250,250,250,https://www.blazedemo.com/reserve.php,445,0,0
1774386509668,432,3 - Comprar Passagem,200,OK,Teste de Carga - 250 usuarios 1-23,text,true,,6719,420,250,250,https://www.blazedemo.com/purchase.php,419,0,0
1774386509711,391,3 - Comprar Passagem,200,OK,Teste de Carga - 250 usuarios 1-99,text,true,,6719,420,250,250,https://www.blazedemo.com/purchase.php,378,0,0
1774386506689,3415,3 - Comprar Passagem,200,OK,Teste de Carga - 250 usuarios 1-11,text,true,,6719,420,250,250,https://www.blazedemo.com/purchase.php,3403,0,0
1774386509693,417,3 - Comprar Passagem,200,OK,Teste de Carga - 250 usuarios 1-196,text,true,,6719,420,250,250,https://www.blazedemo.com/purchase.php,405,0,0
1774386509839,272,2 - Escolher Voo,200,OK,Teste de Carga - 250 usuarios 1-110,text,true,,7381,250,250,250,https://www.blazedemo.com/reserve.php,252,0,0
1774386509772,341,2 - Escolher Voo,200,OK,Teste de Carga - 250 usuarios 1-243,text,true,,7381,250,250,250,https://www.blazedemo.com/reserve.php,321,0,0
1774386509818,296,1 - Acessar Home,200,OK,Teste de Carga - 250 usuarios 1-163,text,true,,4757,120,250,250,https://www.blazedemo.com/,284,0,0
1774386509533,583,2 - Escolher Voo,200,OK,Teste de Carga - 250 usuarios 1-175,text,true,,7381,250,250,250,https://www.blazedemo.com/reserve.php,563,0,0
1774386509623,494,3 - Comprar Passagem,200,OK,Teste de Carga - 250 usuarios 1-139,text,true,,6719,420,250,250,https://www.blazedemo.com/purchase.php,483,0,0
1774386509764,357,3 - Comprar Passagem,200,OK,Teste de Carga - 250 usuarios 1-103,text,true,,6719,420,250,250,https://www.blazedemo.com/purchase.php,346,0,0
1774386509824,298,1 - Acessar Home,200,OK,Teste de Carga - 250 usuarios 1-10,text,true,,4757,120,250,250,https://www.blazedemo.com/,286,0,0
1774386509865,270,1 - Acessar Home,200,OK,Teste de Carga - 250 usuarios 1-206,text,true,,4757,120,250,250,https://www.blazedemo.com/,258,0,0
1774386509836,300,2 - Escolher Voo,200,OK,Teste de Carga - 250 usuarios 1-112,text,true,,7381,250,250,250,https://www.blazedemo.com/reserve.php,279,0,0
1774386509522,616,1 - Acessar Home,200,OK,Teste de Carga - 250 usuarios 1-116,text,true,,4757,120,250,250,https://www.blazedemo.com/,603,0,0
1774386506494,3647,2 - Escolher Voo,200,OK,Teste de Carga - 250 usuarios 1-187,text,true,,7381,250,250,250,https://www.blazedemo.com/reserve.php,3625,0,0
1774386509871,272,2 - Escolher Voo,200,OK,Teste de Carga - 250 usuarios 1-6,text,true,,7381,250,250,250,https://www.blazedemo.com/reserve.php,252,0,0
1774386509766,381,3 - Comprar Passagem,200,OK,Teste de Carga - 250 usuarios 1-181,text,true,,6719,420,250,250,https://www.blazedemo.com/purchase.php,367,0,0
1774386509886,295,3 - Comprar Passagem,200,OK,Teste de Carga - 250 usuarios 1-236,text,true,,6719,420,250,250,https://www.blazedemo.com/purchase.php,282,0,0
1774386508530,1661,1 - Acessar Home,200,OK,Teste de Carga - 250 usuarios 1-60,text,true,,4757,120,250,250,https://www.blazedemo.com/,1649,0,0
1774386509910,281,3 - Comprar Passagem,200,OK,Teste de Carga - 250 usuarios 1-242,text,true,,6719,420,250,250,https://www.blazedemo.com/purchase.php,269,0,0
1774386509668,530,3 - Comprar Passagem,200,OK,Teste de Carga - 250 usuarios 1-176,text,true,,6719,420,250,250,https://www.blazedemo.com/purchase.php,514,0,0
1774386509932,267,1 - Acessar Home,200,OK,Teste de Carga - 250 usuarios 1-135,text,true,,4757,120,250,250,https://www.blazedemo.com/,254,0,0
1774386508758,1441,3 - Comprar Passagem,200,OK,Teste de Carga - 250 usuarios 1-16,text,true,,6719,420,250,250,https://www.blazedemo.com/purchase.php,1430,0,0
1774386507801,2405,1 - Acessar Home,200,OK,Teste de Carga - 250 usuarios 1-97,text,true,,4757,120,250,250,https://www.blazedemo.com/,2395,0,0
1774386509795,412,2 - Escolher Voo,200,OK,Teste de Carga - 250 usuarios 1-41,text,true,,7381,250,250,250,https://www.blazedemo.com/reserve.php,393,0,0
1774386509953,260,1 - Acessar Home,200,OK,Teste de Carga - 250 usuarios 1-231,text,true,,4757,120,250,250,https://www.blazedemo.com/,248,0,0
1774386509648,567,1 - Acessar Home,200,OK,Teste de Carga - 250 usuarios 1-234,text,true,,4757,120,250,250,https://www.blazedemo.com/,555,0,0
1774386508941,1276,2 - Escolher Voo,200,OK,Teste de Carga - 250 usuarios 1-36,text,true,,7381,250,250,250,https://www.blazedemo.com/reserve.php,1256,0,0
1774386509530,688,1 - Acessar Home,200,OK,Teste de Carga - 250 usuarios 1-191,text,true,,4757,120,250,250,https://www.blazedemo.com/,674,0,0
1774386506694,3530,3 - Comprar Passagem,200,OK,Teste de Carga - 250 usuarios 1-104,text,true,,6719,420,250,250,https://www.blazedemo.com/purchase.php,3514,0,0
1774386509901,324,3 - Comprar Passagem,200,OK,Teste de Carga - 250 usuarios 1-129,text,true,,6719,420,250,250,https://www.blazedemo.com/purchase.php,306,0,0
1774386509943,287,1 - Acessar Home,200,OK,Teste de Carga - 250 usuarios 1-134,text,true,,4757,120,250,250,https://www.blazedemo.com/,276,0,0
1774386509744,490,1 - Acessar Home,200,OK,Teste de Carga - 250 usuarios 1-223,text,true,,4757,120,250,250,https://www.blazedemo.com/,481,0,0
1774386509874,361,2 - Escolher Voo,200,OK,Teste de Carga - 250 usuarios 1-75,text,true,,7381,250,250,250,https://www.blazedemo.com/reserve.php,345,0,0
1774386509944,293,3 - Comprar Passagem,200,OK,Teste de Carga - 250 usuarios 1-144,text,true,,6719,420,250,250,https://www.blazedemo.com/purchase.php,282,0,0
1774386509718,520,1 - Acessar Home,200,OK,Teste de Carga - 250 usuarios 1-33,text,true,,4757,120,250,250,https://www.blazedemo.com/,509,0,0
1774386509084,1157,2 - Escolher Voo,200,OK,Teste de Carga - 250 usuarios 1-224,text,true,,7381,250,250,250,https://www.blazedemo.com/reserve.php,1136,0,0
1774386509878,367,2 - Escolher Voo,200,OK,Teste de Carga - 250 usuarios 1-70,text,true,,7381,250,250,250,https://www.blazedemo.com/reserve.php,346,0,0
1774386509868,377,3 - Comprar Passagem,200,OK,Teste de Carga - 250 usuarios 1-20,text,true,,6719,420,250,250,https://www.blazedemo.com/purchase.php,365,0,0
1774386509660,588,2 - Escolher Voo,200,OK,Teste de Carga - 250 usuarios 1-211,text,true,,7381,250,250,250,https://www.blazedemo.com/reserve.php,568,0,0
1774386506643,3607,2 - Escolher Voo,200,OK,Teste de Carga - 250 usuarios 1-151,text,true,,7381,250,250,250,https://www.blazedemo.com/reserve.php,3589,0,0
1774386508950,1307,2 - Escolher Voo,200,OK,Teste de Carga - 250 usuarios 1-2,text,true,,7381,250,250,250,https://www.blazedemo.com/reserve.php,1286,0,0
1774386506728,3533,2 - Escolher Voo,200,OK,Teste de Carga - 250 usuarios 1-118,text,true,,7381,250,250,250,https://www.blazedemo.com/reserve.php,3512,0,0
1774386509899,363,1 - Acessar Home,200,OK,Teste de Carga - 250 usuarios 1-126,text,true,,4757,120,250,250,https://www.blazedemo.com/,350,0,0
1774386509969,296,3 - Comprar Passagem,200,OK,Teste de Carga - 250 usuarios 1-108,text,true,,6719,420,250,250,https://www.blazedemo.com/purchase.php,284,0,0
1774386509936,341,1 - Acessar Home,200,OK,Teste de Carga - 250 usuarios 1-93,text,true,,4757,120,250,250,https://www.blazedemo.com/,329,0,0
1774386509991,293,1 - Acessar Home,200,OK,Teste de Carga - 250 usuarios 1-173,text,true,,4757,120,250,250,https://www.blazedemo.com/,281,0,0
1774386509524,769,2 - Escolher Voo,200,OK,Teste de Carga - 250 usuarios 1-152,text,true,,7381,250,250,250,https://www.blazedemo.com/reserve.php,748,0,0
1774386506681,3612,1 - Acessar Home,200,OK,Teste de Carga - 250 usuarios 1-172,text,true,,4757,120,250,250,https://www.blazedemo.com/,3600,0,0
1774386506388,3910,2 - Escolher Voo,200,OK,Teste de Carga - 250 usuarios 1-228,text,true,,7381,250,250,250,https://www.blazedemo.com/reserve.php,3890,0,0
1774386509995,308,3 - Comprar Passagem,200,OK,Teste de Carga - 250 usuarios 1-133,text,true,,6719,420,250,250,https://www.blazedemo.com/purchase.php,297,0,0
1774386509767,542,2 - Escolher Voo,200,OK,Teste de Carga - 250 usuarios 1-76,text,true,,7381,250,250,250,https://www.blazedemo.com/reserve.php,521,0,0
1774386509177,1132,3 - Comprar Passagem,200,OK,Teste de Carga - 250 usuarios 1-34,text,true,,6719,420,250,250,https://www.blazedemo.com/purchase.php,1120,0,0
1774386507923,2390,2 - Escolher Voo,200,OK,Teste de Carga - 250 usuarios 1-79,text,true,,7381,250,250,250,https://www.blazedemo.com/reserve.php,2370,0,0
1774386509723,592,3 - Comprar Passagem,200,OK,Teste de Carga - 250 usuarios 1-168,text,true,,6719,420,250,250,https://www.blazedemo.com/purchase.php,579,0,0
1774386509971,349,2 - Escolher Voo,200,OK,Teste de Carga - 250 usuarios 1-195,text,true,,7381,250,250,250,https://www.blazedemo.com/reserve.php,327,0,0
1774386508016,2312,2 - Escolher Voo,200,OK,Teste de Carga - 250 usuarios 1-238,text,true,,7381,250,250,250,https://www.blazedemo.com/reserve.php,2291,0,0
1774386510051,284,2 - Escolher Voo,200,OK,Teste de Carga - 250 usuarios 1-90,text,true,,7381,250,250,250,https://www.blazedemo.com/reserve.php,264,0,0
1774386510084,260,2 - Escolher Voo,200,OK,Teste de Carga - 250 usuarios 1-86,text,true,,7381,250,250,250,https://www.blazedemo.com/reserve.php,240,0,0
1774386510096,250,3 - Comprar Passagem,200,OK,Teste de Carga - 250 usuarios 1-215,text,true,,6719,420,250,250,https://www.blazedemo.com/purchase.php,239,0,0
1774386510003,343,3 - Comprar Passagem,200,OK,Teste de Carga - 250 usuarios 1-71,text,true,,6719,420,250,250,https://www.blazedemo.com/purchase.php,327,0,0
1774386510036,327,1 - Acessar Home,200,OK,Teste de Carga - 250 usuarios 1-149,text,true,,4757,120,250,250,https://www.blazedemo.com/,315,0,0
1774386509771,595,1 - Acessar Home,200,OK,Teste de Carga - 250 usuarios 1-42,text,true,,4757,120,250,250,https://www.blazedemo.com/,584,0,0
1774386506709,3664,2 - Escolher Voo,200,OK,Teste de Carga - 250 usuarios 1-212,text,true,,7381,250,250,250,https://www.blazedemo.com/reserve.php,3644,0,0
1774386508950,1424,1 - Acessar Home,200,OK,Teste de Carga - 250 usuarios 1-58,text,true,,4757,120,250,250,https://www.blazedemo.com/,1413,0,0
1774386508994,1382,3 - Comprar Passagem,200,OK,Teste de Carga - 250 usuarios 1-247,text,true,,6719,420,250,250,https://www.blazedemo.com/purchase.php,1371,0,0
1774386509775,610,2 - Escolher Voo,200,OK,Teste de Carga - 250 usuarios 1-47,text,true,,7381,250,250,250,https://www.blazedemo.com/reserve.php,594,0,0
1774386509185,1204,2 - Escolher Voo,200,OK,Teste de Carga - 250 usuarios 1-4,text,true,,7381,250,250,250,https://www.blazedemo.com/reserve.php,1184,0,0
1774386509580,809,2 - Escolher Voo,200,OK,Teste de Carga - 250 usuarios 1-158,text,true,,7381,250,250,250,https://www.blazedemo.com/reserve.php,789,0,0
1774386509856,536,3 - Comprar Passagem,200,OK,Teste de Carga - 250 usuarios 1-131,text,true,,6719,420,250,250,https://www.blazedemo.com/purchase.php,523,0,0
1774386506415,3979,3 - Comprar Passagem,200,OK,Teste de Carga - 250 usuarios 1-178,text,true,,6719,420,250,250,https://www.blazedemo.com/purchase.php,3967,0,0
1774386510002,395,1 - Acessar Home,200,OK,Teste de Carga - 250 usuarios 1-198,text,true,,4757,120,250,250,https://www.blazedemo.com/,383,0,0
1774386510136,266,3 - Comprar Passagem,200,OK,Teste de Carga - 250 usuarios 1-112,text,true,,6719,420,250,250,https://www.blazedemo.com/purchase.php,254,0,0
1774386506415,3991,3 - Comprar Passagem,200,OK,Teste de Carga - 250 usuarios 1-114,text,true,,6719,420,250,250,https://www.blazedemo.com/purchase.php,3979,0,0
1774386509242,1169,3 - Comprar Passagem,200,OK,Teste de Carga - 250 usuarios 1-78,text,true,,6719,420,250,250,https://www.blazedemo.com/purchase.php,1149,0,0
1774386509979,434,2 - Escolher Voo,200,OK,Teste de Carga - 250 usuarios 1-101,text,true,,7381,250,250,250,https://www.blazedemo.com/reserve.php,412,0,0
1774386508098,2320,2 - Escolher Voo,200,OK,Teste de Carga - 250 usuarios 1-30,text,true,,7381,250,250,250,https://www.blazedemo.com/reserve.php,2299,0,0
1774386510114,313,2 - Escolher Voo,200,OK,Teste de Carga - 250 usuarios 1-163,text,true,,7381,250,250,250,https://www.blazedemo.com/reserve.php,291,0,0
1774386509390,1052,1 - Acessar Home,200,OK,Teste de Carga - 250 usuarios 1-164,text,true,,4757,120,250,250,https://www.blazedemo.com/,1041,0,0
1774386510100,345,3 - Comprar Passagem,200,OK,Teste de Carga - 250 usuarios 1-100,text,true,,6719,420,250,250,https://www.blazedemo.com/purchase.php,331,0,0
1774386510116,331,3 - Comprar Passagem,200,OK,Teste de Carga - 250 usuarios 1-175,text,true,,6719,420,250,250,https://www.blazedemo.com/purchase.php,315,0,0
1774386510043,407,2 - Escolher Voo,200,OK,Teste de Carga - 250 usuarios 1-59,text,true,,7381,250,250,250,https://www.blazedemo.com/reserve.php,387,0,0
1774386507209,3245,2 - Escolher Voo,200,OK,Teste de Carga - 250 usuarios 1-128,text,true,,7381,250,250,250,https://www.blazedemo.com/reserve.php,3222,0,0
1774386510213,242,2 - Escolher Voo,200,OK,Teste de Carga - 250 usuarios 1-231,text,true,,7381,250,250,250,https://www.blazedemo.com/reserve.php,221,0,0
1774386509873,591,3 - Comprar Passagem,200,OK,Teste de Carga - 250 usuarios 1-190,text,true,,6719,420,250,250,https://www.blazedemo.com/purchase.php,579,0,0
1774386510191,273,1 - Acessar Home,200,OK,Teste de Carga - 250 usuarios 1-242,text,true,,4757,120,250,250,https://www.blazedemo.com/,261,0,0
1774386510041,433,3 - Comprar Passagem,200,OK,Teste de Carga - 250 usuarios 1-48,text,true,,6719,420,250,250,https://www.blazedemo.com/purchase.php,416,0,0
1774386510065,409,2 - Escolher Voo,200,OK,Teste de Carga - 250 usuarios 1-49,text,true,,7381,250,250,250,https://www.blazedemo.com/reserve.php,389,0,0
1774386509819,659,2 - Escolher Voo,200,OK,Teste de Carga - 250 usuarios 1-171,text,true,,7381,250,250,250,https://www.blazedemo.com/reserve.php,638,0,0
1774386510135,343,2 - Escolher Voo,200,OK,Teste de Carga - 250 usuarios 1-206,text,true,,7381,250,250,250,https://www.blazedemo.com/reserve.php,324,0,0
1774386510093,398,1 - Acessar Home,200,OK,Teste de Carga - 250 usuarios 1-12,text,true,,4757,120,250,250,https://www.blazedemo.com/,386,0,0
1774386506714,3779,3 - Comprar Passagem,200,OK,Teste de Carga - 250 usuarios 1-162,text,true,,6719,420,250,250,https://www.blazedemo.com/purchase.php,3768,0,0
1774386508146,2366,2 - Escolher Voo,200,OK,Teste de Carga - 250 usuarios 1-194,text,true,,7381,250,250,250,https://www.blazedemo.com/reserve.php,2345,0,0
1774386506589,3926,1 - Acessar Home,200,OK,Teste de Carga - 250 usuarios 1-57,text,true,,4757,120,250,250,https://www.blazedemo.com/,3915,0,0
1774386509523,996,1 - Acessar Home,200,OK,Teste de Carga - 250 usuarios 1-137,text,true,,4757,120,250,250,https://www.blazedemo.com/,986,0,0
1774386509545,976,1 - Acessar Home,200,OK,Teste de Carga - 250 usuarios 1-113,text,true,,4757,120,250,250,https://www.blazedemo.com/,964,0,0
1774386510199,323,1 - Acessar Home,200,OK,Teste de Carga - 250 usuarios 1-16,text,true,,4757,120,250,250,https://www.blazedemo.com/,312,0,0
1774386510215,310,2 - Escolher Voo,200,OK,Teste de Carga - 250 usuarios 1-234,text,true,,7381,250,250,250,https://www.blazedemo.com/reserve.php,290,0,0
1774386510081,444,3 - Comprar Passagem,200,OK,Teste de Carga - 250 usuarios 1-213,text,true,,6719,420,250,250,https://www.blazedemo.com/purchase.php,433,0,0
1774386510262,265,2 - Escolher Voo,200,OK,Teste de Carga - 250 usuarios 1-126,text,true,,7381,250,250,250,https://www.blazedemo.com/reserve.php,245,0,0
1774386510237,307,1 - Acessar Home,200,OK,Teste de Carga - 250 usuarios 1-144,text,true,,4757,120,250,250,https://www.blazedemo.com/,295,0,0
1774386509889,659,2 - Escolher Voo,200,OK,Teste de Carga - 250 usuarios 1-145,text,true,,7381,250,250,250,https://www.blazedemo.com/reserve.php,640,0,0
1774386509821,744,2 - Escolher Voo,200,OK,Teste de Carga - 250 usuarios 1-143,text,true,,7381,250,250,250,https://www.blazedemo.com/reserve.php,724,0,0
1774386510225,342,1 - Acessar Home,200,OK,Teste de Carga - 250 usuarios 1-129,text,true,,4757,120,250,250,https://www.blazedemo.com/,338,0,0
1774386510122,448,1 - Acessar Home,200,OK,Teste de Carga - 250 usuarios 1-103,text,true,,4757,120,250,250,https://www.blazedemo.com/,436,0,0
1774386509152,1429,1 - Acessar Home,200,OK,Teste de Carga - 250 usuarios 1-160,text,true,,4757,120,250,250,https://www.blazedemo.com/,1417,0,0
1774386510346,242,1 - Acessar Home,200,OK,Teste de Carga - 250 usuarios 1-215,text,true,,4757,120,250,250,https://www.blazedemo.com/,228,0,0
1774386507228,3361,1 - Acessar Home,200,OK,Teste de Carga - 250 usuarios 1-105,text,true,,4757,120,250,250,https://www.blazedemo.com/,3349,0,0
1774386507265,3326,1 - Acessar Home,200,OK,Teste de Carga - 250 usuarios 1-248,text,true,,4757,120,250,250,https://www.blazedemo.com/,3313,0,0
1774386510265,328,1 - Acessar Home,200,OK,Teste de Carga - 250 usuarios 1-108,text,true,,4757,120,250,250,https://www.blazedemo.com/,316,0,0
1774386510218,380,2 - Escolher Voo,200,OK,Teste de Carga - 250 usuarios 1-191,text,true,,7381,250,250,250,https://www.blazedemo.com/reserve.php,360,0,0
1774386509261,1337,2 - Escolher Voo,200,OK,Teste de Carga - 250 usuarios 1-209,text,true,,7381,250,250,250,https://www.blazedemo.com/reserve.php,1316,0,0
1774386510363,238,2 - Escolher Voo,200,OK,Teste de Carga - 250 usuarios 1-149,text,true,,7381,250,250,250,https://www.blazedemo.com/reserve.php,221,0,0
1774386510284,321,2 - Escolher Voo,200,OK,Teste de Carga - 250 usuarios 1-173,text,true,,7381,250,250,250,https://www.blazedemo.com/reserve.php,306,0,0
1774386509842,765,3 - Comprar Passagem,200,OK,Teste de Carga - 250 usuarios 1-232,text,true,,6719,420,250,250,https://www.blazedemo.com/purchase.php,752,0,0
1774386510245,368,3 - Comprar Passagem,200,OK,Teste de Carga - 250 usuarios 1-70,text,true,,6719,420,250,250,https://www.blazedemo.com/purchase.php,358,0,0
1774386510114,503,3 - Comprar Passagem,200,OK,Teste de Carga - 250 usuarios 1-243,text,true,,6719,420,250,250,https://www.blazedemo.com/purchase.php,486,0,0
1774386510257,360,3 - Comprar Passagem,200,OK,Teste de Carga - 250 usuarios 1-2,text,true,,6719,420,250,250,https://www.blazedemo.com/purchase.php,346,0,0
1774386509899,720,2 - Escolher Voo,200,OK,Teste de Carga - 250 usuarios 1-197,text,true,,7381,250,250,250,https://www.blazedemo.com/reserve.php,699,0,0
1774386510102,517,1 - Acessar Home,200,OK,Teste de Carga - 250 usuarios 1-99,text,true,,4757,120,250,250,https://www.blazedemo.com/,503,0,0
1774386509351,1284,3 - Comprar Passagem,200,OK,Teste de Carga - 250 usuarios 1-217,text,true,,6719,420,250,250,https://www.blazedemo.com/purchase.php,1272,0,0
1774386507385,3254,2 - Escolher Voo,200,OK,Teste de Carga - 250 usuarios 1-203,text,true,,7381,250,250,250,https://www.blazedemo.com/reserve.php,3235,0,0
1774386506955,3689,2 - Escolher Voo,200,OK,Teste de Carga - 250 usuarios 1-7,text,true,,7381,250,250,250,https://www.blazedemo.com/reserve.php,3669,0,0
1774386506687,3960,3 - Comprar Passagem,200,OK,Teste de Carga - 250 usuarios 1-37,text,true,,6719,420,250,250,https://www.blazedemo.com/purchase.php,3946,0,0
1774386509877,770,2 - Escolher Voo,200,OK,Teste de Carga - 250 usuarios 1-204,text,true,,7381,250,250,250,https://www.blazedemo.com/reserve.php,753,0,0
1774386509604,1047,2 - Escolher Voo,200,OK,Teste de Carga - 250 usuarios 1-107,text,true,,7381,250,250,250,https://www.blazedemo.com/reserve.php,1030,0,0
1774386510394,276,1 - Acessar Home,200,OK,Teste de Carga - 250 usuarios 1-178,text,true,,4757,120,250,250,https://www.blazedemo.com/,264,0,0
1774386509842,833,3 - Comprar Passagem,200,OK,Teste de Carga - 250 usuarios 1-13,text,true,,6719,420,250,250,https://www.blazedemo.com/purchase.php,821,0,0
1774386509639,1043,2 - Escolher Voo,200,OK,Teste de Carga - 250 usuarios 1-67,text,true,,7381,250,250,250,https://www.blazedemo.com/reserve.php,1029,0,0
1774386510315,373,1 - Acessar Home,200,OK,Teste de Carga - 250 usuarios 1-168,text,true,,4757,120,250,250,https://www.blazedemo.com/,361,0,0
1774386508193,2496,2 - Escolher Voo,200,OK,Teste de Carga - 250 usuarios 1-216,text,true,,7381,250,250,250,https://www.blazedemo.com/reserve.php,2475,0,0
1774386510234,457,2 - Escolher Voo,200,OK,Teste de Carga - 250 usuarios 1-223,text,true,,7381,250,250,250,https://www.blazedemo.com/reserve.php,437,0,0
1774386510207,486,3 - Comprar Passagem,200,OK,Teste de Carga - 250 usuarios 1-41,text,true,,6719,420,250,250,https://www.blazedemo.com/purchase.php,470,0,0
1774386510138,559,2 - Escolher Voo,200,OK,Teste de Carga - 250 usuarios 1-116,text,true,,7381,250,250,250,https://www.blazedemo.com/reserve.php,539,0,0
1774386510299,399,3 - Comprar Passagem,200,OK,Teste de Carga - 250 usuarios 1-228,text,true,,6719,420,250,250,https://www.blazedemo.com/purchase.php,387,0,0
1774386510445,253,1 - Acessar Home,200,OK,Teste de Carga - 250 usuarios 1-100,text,true,,4757,120,250,250,https://www.blazedemo.com/,241,0,0
1774386510402,298,1 - Acessar Home,200,OK,Teste de Carga - 250 usuarios 1-112,text,true,,4757,120,250,250,https://www.blazedemo.com/,287,0,0
1774386510181,520,1 - Acessar Home,200,OK,Teste de Carga - 250 usuarios 1-236,text,true,,4757,120,250,250,https://www.blazedemo.com/,508,0,0
1774386510366,336,2 - Escolher Voo,200,OK,Teste de Carga - 250 usuarios 1-42,text,true,,7381,250,250,250,https://www.blazedemo.com/reserve.php,318,0,0
1774386510392,313,1 - Acessar Home,200,OK,Teste de Carga - 250 usuarios 1-131,text,true,,4757,120,250,250,https://www.blazedemo.com/,301,0,0
1774386509876,867,2 - Escolher Voo,200,OK,Teste de Carga - 250 usuarios 1-63,text,true,,7381,250,250,250,https://www.blazedemo.com/reserve.php,847,0,0
1774386507038,3705,2 - Escolher Voo,200,OK,Teste de Carga - 250 usuarios 1-155,text,true,,7381,250,250,250,https://www.blazedemo.com/reserve.php,3685,0,0
1774386506715,4031,1 - Acessar Home,200,OK,Teste de Carga - 250 usuarios 1-138,text,true,,4757,120,250,250,https://www.blazedemo.com/,4020,0,0
1774386506717,4034,3 - Comprar Passagem,200,OK,Teste de Carga - 250 usuarios 1-65,text,true,,6719,420,250,250,https://www.blazedemo.com/purchase.php,4023,0,0
1774386510389,363,3 - Comprar Passagem,200,OK,Teste de Carga - 250 usuarios 1-4,text,true,,6719,420,250,250,https://www.blazedemo.com/purchase.php,352,0,0
1774386509954,803,3 - Comprar Passagem,200,OK,Teste de Carga - 250 usuarios 1-64,text,true,,6719,420,250,250,https://www.blazedemo.com/purchase.php,789,0,0
1774386510038,720,2 - Escolher Voo,200,OK,Teste de Carga - 250 usuarios 1-14,text,true,,7381,250,250,250,https://www.blazedemo.com/reserve.php,700,0,0
1774386509376,1383,3 - Comprar Passagem,200,OK,Teste de Carga - 250 usuarios 1-15,text,true,,6719,420,250,250,https://www.blazedemo.com/purchase.php,1370,0,0
1774386510248,511,3 - Comprar Passagem,200,OK,Teste de Carga - 250 usuarios 1-211,text,true,,6719,420,250,250,https://www.blazedemo.com/purchase.php,497,0,0
1774386507572,3189,3 - Comprar Passagem,200,OK,Teste de Carga - 250 usuarios 1-120,text,true,,6719,420,250,250,https://www.blazedemo.com/purchase.php,3176,0,0
1774386510478,288,3 - Comprar Passagem,200,OK,Teste de Carga - 250 usuarios 1-206,text,true,,6719,420,250,250,https://www.blazedemo.com/purchase.php,278,0,0
1774386509979,789,1 - Acessar Home,200,OK,Teste de Carga - 250 usuarios 1-18,text,true,,4757,120,250,250,https://www.blazedemo.com/,777,0,0
1774386508235,2539,3 - Comprar Passagem,200,OK,Teste de Carga - 250 usuarios 1-81,text,true,,6719,420,250,250,https://www.blazedemo.com/purchase.php,2527,0,0
1774386510418,358,3 - Comprar Passagem,200,OK,Teste de Carga - 250 usuarios 1-30,text,true,,6719,420,250,250,https://www.blazedemo.com/purchase.php,346,0,0
1774386509371,1409,1 - Acessar Home,200,OK,Teste de Carga - 250 usuarios 1-184,text,true,,4757,120,250,250,https://www.blazedemo.com/,1397,0,0
1774386510494,292,1 - Acessar Home,200,OK,Teste de Carga - 250 usuarios 1-162,text,true,,4757,120,250,250,https://www.blazedemo.com/,279,0,0
1774386509661,1125,3 - Comprar Passagem,200,OK,Teste de Carga - 250 usuarios 1-207,text,true,,6719,420,250,250,https://www.blazedemo.com/purchase.php,1113,0,0
1774386510374,412,2 - Escolher Voo,200,OK,Teste de Carga - 250 usuarios 1-58,text,true,,7381,250,250,250,https://www.blazedemo.com/reserve.php,391,0,0
1774386510217,573,3 - Comprar Passagem,200,OK,Teste de Carga - 250 usuarios 1-36,text,true,,6719,420,250,250,https://www.blazedemo.com/purchase.php,562,0,0
1774386510548,260,3 - Comprar Passagem,200,OK,Teste de Carga - 250 usuarios 1-145,text,true,,6719,420,250,250,https://www.blazedemo.com/purchase.php,249,0,0
1774386509731,1080,3 - Comprar Passagem,200,OK,Teste de Carga - 250 usuarios 1-222,text,true,,6719,420,250,250,https://www.blazedemo.com/purchase.php,1068,0,0
1774386510235,582,3 - Comprar Passagem,200,OK,Teste de Carga - 250 usuarios 1-75,text,true,,6719,420,250,250,https://www.blazedemo.com/purchase.php,564,0,0
1774386509479,1346,3 - Comprar Passagem,200,OK,Teste de Carga - 250 usuarios 1-183,text,true,,6719,420,250,250,https://www.blazedemo.com/purchase.php,1330,0,0
1774386510117,714,1 - Acessar Home,200,OK,Teste de Carga - 250 usuarios 1-139,text,true,,4757,120,250,250,https://www.blazedemo.com/,702,0,0
1774386509977,857,3 - Comprar Passagem,200,OK,Teste de Carga - 250 usuarios 1-192,text,true,,6719,420,250,250,https://www.blazedemo.com/purchase.php,845,0,0
1774386510474,365,3 - Comprar Passagem,200,OK,Teste de Carga - 250 usuarios 1-49,text,true,,6719,420,250,250,https://www.blazedemo.com/purchase.php,351,0,0
1774386507043,3797,3 - Comprar Passagem,200,OK,Teste de Carga - 250 usuarios 1-54,text,true,,6719,420,250,250,https://www.blazedemo.com/purchase.php,3785,0,0
1774386506846,3999,1 - Acessar Home,200,OK,Teste de Carga - 250 usuarios 1-29,text,true,,4757,120,250,250,https://www.blazedemo.com/,3985,0,0
1774386510598,261,3 - Comprar Passagem,200,OK,Teste de Carga - 250 usuarios 1-191,text,true,,6719,420,250,250,https://www.blazedemo.com/purchase.php,247,0,0
1774386510206,655,2 - Escolher Voo,200,OK,Teste de Carga - 250 usuarios 1-97,text,true,,7381,250,250,250,https://www.blazedemo.com/reserve.php,635,0,0
1774386508349,2514,1 - Acessar Home,200,OK,Teste de Carga - 250 usuarios 1-26,text,true,,4757,120,250,250,https://www.blazedemo.com/,2502,0,0
1774386510607,259,1 - Acessar Home,200,OK,Teste de Carga - 250 usuarios 1-232,text,true,,4757,120,250,250,https://www.blazedemo.com/,247,0,0
1774386510589,286,2 - Escolher Voo,200,OK,Teste de Carga - 250 usuarios 1-215,text,true,,7381,250,250,250,https://www.blazedemo.com/reserve.php,267,0,0
1774386510398,486,2 - Escolher Voo,200,OK,Teste de Carga - 250 usuarios 1-198,text,true,,7381,250,250,250,https://www.blazedemo.com/reserve.php,465,0,0
1774386506881,4011,1 - Acessar Home,200,OK,Teste de Carga - 250 usuarios 1-185,text,true,,4757,120,250,250,https://www.blazedemo.com/,3999,0,0
1774386510570,325,2 - Escolher Voo,200,OK,Teste de Carga - 250 usuarios 1-103,text,true,,7381,250,250,250,https://www.blazedemo.com/reserve.php,307,0,0
1774386507675,3223,2 - Escolher Voo,200,OK,Teste de Carga - 250 usuarios 1-249,text,true,,7381,250,250,250,https://www.blazedemo.com/reserve.php,3203,0,0
1774386507809,3095,2 - Escolher Voo,200,OK,Teste de Carga - 250 usuarios 1-80,text,true,,7381,250,250,250,https://www.blazedemo.com/reserve.php,3075,0,0
1774386509994,912,2 - Escolher Voo,200,OK,Teste de Carga - 250 usuarios 1-201,text,true,,7381,250,250,250,https://www.blazedemo.com/reserve.php,891,0,0
1774386510515,392,2 - Escolher Voo,200,OK,Teste de Carga - 250 usuarios 1-57,text,true,,7381,250,250,250,https://www.blazedemo.com/reserve.php,373,0,0
1774386510647,263,1 - Acessar Home,200,OK,Teste de Carga - 250 usuarios 1-37,text,true,,4757,120,250,250,https://www.blazedemo.com/,252,0,0
1774386510245,673,1 - Acessar Home,200,OK,Teste de Carga - 250 usuarios 1-20,text,true,,4757,120,250,250,https://www.blazedemo.com/,661,0,0
1774386509769,1156,3 - Comprar Passagem,200,OK,Teste de Carga - 250 usuarios 1-62,text,true,,6719,420,250,250,https://www.blazedemo.com/purchase.php,1144,0,0
1774386510619,308,2 - Escolher Voo,200,OK,Teste de Carga - 250 usuarios 1-99,text,true,,7381,250,250,250,https://www.blazedemo.com/reserve.php,287,0,0
1774386510581,349,2 - Escolher Voo,200,OK,Teste de Carga - 250 usuarios 1-160,text,true,,7381,250,250,250,https://www.blazedemo.com/reserve.php,329,0,0
1774386510143,790,3 - Comprar Passagem,200,OK,Teste de Carga - 250 usuarios 1-6,text,true,,6719,420,250,250,https://www.blazedemo.com/purchase.php,778,0,0
1774386510590,355,2 - Escolher Voo,200,OK,Teste de Carga - 250 usuarios 1-105,text,true,,7381,250,250,250,https://www.blazedemo.com/reserve.php,337,0,0
1774386510670,279,2 - Escolher Voo,200,OK,Teste de Carga - 250 usuarios 1-178,text,true,,7381,250,250,250,https://www.blazedemo.com/reserve.php,259,0,0
1774386510644,309,3 - Comprar Passagem,200,OK,Teste de Carga - 250 usuarios 1-7,text,true,,6719,420,250,250,https://www.blazedemo.com/purchase.php,297,0,0
1774386510335,618,3 - Comprar Passagem,200,OK,Teste de Carga - 250 usuarios 1-90,text,true,,6719,420,250,250,https://www.blazedemo.com/purchase.php,606,0,0
1774386509799,1155,1 - Acessar Home,200,OK,Teste de Carga - 250 usuarios 1-73,text,true,,4757,120,250,250,https://www.blazedemo.com/,1143,0,0
1774386507061,3893,3 - Comprar Passagem,200,OK,Teste de Carga - 250 usuarios 1-85,text,true,,6719,420,250,250,https://www.blazedemo.com/purchase.php,3881,0,0
1774386510411,563,1 - Acessar Home,200,OK,Teste de Carga - 250 usuarios 1-78,text,true,,4757,120,250,250,https://www.blazedemo.com/,551,0,0
1774386507020,3956,1 - Acessar Home,200,OK,Teste de Carga - 250 usuarios 1-52,text,true,,4757,120,250,250,https://www.blazedemo.com/,3945,0,0
1774386510682,295,3 - Comprar Passagem,200,OK,Teste de Carga - 250 usuarios 1-67,text,true,,6719,420,250,250,https://www.blazedemo.com/purchase.php,280,0,0
1774386506991,3986,2 - Escolher Voo,200,OK,Teste de Carga - 250 usuarios 1-200,text,true,,7381,250,250,250,https://www.blazedemo.com/reserve.php,3966,0,0
1774386510751,229,1 - Acessar Home,200,OK,Teste de Carga - 250 usuarios 1-65,text,true,,4757,120,250,250,https://www.blazedemo.com/,218,0,0
1774386510191,794,2 - Escolher Voo,200,OK,Teste de Carga - 250 usuarios 1-60,text,true,,7381,250,250,250,https://www.blazedemo.com/reserve.php,773,0,0
1774386509646,1346,2 - Escolher Voo,200,OK,Teste de Carga - 250 usuarios 1-146,text,true,,7381,250,250,250,https://www.blazedemo.com/reserve.php,1324,0,0
1774386507839,3153,1 - Acessar Home,200,OK,Teste de Carga - 250 usuarios 1-96,text,true,,4757,120,250,250,https://www.blazedemo.com/,3139,0,0
1774386510464,531,1 - Acessar Home,200,OK,Teste de Carga - 250 usuarios 1-190,text,true,,4757,120,250,250,https://www.blazedemo.com/,519,0,0
1774386510706,304,2 - Escolher Voo,200,OK,Teste de Carga - 250 usuarios 1-131,text,true,,7381,250,250,250,https://www.blazedemo.com/reserve.php,288,0,0
1774386510451,568,3 - Comprar Passagem,200,OK,Teste de Carga - 250 usuarios 1-59,text,true,,6719,420,250,250,https://www.blazedemo.com/purchase.php,556,0,0
1774386510651,376,3 - Comprar Passagem,200,OK,Teste de Carga - 250 usuarios 1-107,text,true,,6719,420,250,250,https://www.blazedemo.com/purchase.php,358,0,0
1774386510700,327,2 - Escolher Voo,200,OK,Teste de Carga - 250 usuarios 1-112,text,true,,7381,250,250,250,https://www.blazedemo.com/reserve.php,307,0,0
1774386509846,1186,1 - Acessar Home,200,OK,Teste de Carga - 250 usuarios 1-92,text,true,,4757,120,250,250,https://www.blazedemo.com/,1175,0,0
1774386510016,1020,1 - Acessar Home,200,OK,Teste de Carga - 250 usuarios 1-180,text,true,,4757,120,250,250,https://www.blazedemo.com/,1011,0,0
1774386510743,297,3 - Comprar Passagem,200,OK,Teste de Carga - 250 usuarios 1-63,text,true,,6719,420,250,250,https://www.blazedemo.com/purchase.php,281,0,0
1774386509897,1148,2 - Escolher Voo,200,OK,Teste de Carga - 250 usuarios 1-188,text,true,,7381,250,250,250,https://www.blazedemo.com/reserve.php,1127,0,0
1774386508391,2656,2 - Escolher Voo,200,OK,Teste de Carga - 250 usuarios 1-182,text,true,,7381,250,250,250,https://www.blazedemo.com/reserve.php,2636,0,0
1774386510758,289,3 - Comprar Passagem,200,OK,Teste de Carga - 250 usuarios 1-14,text,true,,6719,420,250,250,https://www.blazedemo.com/purchase.php,277,0,0
1774386510241,806,3 - Comprar Passagem,200,OK,Teste de Carga - 250 usuarios 1-224,text,true,,6719,420,250,250,https://www.blazedemo.com/purchase.php,794,0,0
1774386510309,741,3 - Comprar Passagem,200,OK,Teste de Carga - 250 usuarios 1-76,text,true,,6719,420,250,250,https://www.blazedemo.com/purchase.php,730,0,0
1774386510689,362,3 - Comprar Passagem,200,OK,Teste de Carga - 250 usuarios 1-216,text,true,,6719,420,250,250,https://www.blazedemo.com/purchase.php,350,0,0
1774386510781,271,2 - Escolher Voo,200,OK,Teste de Carga - 250 usuarios 1-184,text,true,,7381,250,250,250,https://www.blazedemo.com/reserve.php,250,0,0
1774386510525,528,3 - Comprar Passagem,200,OK,Teste de Carga - 250 usuarios 1-234,text,true,,6719,420,250,250,https://www.blazedemo.com/purchase.php,515,0,0
1774386510701,353,2 - Escolher Voo,200,OK,Teste de Carga - 250 usuarios 1-236,text,true,,7381,250,250,250,https://www.blazedemo.com/reserve.php,332,0,0
1774386510698,357,2 - Escolher Voo,200,OK,Teste de Carga - 250 usuarios 1-100,text,true,,7381,250,250,250,https://www.blazedemo.com/reserve.php,337,0,0
1774386510594,468,2 - Escolher Voo,200,OK,Teste de Carga - 250 usuarios 1-108,text,true,,7381,250,250,250,https://www.blazedemo.com/reserve.php,449,0,0
1774386507285,3781,2 - Escolher Voo,200,OK,Teste de Carga - 250 usuarios 1-46,text,true,,7381,250,250,250,https://www.blazedemo.com/reserve.php,3761,0,0
1774386510377,693,1 - Acessar Home,200,OK,Teste de Carga - 250 usuarios 1-247,text,true,,4757,120,250,250,https://www.blazedemo.com/,680,0,0
1774386510442,642,2 - Escolher Voo,200,OK,Teste de Carga - 250 usuarios 1-164,text,true,,7381,250,250,250,https://www.blazedemo.com/reserve.php,626,0,0
1774386510261,826,3 - Comprar Passagem,200,OK,Teste de Carga - 250 usuarios 1-118,text,true,,6719,420,250,250,https://www.blazedemo.com/purchase.php,814,0,0
1774386507913,3177,1 - Acessar Home,200,OK,Teste de Carga - 250 usuarios 1-51,text,true,,4757,120,250,250,https://www.blazedemo.com/,3164,0,0
1774386510839,264,1 - Acessar Home,200,OK,Teste de Carga - 250 usuarios 1-49,text,true,,4757,120,250,250,https://www.blazedemo.com/,252,0,0
1774386510831,275,2 - Escolher Voo,200,OK,Teste de Carga - 250 usuarios 1-139,text,true,,7381,250,250,250,https://www.blazedemo.com/reserve.php,255,0,0
1774386510811,306,1 - Acessar Home,200,OK,Teste de Carga - 250 usuarios 1-222,text,true,,4757,120,250,250,https://www.blazedemo.com/,294,0,0
1774386510759,362,1 - Acessar Home,200,OK,Teste de Carga - 250 usuarios 1-211,text,true,,4757,120,250,250,https://www.blazedemo.com/,352,0,0
1774386510104,1017,1 - Acessar Home,200,OK,Teste de Carga - 250 usuarios 1-11,text,true,,4757,120,250,250,https://www.blazedemo.com/,1004,0,0
1774386510043,1080,1 - Acessar Home,200,OK,Teste de Carga - 250 usuarios 1-147,text,true,,4757,120,250,250,https://www.blazedemo.com/,1069,0,0
1774386510565,563,3 - Comprar Passagem,200,OK,Teste de Carga - 250 usuarios 1-143,text,true,,6719,420,250,250,https://www.blazedemo.com/purchase.php,550,0,0
1774386510786,343,1 - Acessar Home,200,OK,Teste de Carga - 250 usuarios 1-207,text,true,,4757,120,250,250,https://www.blazedemo.com/,332,0,0
1774386509851,1280,1 - Acessar Home,200,OK,Teste de Carga - 250 usuarios 1-44,text,true,,4757,120,250,250,https://www.blazedemo.com/,1265,0,0
1774386510746,385,2 - Escolher Voo,200,OK,Teste de Carga - 250 usuarios 1-138,text,true,,7381,250,250,250,https://www.blazedemo.com/reserve.php,364,0,0
1774386510892,246,2 - Escolher Voo,200,OK,Teste de Carga - 250 usuarios 1-185,text,true,,7381,250,250,250,https://www.blazedemo.com/reserve.php,227,0,0
1774386510861,284,3 - Comprar Passagem,200,OK,Teste de Carga - 250 usuarios 1-97,text,true,,6719,420,250,250,https://www.blazedemo.com/purchase.php,272,0,0
1774386510863,283,2 - Escolher Voo,200,OK,Teste de Carga - 250 usuarios 1-26,text,true,,7381,250,250,250,https://www.blazedemo.com/reserve.php,262,0,0
1774386510591,556,2 - Escolher Voo,200,OK,Teste de Carga - 250 usuarios 1-248,text,true,,7381,250,250,250,https://www.blazedemo.com/reserve.php,535,0,0
1774386510015,1132,2 - Escolher Voo,200,OK,Teste de Carga - 250 usuarios 1-193,text,true,,7381,250,250,250,https://www.blazedemo.com/reserve.php,1113,0,0
1774386507157,4002,1 - Acessar Home,200,OK,Teste de Carga - 250 usuarios 1-229,text,true,,4757,120,250,250,https://www.blazedemo.com/,3989,0,0
1774386510768,395,2 - Escolher Voo,200,OK,Teste de Carga - 250 usuarios 1-18,text,true,,7381,250,250,250,https://www.blazedemo.com/reserve.php,375,0,0
1774386507339,3829,2 - Escolher Voo,200,OK,Teste de Carga - 250 usuarios 1-214,text,true,,7381,250,250,250,https://www.blazedemo.com/reserve.php,3808,0,0
1774386510761,411,1 - Acessar Home,200,OK,Teste de Carga - 250 usuarios 1-120,text,true,,4757,120,250,250,https://www.blazedemo.com/,400,0,0
1774386510895,279,3 - Comprar Passagem,200,OK,Teste de Carga - 250 usuarios 1-103,text,true,,6719,420,250,250,https://www.blazedemo.com/purchase.php,267,0,0
1774386510464,713,2 - Escolher Voo,200,OK,Teste de Carga - 250 usuarios 1-242,text,true,,7381,250,250,250,https://www.blazedemo.com/reserve.php,696,0,0
1774386510474,707,1 - Acessar Home,200,OK,Teste de Carga - 250 usuarios 1-48,text,true,,4757,120,250,250,https://www.blazedemo.com/,693,0,0
1774386510033,1151,3 - Comprar Passagem,200,OK,Teste de Carga - 250 usuarios 1-8,text,true,,6719,420,250,250,https://www.blazedemo.com/purchase.php,1139,0,0
1774386508055,3131,3 - Comprar Passagem,200,OK,Teste de Carga - 250 usuarios 1-170,text,true,,6719,420,250,250,https://www.blazedemo.com/purchase.php,3119,0,0
1774386510866,328,2 - Escolher Voo,200,OK,Teste de Carga - 250 usuarios 1-232,text,true,,7381,250,250,250,https://www.blazedemo.com/reserve.php,306,0,0
1774386510691,507,3 - Comprar Passagem,200,OK,Teste de Carga - 250 usuarios 1-223,text,true,,6719,420,250,250,https://www.blazedemo.com/purchase.php,495,0,0
1774386510313,887,3 - Comprar Passagem,200,OK,Teste de Carga - 250 usuarios 1-79,text,true,,6719,420,250,250,https://www.blazedemo.com/purchase.php,875,0,0
1774386510141,1071,3 - Comprar Passagem,200,OK,Teste de Carga - 250 usuarios 1-187,text,true,,6719,420,250,250,https://www.blazedemo.com/purchase.php,1059,0,0
1774386510277,943,2 - Escolher Voo,200,OK,Teste de Carga - 250 usuarios 1-93,text,true,,7381,250,250,250,https://www.blazedemo.com/reserve.php,923,0,0
1774386508737,2484,3 - Comprar Passagem,200,OK,Teste de Carga - 250 usuarios 1-88,text,true,,6719,420,250,250,https://www.blazedemo.com/purchase.php,2469,0,0
1774386510884,343,3 - Comprar Passagem,200,OK,Teste de Carga - 250 usuarios 1-198,text,true,,6719,420,250,250,https://www.blazedemo.com/purchase.php,326,0,0
1774386510753,475,1 - Acessar Home,200,OK,Teste de Carga - 250 usuarios 1-4,text,true,,4757,120,250,250,https://www.blazedemo.com/,463,0,0
1774386510809,422,1 - Acessar Home,200,OK,Teste de Carga - 250 usuarios 1-145,text,true,,4757,120,250,250,https://www.blazedemo.com/,410,0,0
1774386510918,319,2 - Escolher Voo,200,OK,Teste de Carga - 250 usuarios 1-20,text,true,,7381,250,250,250,https://www.blazedemo.com/reserve.php,299,0,0
1774386510930,310,3 - Comprar Passagem,200,OK,Teste de Carga - 250 usuarios 1-160,text,true,,6719,420,250,250,https://www.blazedemo.com/purchase.php,298,0,0
1774386510910,332,2 - Escolher Voo,200,OK,Teste de Carga - 250 usuarios 1-37,text,true,,7381,250,250,250,https://www.blazedemo.com/reserve.php,312,0,0
1774386510346,902,1 - Acessar Home,200,OK,Teste de Carga - 250 usuarios 1-71,text,true,,4757,120,250,250,https://www.blazedemo.com/,890,0,0
1774386510927,326,3 - Comprar Passagem,200,OK,Teste de Carga - 250 usuarios 1-99,text,true,,6719,420,250,250,https://www.blazedemo.com/purchase.php,313,0,0
1774386507369,3885,3 - Comprar Passagem,200,OK,Teste de Carga - 250 usuarios 1-140,text,true,,6719,420,250,250,https://www.blazedemo.com/purchase.php,3870,0,0
1774386507269,3988,2 - Escolher Voo,200,OK,Teste de Carga - 250 usuarios 1-159,text,true,,7381,250,250,250,https://www.blazedemo.com/reserve.php,3963,0,0
1774386510993,265,3 - Comprar Passagem,200,OK,Teste de Carga - 250 usuarios 1-146,text,true,,6719,420,250,250,https://www.blazedemo.com/purchase.php,248,0,0
1774386510834,430,1 - Acessar Home,200,OK,Teste de Carga - 250 usuarios 1-192,text,true,,4757,120,250,250,https://www.blazedemo.com/,418,0,0
1774386510899,368,3 - Comprar Passagem,200,OK,Teste de Carga - 250 usuarios 1-249,text,true,,6719,420,250,250,https://www.blazedemo.com/purchase.php,355,0,0
1774386508069,3205,1 - Acessar Home,200,OK,Teste de Carga - 250 usuarios 1-205,text,true,,4757,120,250,250,https://www.blazedemo.com/,3193,0,0
1774386510525,751,1 - Acessar Home,200,OK,Teste de Carga - 250 usuarios 1-213,text,true,,4757,120,250,250,https://www.blazedemo.com/,740,0,0
1774386510519,767,2 - Escolher Voo,200,OK,Teste de Carga - 250 usuarios 1-137,text,true,,7381,250,250,250,https://www.blazedemo.com/reserve.php,746,0,0
1774386510043,1244,1 - Acessar Home,200,OK,Teste de Carga - 250 usuarios 1-109,text,true,,4757,120,250,250,https://www.blazedemo.com/,1231,0,0
1774386511010,280,3 - Comprar Passagem,200,OK,Teste de Carga - 250 usuarios 1-131,text,true,,6719,420,250,250,https://www.blazedemo.com/purchase.php,269,0,0
1774386511047,252,3 - Comprar Passagem,200,OK,Teste de Carga - 250 usuarios 1-182,text,true,,6719,420,250,250,https://www.blazedemo.com/purchase.php,240,0,0
1774386510946,355,3 - Comprar Passagem,200,OK,Teste de Carga - 250 usuarios 1-105,text,true,,6719,420,250,250,https://www.blazedemo.com/purchase.php,344,0,0
1774386508783,2520,3 - Comprar Passagem,200,OK,Teste de Carga - 250 usuarios 1-235,text,true,,6719,420,250,250,https://www.blazedemo.com/purchase.php,2508,0,0
1774386510567,739,2 - Escolher Voo,200,OK,Teste de Carga - 250 usuarios 1-129,text,true,,7381,250,250,250,https://www.blazedemo.com/reserve.php,720,0,0
1774386510925,381,1 - Acessar Home,200,OK,Teste de Carga - 250 usuarios 1-62,text,true,,4757,120,250,250,https://www.blazedemo.com/,368,0,0
1774386510293,1016,3 - Comprar Passagem,200,OK,Teste de Carga - 250 usuarios 1-152,text,true,,6719,420,250,250,https://www.blazedemo.com/purchase.php,1005,0,0
1774386510385,927,3 - Comprar Passagem,200,OK,Teste de Carga - 250 usuarios 1-47,text,true,,6719,420,250,250,https://www.blazedemo.com/purchase.php,915,0,0
1774386510953,362,1 - Acessar Home,200,OK,Teste de Carga - 250 usuarios 1-90,text,true,,4757,120,250,250,https://www.blazedemo.com/,351,0,0
1774386510776,543,1 - Acessar Home,200,OK,Teste de Carga - 250 usuarios 1-30,text,true,,4757,120,250,250,https://www.blazedemo.com/,532,0,0
1774386510092,1229,1 - Acessar Home,200,OK,Teste de Carga - 250 usuarios 1-125,text,true,,4757,120,250,250,https://www.blazedemo.com/,1217,0,0
1774386510953,375,1 - Acessar Home,200,OK,Teste de Carga - 250 usuarios 1-7,text,true,,4757,120,250,250,https://www.blazedemo.com/,363,0,0
1774386510995,347,2 - Escolher Voo,200,OK,Teste de Carga - 250 usuarios 1-190,text,true,,7381,250,250,250,https://www.blazedemo.com/reserve.php,326,0,0
1774386510906,439,3 - Comprar Passagem,200,OK,Teste de Carga - 250 usuarios 1-201,text,true,,6719,420,250,250,https://www.blazedemo.com/purchase.php,427,0,0
1774386511047,300,1 - Acessar Home,200,OK,Teste de Carga - 250 usuarios 1-14,text,true,,4757,120,250,250,https://www.blazedemo.com/,292,0,0
1774386511045,305,3 - Comprar Passagem,200,OK,Teste de Carga - 250 usuarios 1-188,text,true,,6719,420,250,250,https://www.blazedemo.com/purchase.php,293,0,0
1774386510614,738,1 - Acessar Home,200,OK,Teste de Carga - 250 usuarios 1-70,text,true,,4757,120,250,250,https://www.blazedemo.com/,726,0,0
1774386510619,737,3 - Comprar Passagem,200,OK,Teste de Carga - 250 usuarios 1-197,text,true,,6719,420,250,250,https://www.blazedemo.com/purchase.php,725,0,0
1774386511052,310,3 - Comprar Passagem,200,OK,Teste de Carga - 250 usuarios 1-184,text,true,,6719,420,250,250,https://www.blazedemo.com/purchase.php,298,0,0
1774386509867,1498,2 - Escolher Voo,200,OK,Teste de Carga - 250 usuarios 1-123,text,true,,7381,250,250,250,https://www.blazedemo.com/reserve.php,1478,0,0
1774386511090,276,2 - Escolher Voo,200,OK,Teste de Carga - 250 usuarios 1-51,text,true,,7381,250,250,250,https://www.blazedemo.com/reserve.php,256,0,0
1774386508103,3266,3 - Comprar Passagem,200,OK,Teste de Carga - 250 usuarios 1-202,text,true,,6719,420,250,250,https://www.blazedemo.com/purchase.php,3250,0,0
1774386511055,321,3 - Comprar Passagem,200,OK,Teste de Carga - 250 usuarios 1-100,text,true,,6719,420,250,250,https://www.blazedemo.com/purchase.php,309,0,0
1774386510617,761,1 - Acessar Home,200,OK,Teste de Carga - 250 usuarios 1-243,text,true,,4757,120,250,250,https://www.blazedemo.com/,749,0,0
1774386510954,424,2 - Escolher Voo,200,OK,Teste de Carga - 250 usuarios 1-73,text,true,,7381,250,250,250,https://www.blazedemo.com/reserve.php,405,0,0
1774386511051,339,1 - Acessar Home,200,OK,Teste de Carga - 250 usuarios 1-216,text,true,,4757,120,250,250,https://www.blazedemo.com/,327,0,0
1774386508825,2565,2 - Escolher Voo,200,OK,Teste de Carga - 250 usuarios 1-220,text,true,,7381,250,250,250,https://www.blazedemo.com/reserve.php,2545,0,0
1774386511106,287,3 - Comprar Passagem,200,OK,Teste de Carga - 250 usuarios 1-139,text,true,,6719,420,250,250,https://www.blazedemo.com/purchase.php,275,0,0
1774386511054,346,3 - Comprar Passagem,200,OK,Teste de Carga - 250 usuarios 1-236,text,true,,6719,420,250,250,https://www.blazedemo.com/purchase.php,333,0,0
1774386510406,1001,1 - Acessar Home,200,OK,Teste de Carga - 250 usuarios 1-114,text,true,,4757,120,250,250,https://www.blazedemo.com/,988,0,0
1774386511123,285,2 - Escolher Voo,200,OK,Teste de Carga - 250 usuarios 1-147,text,true,,7381,250,250,250,https://www.blazedemo.com/reserve.php,265,0,0
1774386510598,820,3 - Comprar Passagem,200,OK,Teste de Carga - 250 usuarios 1-209,text,true,,6719,420,250,250,https://www.blazedemo.com/purchase.php,808,0,0
1774386510100,1326,1 - Acessar Home,200,OK,Teste de Carga - 250 usuarios 1-23,text,true,,4757,120,250,250,https://www.blazedemo.com/,1310,0,0
1774386511172,259,2 - Escolher Voo,200,OK,Teste de Carga - 250 usuarios 1-120,text,true,,7381,250,250,250,https://www.blazedemo.com/reserve.php,240,0,0
1774386511047,385,1 - Acessar Home,200,OK,Teste de Carga - 250 usuarios 1-224,text,true,,4757,120,250,250,https://www.blazedemo.com/,371,0,0
1774386511147,287,3 - Comprar Passagem,200,OK,Teste de Carga - 250 usuarios 1-248,text,true,,6719,420,250,250,https://www.blazedemo.com/purchase.php,275,0,0
1774386511121,313,2 - Escolher Voo,200,OK,Teste de Carga - 250 usuarios 1-11,text,true,,7381,250,250,250,https://www.blazedemo.com/reserve.php,291,0,0
1774386511184,251,1 - Acessar Home,200,OK,Teste de Carga - 250 usuarios 1-8,text,true,,4757,120,250,250,https://www.blazedemo.com/,239,0,0
1774386509943,1492,1 - Acessar Home,200,OK,Teste de Carga - 250 usuarios 1-94,text,true,,4757,120,250,250,https://www.blazedemo.com/,1479,0,0
1774386511020,418,1 - Acessar Home,200,OK,Teste de Carga - 250 usuarios 1-59,text,true,,4757,120,250,250,https://www.blazedemo.com/,406,0,0
1774386510758,688,1 - Acessar Home,200,OK,Teste de Carga - 250 usuarios 1-64,text,true,,4757,120,250,250,https://www.blazedemo.com/,676,0,0
1774386511138,311,3 - Comprar Passagem,200,OK,Teste de Carga - 250 usuarios 1-185,text,true,,6719,420,250,250,https://www.blazedemo.com/purchase.php,293,0,0
1774386511130,326,2 - Escolher Voo,200,OK,Teste de Carga - 250 usuarios 1-207,text,true,,7381,250,250,250,https://www.blazedemo.com/reserve.php,306,0,0
1774386511131,330,3 - Comprar Passagem,200,OK,Teste de Carga - 250 usuarios 1-138,text,true,,6719,420,250,250,https://www.blazedemo.com/purchase.php,313,0,0
1774386510697,768,3 - Comprar Passagem,200,OK,Teste de Carga - 250 usuarios 1-116,text,true,,6719,420,250,250,https://www.blazedemo.com/purchase.php,756,0,0
1774386511118,358,2 - Escolher Voo,200,OK,Teste de Carga - 250 usuarios 1-222,text,true,,7381,250,250,250,https://www.blazedemo.com/reserve.php,342,0,0
1774386508904,2573,2 - Escolher Voo,200,OK,Teste de Carga - 250 usuarios 1-115,text,true,,7381,250,250,250,https://www.blazedemo.com/reserve.php,2553,0,0
1774386511159,325,2 - Escolher Voo,200,OK,Teste de Carga - 250 usuarios 1-229,text,true,,7381,250,250,250,https://www.blazedemo.com/reserve.php,305,0,0
1774386511238,249,3 - Comprar Passagem,200,OK,Teste de Carga - 250 usuarios 1-20,text,true,,6719,420,250,250,https://www.blazedemo.com/purchase.php,237,0,0
1774386511200,292,1 - Acessar Home,200,OK,Teste de Carga - 250 usuarios 1-79,text,true,,4757,120,250,250,https://www.blazedemo.com/,280,0,0
1774386510544,951,2 - Escolher Voo,200,OK,Teste de Carga - 250 usuarios 1-144,text,true,,7381,250,250,250,https://www.blazedemo.com/reserve.php,931,0,0
1774386507605,3904,3 - Comprar Passagem,200,OK,Teste de Carga - 250 usuarios 1-240,text,true,,6719,420,250,250,https://www.blazedemo.com/purchase.php,3892,0,0
1774386511212,299,1 - Acessar Home,200,OK,Teste de Carga - 250 usuarios 1-187,text,true,,4757,120,250,250,https://www.blazedemo.com/,287,0,0
1774386510860,653,1 - Acessar Home,200,OK,Teste de Carga - 250 usuarios 1-191,text,true,,4757,120,250,250,https://www.blazedemo.com/,641,0,0
1774386511255,261,1 - Acessar Home,200,OK,Teste de Carga - 250 usuarios 1-140,text,true,,4757,120,250,250,https://www.blazedemo.com/,249,0,0
1774386511103,414,2 - Escolher Voo,200,OK,Teste de Carga - 250 usuarios 1-49,text,true,,7381,250,250,250,https://www.blazedemo.com/reserve.php,393,0,0
1774386511198,324,1 - Acessar Home,200,OK,Teste de Carga - 250 usuarios 1-223,text,true,,4757,120,250,250,https://www.blazedemo.com/,312,0,0
1774386507585,3938,2 - Escolher Voo,200,OK,Teste de Carga - 250 usuarios 1-9,text,true,,7381,250,250,250,https://www.blazedemo.com/reserve.php,3918,0,0
1774386511194,331,3 - Comprar Passagem,200,OK,Teste de Carga - 250 usuarios 1-232,text,true,,6719,420,250,250,https://www.blazedemo.com/purchase.php,319,0,0
1774386510601,924,3 - Comprar Passagem,200,OK,Teste de Carga - 250 usuarios 1-149,text,true,,6719,420,250,250,https://www.blazedemo.com/purchase.php,911,0,0
1774386511253,274,1 - Acessar Home,200,OK,Teste de Carga - 250 usuarios 1-99,text,true,,4757,120,250,250,https://www.blazedemo.com/,262,0,0
1774386508373,3158,1 - Acessar Home,200,OK,Teste de Carga - 250 usuarios 1-225,text,true,,4757,120,250,250,https://www.blazedemo.com/,3147,0,0
1774386511276,262,2 - Escolher Voo,200,OK,Teste de Carga - 250 usuarios 1-213,text,true,,7381,250,250,250,https://www.blazedemo.com/reserve.php,245,0,0
1774386511264,275,2 - Escolher Voo,200,OK,Teste de Carga - 250 usuarios 1-192,text,true,,7381,250,250,250,https://www.blazedemo.com/reserve.php,259,0,0
1774386511274,276,2 - Escolher Voo,200,OK,Teste de Carga - 250 usuarios 1-205,text,true,,7381,250,250,250,https://www.blazedemo.com/reserve.php,255,0,0
1774386511174,376,1 - Acessar Home,200,OK,Teste de Carga - 250 usuarios 1-103,text,true,,4757,120,250,250,https://www.blazedemo.com/,364,0,0
1774386510702,853,3 - Comprar Passagem,200,OK,Teste de Carga - 250 usuarios 1-42,text,true,,6719,420,250,250,https://www.blazedemo.com/purchase.php,840,0,0
1774386510774,782,1 - Acessar Home,200,OK,Teste de Carga - 250 usuarios 1-81,text,true,,4757,120,250,250,https://www.blazedemo.com/,770,0,0
1774386510147,1416,1 - Acessar Home,200,OK,Teste de Carga - 250 usuarios 1-181,text,true,,4757,120,250,250,https://www.blazedemo.com/,1405,0,0
1774386510790,775,1 - Acessar Home,200,OK,Teste de Carga - 250 usuarios 1-36,text,true,,4757,120,250,250,https://www.blazedemo.com/,762,0,0
1774386511147,419,3 - Comprar Passagem,200,OK,Teste de Carga - 250 usuarios 1-193,text,true,,6719,420,250,250,https://www.blazedemo.com/purchase.php,406,0,0
1774386511286,283,3 - Comprar Passagem,200,OK,Teste de Carga - 250 usuarios 1-137,text,true,,6719,420,250,250,https://www.blazedemo.com/purchase.php,267,0,0
1774386511145,429,1 - Acessar Home,200,OK,Teste de Carga - 250 usuarios 1-97,text,true,,4757,120,250,250,https://www.blazedemo.com/,411,0,0
1774386510675,907,1 - Acessar Home,200,OK,Teste de Carga - 250 usuarios 1-13,text,true,,4757,120,250,250,https://www.blazedemo.com/,896,0,0
1774386508881,2702,1 - Acessar Home,200,OK,Teste de Carga - 250 usuarios 1-227,text,true,,4757,120,250,250,https://www.blazedemo.com/,2689,0,0
1774386511301,285,1 - Acessar Home,200,OK,Teste de Carga - 250 usuarios 1-105,text,true,,4757,120,250,250,https://www.blazedemo.com/,273,0,0
1774386510934,658,1 - Acessar Home,200,OK,Teste de Carga - 250 usuarios 1-6,text,true,,4757,120,250,250,https://www.blazedemo.com/,647,0,0
1774386507679,3915,3 - Comprar Passagem,200,OK,Teste de Carga - 250 usuarios 1-83,text,true,,6719,420,250,250,https://www.blazedemo.com/purchase.php,3903,0,0
1774386511315,280,2 - Escolher Voo,200,OK,Teste de Carga - 250 usuarios 1-90,text,true,,7381,250,250,250,https://www.blazedemo.com/reserve.php,258,0,0
1774386511306,293,2 - Escolher Voo,200,OK,Teste de Carga - 250 usuarios 1-62,text,true,,7381,250,250,250,https://www.blazedemo.com/reserve.php,271,0,0
1774386507628,3985,3 - Comprar Passagem,200,OK,Teste de Carga - 250 usuarios 1-27,text,true,,6719,420,250,250,https://www.blazedemo.com/purchase.php,3973,0,0
1774386511243,375,3 - Comprar Passagem,200,OK,Teste de Carga - 250 usuarios 1-37,text,true,,6719,420,250,250,https://www.blazedemo.com/purchase.php,359,0,0
1774386511248,371,2 - Escolher Voo,200,OK,Teste de Carga - 250 usuarios 1-71,text,true,,7381,250,250,250,https://www.blazedemo.com/reserve.php,351,0,0
1774386511356,265,1 - Acessar Home,200,OK,Teste de Carga - 250 usuarios 1-197,text,true,,4757,120,250,250,https://www.blazedemo.com/,253,0,0
1774386510817,804,1 - Acessar Home,200,OK,Teste de Carga - 250 usuarios 1-75,text,true,,4757,120,250,250,https://www.blazedemo.com/,793,0,0
1774386511309,316,1 - Acessar Home,200,OK,Teste de Carga - 250 usuarios 1-152,text,true,,4757,120,250,250,https://www.blazedemo.com/,303,0,0
1774386511258,378,1 - Acessar Home,200,OK,Teste de Carga - 250 usuarios 1-146,text,true,,4757,120,250,250,https://www.blazedemo.com/,367,0,0
1774386508364,3277,1 - Acessar Home,200,OK,Teste de Carga - 250 usuarios 1-230,text,true,,4757,120,250,250,https://www.blazedemo.com/,3264,0,0
1774386510122,1520,2 - Escolher Voo,200,OK,Teste de Carga - 250 usuarios 1-10,text,true,,7381,250,250,250,https://www.blazedemo.com/reserve.php,1499,0,0
1774386511378,265,3 - Comprar Passagem,200,OK,Teste de Carga - 250 usuarios 1-73,text,true,,6719,420,250,250,https://www.blazedemo.com/purchase.php,255,0,0
1774386511228,415,2 - Escolher Voo,200,OK,Teste de Carga - 250 usuarios 1-4,text,true,,7381,250,250,250,https://www.blazedemo.com/reserve.php,394,0,0
1774386511347,298,2 - Escolher Voo,200,OK,Teste de Carga - 250 usuarios 1-14,text,true,,7381,250,250,250,https://www.blazedemo.com/reserve.php,278,0,0
1774386511290,356,1 - Acessar Home,200,OK,Teste de Carga - 250 usuarios 1-131,text,true,,4757,120,250,250,https://www.blazedemo.com/,345,0,0
1774386510955,694,1 - Acessar Home,200,OK,Teste de Carga - 250 usuarios 1-85,text,true,,4757,120,250,250,https://www.blazedemo.com/,683,0,0
1774386510949,701,3 - Comprar Passagem,200,OK,Teste de Carga - 250 usuarios 1-178,text,true,,6719,420,250,250,https://www.blazedemo.com/purchase.php,688,0,0
1774386511321,331,2 - Escolher Voo,200,OK,Teste de Carga - 250 usuarios 1-125,text,true,,7381,250,250,250,https://www.blazedemo.com/reserve.php,310,0,0
1774386511378,276,2 - Escolher Voo,200,OK,Teste de Carga - 250 usuarios 1-243,text,true,,7381,250,250,250,https://www.blazedemo.com/reserve.php,255,0,0
1774386511319,339,2 - Escolher Voo,200,OK,Teste de Carga - 250 usuarios 1-30,text,true,,7381,250,250,250,https://www.blazedemo.com/reserve.php,319,0,0
1774386511362,301,1 - Acessar Home,200,OK,Teste de Carga - 250 usuarios 1-184,text,true,,4757,120,250,250,https://www.blazedemo.com/,290,0,0
1774386510980,687,2 - Escolher Voo,200,OK,Teste de Carga - 250 usuarios 1-65,text,true,,7381,250,250,250,https://www.blazedemo.com/reserve.php,666,0,0
1774386511408,261,3 - Comprar Passagem,200,OK,Teste de Carga - 250 usuarios 1-147,text,true,,6719,420,250,250,https://www.blazedemo.com/purchase.php,247,0,0
1774386510976,696,2 - Escolher Voo,200,OK,Teste de Carga - 250 usuarios 1-52,text,true,,7381,250,250,250,https://www.blazedemo.com/reserve.php,674,0,0
1774386511390,283,3 - Comprar Passagem,200,OK,Teste de Carga - 250 usuarios 1-220,text,true,,6719,420,250,250,https://www.blazedemo.com/purchase.php,271,0,0
1774386510320,1359,3 - Comprar Passagem,200,OK,Teste de Carga - 250 usuarios 1-195,text,true,,6719,420,250,250,https://www.blazedemo.com/purchase.php,1347,0,0
1774386508962,2719,3 - Comprar Passagem,200,OK,Teste de Carga - 250 usuarios 1-166,text,true,,6719,420,250,250,https://www.blazedemo.com/purchase.php,2706,0,0
1774386510826,859,1 - Acessar Home,200,OK,Teste de Carga - 250 usuarios 1-183,text,true,,4757,120,250,250,https://www.blazedemo.com/,846,0,0
1774386511400,299,1 - Acessar Home,200,OK,Teste de Carga - 250 usuarios 1-236,text,true,,4757,120,250,250,https://www.blazedemo.com/,287,0,0
1774386511434,270,1 - Acessar Home,200,OK,Teste de Carga - 250 usuarios 1-248,text,true,,4757,120,250,250,https://www.blazedemo.com/,260,0,0
1774386511435,274,2 - Escolher Voo,200,OK,Teste de Carga - 250 usuarios 1-8,text,true,,7385,250,250,250,https://www.blazedemo.com/reserve.php,254,0,0
1774386507749,3964,3 - Comprar Passagem,200,OK,Teste de Carga - 250 usuarios 1-165,text,true,,6719,420,250,250,https://www.blazedemo.com/purchase.php,3952,0,0
1774386511345,373,1 - Acessar Home,200,OK,Teste de Carga - 250 usuarios 1-201,text,true,,4757,120,250,250,https://www.blazedemo.com/,361,0,0
1774386510111,1632,3 - Comprar Passagem,200,OK,Teste de Carga - 250 usuarios 1-110,text,true,,6719,420,250,250,https://www.blazedemo.com/purchase.php,1620,0,0
1774386511449,294,1 - Acessar Home,200,OK,Teste de Carga - 250 usuarios 1-185,text,true,,4757,120,250,250,https://www.blazedemo.com/,282,0,0
1774386511432,315,3 - Comprar Passagem,200,OK,Teste de Carga - 250 usuarios 1-120,text,true,,6719,420,250,250,https://www.blazedemo.com/purchase.php,303,0,0
1774386510978,769,1 - Acessar Home,200,OK,Teste de Carga - 250 usuarios 1-67,text,true,,4757,120,250,250,https://www.blazedemo.com/,759,0,0
1774386511027,724,1 - Acessar Home,200,OK,Teste de Carga - 250 usuarios 1-107,text,true,,4757,120,250,250,https://www.blazedemo.com/,712,0,0
1774386511390,361,2 - Escolher Voo,200,OK,Teste de Carga - 250 usuarios 1-216,text,true,,7381,250,250,250,https://www.blazedemo.com/reserve.php,345,0,0
1774386511461,303,1 - Acessar Home,200,OK,Teste de Carga - 250 usuarios 1-138,text,true,,4757,120,250,250,https://www.blazedemo.com/,291,0,0
1774386511476,289,3 - Comprar Passagem,200,OK,Teste de Carga - 250 usuarios 1-222,text,true,,6719,420,250,250,https://www.blazedemo.com/purchase.php,276,0,0
1774386511487,279,1 - Acessar Home,200,OK,Teste de Carga - 250 usuarios 1-20,text,true,,4757,120,250,250,https://www.blazedemo.com/,268,0,0
1774386507894,3873,2 - Escolher Voo,200,OK,Teste de Carga - 250 usuarios 1-148,text,true,,7381,250,250,250,https://www.blazedemo.com/reserve.php,3853,0,0
1774386511434,334,3 - Comprar Passagem,200,OK,Teste de Carga - 250 usuarios 1-11,text,true,,6719,420,250,250,https://www.blazedemo.com/purchase.php,322,0,0
1774386511066,706,3 - Comprar Passagem,200,OK,Teste de Carga - 250 usuarios 1-46,text,true,,6719,420,250,250,https://www.blazedemo.com/purchase.php,694,0,0
1774386511509,264,1 - Acessar Home,200,OK,Teste de Carga - 250 usuarios 1-240,text,true,,4757,120,250,250,https://www.blazedemo.com/,252,0,0
1774386510413,1366,3 - Comprar Passagem,200,OK,Teste de Carga - 250 usuarios 1-101,text,true,,6719,420,250,250,https://www.blazedemo.com/purchase.php,1354,0,0
1774386511418,361,1 - Acessar Home,200,OK,Teste de Carga - 250 usuarios 1-209,text,true,,4757,120,250,250,https://www.blazedemo.com/,350,0,0
1774386511532,249,2 - Escolher Voo,200,OK,Teste de Carga - 250 usuarios 1-225,text,true,,7381,250,250,250,https://www.blazedemo.com/reserve.php,229,0,0
1774386510978,804,3 - Comprar Passagem,200,OK,Teste de Carga - 250 usuarios 1-200,text,true,,6719,420,250,250,https://www.blazedemo.com/purchase.php,791,0,0
1774386511070,717,2 - Escolher Voo,200,OK,Teste de Carga - 250 usuarios 1-247,text,true,,7381,250,250,250,https://www.blazedemo.com/reserve.php,696,0,0
1774386509091,2699,2 - Escolher Voo,200,OK,Teste de Carga - 250 usuarios 1-91,text,true,,7381,250,250,250,https://www.blazedemo.com/reserve.php,2678,0,0
1774386511484,308,3 - Comprar Passagem,200,OK,Teste de Carga - 250 usuarios 1-229,text,true,,6719,420,250,250,https://www.blazedemo.com/purchase.php,289,0,0
1774386511523,269,3 - Comprar Passagem,200,OK,Teste de Carga - 250 usuarios 1-9,text,true,,6719,420,250,250,https://www.blazedemo.com/purchase.php,258,0,0
1774386511456,345,3 - Comprar Passagem,200,OK,Teste de Carga - 250 usuarios 1-207,text,true,,6719,420,250,250,https://www.blazedemo.com/purchase.php,332,0,0
1774386511495,309,3 - Comprar Passagem,200,OK,Teste de Carga - 250 usuarios 1-144,text,true,,6719,420,250,250,https://www.blazedemo.com/purchase.php,297,0,0
1774386511522,285,2 - Escolher Voo,200,OK,Teste de Carga - 250 usuarios 1-223,text,true,,7381,250,250,250,https://www.blazedemo.com/reserve.php,270,0,0
1774386511516,299,2 - Escolher Voo,200,OK,Teste de Carga - 250 usuarios 1-140,text,true,,7381,250,250,250,https://www.blazedemo.com/reserve.php,278,0,0
1774386508417,3406,2 - Escolher Voo,200,OK,Teste de Carga - 250 usuarios 1-17,text,true,,7381,250,250,250,https://www.blazedemo.com/reserve.php,3386,0,0
1774386511538,286,3 - Comprar Passagem,200,OK,Teste de Carga - 250 usuarios 1-213,text,true,,6719,420,250,250,https://www.blazedemo.com/purchase.php,274,0,0
1774386511586,251,2 - Escolher Voo,200,OK,Teste de Carga - 250 usuarios 1-105,text,true,,7381,250,250,250,https://www.blazedemo.com/reserve.php,230,0,0
1774386511492,345,2 - Escolher Voo,200,OK,Teste de Carga - 250 usuarios 1-79,text,true,,7381,250,250,250,https://www.blazedemo.com/reserve.php,324,0,0
1774386511146,697,3 - Comprar Passagem,200,OK,Teste de Carga - 250 usuarios 1-26,text,true,,6719,420,250,250,https://www.blazedemo.com/purchase.php,681,0,0
1774386511032,812,2 - Escolher Voo,200,OK,Teste de Carga - 250 usuarios 1-92,text,true,,7381,250,250,250,https://www.blazedemo.com/reserve.php,792,0,0
1774386511478,375,3 - Comprar Passagem,200,OK,Teste de Carga - 250 usuarios 1-115,text,true,,6719,420,250,250,https://www.blazedemo.com/purchase.php,362,0,0
1774386507936,3917,2 - Escolher Voo,200,OK,Teste de Carga - 250 usuarios 1-161,text,true,,7381,250,250,250,https://www.blazedemo.com/reserve.php,3896,0,0
1774386511582,275,2 - Escolher Voo,200,OK,Teste de Carga - 250 usuarios 1-13,text,true,,7381,250,250,250,https://www.blazedemo.com/reserve.php,255,0,0
1774386511177,685,3 - Comprar Passagem,200,OK,Teste de Carga - 250 usuarios 1-242,text,true,,6719,420,250,250,https://www.blazedemo.com/purchase.php,673,0,0
1774386511613,254,1 - Acessar Home,200,OK,Teste de Carga - 250 usuarios 1-27,text,true,,4757,120,250,250,https://www.blazedemo.com/,242,0,0
1774386511594,274,1 - Acessar Home,200,OK,Teste de Carga - 250 usuarios 1-83,text,true,,4757,120,250,250,https://www.blazedemo.com/,264,0,0
1774386511121,754,2 - Escolher Voo,200,OK,Teste de Carga - 250 usuarios 1-211,text,true,,7381,250,250,250,https://www.blazedemo.com/reserve.php,734,0,0
1774386511595,284,3 - Comprar Passagem,200,OK,Teste de Carga - 250 usuarios 1-90,text,true,,6719,420,250,250,https://www.blazedemo.com/purchase.php,268,0,0
1774386511569,313,1 - Acessar Home,200,OK,Teste de Carga - 250 usuarios 1-137,text,true,,4757,120,250,250,https://www.blazedemo.com/,302,0,0
1774386509108,2780,2 - Escolher Voo,200,OK,Teste de Carga - 250 usuarios 1-38,text,true,,7381,250,250,250,https://www.blazedemo.com/reserve.php,2758,0,0
1774386511221,667,3 - Comprar Passagem,200,OK,Teste de Carga - 250 usuarios 1-93,text,true,,6719,420,250,250,https://www.blazedemo.com/purchase.php,653,0,0
1774386511231,659,2 - Escolher Voo,200,OK,Teste de Carga - 250 usuarios 1-145,text,true,,7381,250,250,250,https://www.blazedemo.com/reserve.php,639,0,0
1774386511563,328,2 - Escolher Voo,200,OK,Teste de Carga - 250 usuarios 1-181,text,true,,7381,250,250,250,https://www.blazedemo.com/reserve.php,310,0,0
1774386511642,252,3 - Comprar Passagem,200,OK,Teste de Carga - 250 usuarios 1-10,text,true,,6719,420,250,250,https://www.blazedemo.com/purchase.php,240,0,0
1774386511599,298,3 - Comprar Passagem,200,OK,Teste de Carga - 250 usuarios 1-62,text,true,,6719,420,250,250,https://www.blazedemo.com/purchase.php,286,0,0
1774386511619,280,3 - Comprar Passagem,200,OK,Teste de Carga - 250 usuarios 1-71,text,true,,6719,420,250,250,https://www.blazedemo.com/purchase.php,269,0,0
1774386510521,1380,2 - Escolher Voo,200,OK,Teste de Carga - 250 usuarios 1-113,text,true,,7381,250,250,250,https://www.blazedemo.com/reserve.php,1363,0,0
1774386511618,284,1 - Acessar Home,200,OK,Teste de Carga - 250 usuarios 1-37,text,true,,4757,120,250,250,https://www.blazedemo.com/,272,0,0
1774386511636,267,2 - Escolher Voo,200,OK,Teste de Carga - 250 usuarios 1-146,text,true,,7381,250,250,250,https://www.blazedemo.com/reserve.php,246,0,0
1774386507782,4129,1 - Acessar Home,200,OK,Teste de Carga - 250 usuarios 1-74,text,true,,4757,120,250,250,https://www.blazedemo.com/,4117,0,0
1774386511525,393,1 - Acessar Home,200,OK,Teste de Carga - 250 usuarios 1-149,text,true,,4757,120,250,250,https://www.blazedemo.com/,381,0,0
1774386508495,3428,3 - Comprar Passagem,200,OK,Teste de Carga - 250 usuarios 1-72,text,true,,6719,420,250,250,https://www.blazedemo.com/purchase.php,3416,0,0
1774386511652,273,3 - Comprar Passagem,200,OK,Teste de Carga - 250 usuarios 1-125,text,true,,6719,420,250,250,https://www.blazedemo.com/purchase.php,261,0,0
1774386511186,747,1 - Acessar Home,200,OK,Teste de Carga - 250 usuarios 1-170,text,true,,4757,120,250,250,https://www.blazedemo.com/,735,0,0
1774386508032,3901,1 - Acessar Home,200,OK,Teste de Carga - 250 usuarios 1-177,text,true,,4757,120,250,250,https://www.blazedemo.com/,3890,0,0
1774386510238,1699,2 - Escolher Voo,200,OK,Teste de Carga - 250 usuarios 1-33,text,true,,7381,250,250,250,https://www.blazedemo.com/reserve.php,1679,0,0
1774386511646,292,3 - Comprar Passagem,200,OK,Teste de Carga - 250 usuarios 1-14,text,true,,6719,420,250,250,https://www.blazedemo.com/purchase.php,279,0,0
1774386511650,288,1 - Acessar Home,200,OK,Teste de Carga - 250 usuarios 1-178,text,true,,4757,120,250,250,https://www.blazedemo.com/,275,0,0
1774386511669,292,1 - Acessar Home,200,OK,Teste de Carga - 250 usuarios 1-147,text,true,,4757,120,250,250,https://www.blazedemo.com/,280,0,0
1774386511643,319,1 - Acessar Home,200,OK,Teste de Carga - 250 usuarios 1-73,text,true,,4757,120,250,250,https://www.blazedemo.com/,306,0,0
1774386511350,612,1 - Acessar Home,200,OK,Teste de Carga - 250 usuarios 1-188,text,true,,4757,120,250,250,https://www.blazedemo.com/,600,0,0
1774386511304,661,1 - Acessar Home,200,OK,Teste de Carga - 250 usuarios 1-235,text,true,,4757,120,250,250,https://www.blazedemo.com/,648,0,0
1774386511649,329,2 - Escolher Voo,200,OK,Teste de Carga - 250 usuarios 1-85,text,true,,7381,250,250,250,https://www.blazedemo.com/reserve.php,313,0,0
1774386509183,2795,1 - Acessar Home,200,OK,Teste de Carga - 250 usuarios 1-245,text,true,,4757,120,250,250,https://www.blazedemo.com/,2784,0,0
1774386511550,435,3 - Comprar Passagem,200,OK,Teste de Carga - 250 usuarios 1-205,text,true,,6719,420,250,250,https://www.blazedemo.com/purchase.php,423,0,0
1774386511667,322,3 - Comprar Passagem,200,OK,Teste de Carga - 250 usuarios 1-65,text,true,,6719,420,250,250,https://www.blazedemo.com/purchase.php,310,0,0
1774386511673,321,1 - Acessar Home,200,OK,Teste de Carga - 250 usuarios 1-220,text,true,,4757,120,250,250,https://www.blazedemo.com/,309,0,0
1774386511643,353,3 - Comprar Passagem,200,OK,Teste de Carga - 250 usuarios 1-4,text,true,,6719,420,250,250,https://www.blazedemo.com/purchase.php,342,0,0
1774386511312,687,1 - Acessar Home,200,OK,Teste de Carga - 250 usuarios 1-47,text,true,,4757,120,250,250,https://www.blazedemo.com/,675,0,0
1774386511241,758,1 - Acessar Home,200,OK,Teste de Carga - 250 usuarios 1-160,text,true,,4757,120,250,250,https://www.blazedemo.com/,748,0,0
1774386511625,375,2 - Escolher Voo,200,OK,Teste de Carga - 250 usuarios 1-152,text,true,,7381,250,250,250,https://www.blazedemo.com/reserve.php,356,0,0
1774386507982,4020,3 - Comprar Passagem,200,OK,Teste de Carga - 250 usuarios 1-55,text,true,,6719,420,250,250,https://www.blazedemo.com/purchase.php,4010,0,0
1774386511528,474,2 - Escolher Voo,200,OK,Teste de Carga - 250 usuarios 1-99,text,true,,7381,250,250,250,https://www.blazedemo.com/reserve.php,453,0,0
1774386508636,3387,2 - Escolher Voo,200,OK,Teste de Carga - 250 usuarios 1-22,text,true,,7381,250,250,250,https://www.blazedemo.com/reserve.php,3368,0,0
1774386511790,242,3 - Comprar Passagem,200,OK,Teste de Carga - 250 usuarios 1-91,text,true,,6719,420,250,250,https://www.blazedemo.com/purchase.php,229,0,0
1774386511765,268,1 - Acessar Home,200,OK,Teste de Carga - 250 usuarios 1-222,text,true,,4757,120,250,250,https://www.blazedemo.com/,256,0,0
1774386511743,293,2 - Escolher Voo,200,OK,Teste de Carga - 250 usuarios 1-185,text,true,,7381,250,250,250,https://www.blazedemo.com/reserve.php,273,0,0
1774386508038,3999,2 - Escolher Voo,200,OK,Teste de Carga - 250 usuarios 1-122,text,true,,7381,250,250,250,https://www.blazedemo.com/reserve.php,3979,0,0
1774386511779,272,2 - Escolher Voo,200,OK,Teste de Carga - 250 usuarios 1-209,text,true,,7381,250,250,250,https://www.blazedemo.com/reserve.php,251,0,0
1774386511773,284,2 - Escolher Voo,200,OK,Teste de Carga - 250 usuarios 1-240,text,true,,7381,250,250,250,https://www.blazedemo.com/reserve.php,264,0,0
1774386511574,487,2 - Escolher Voo,200,OK,Teste de Carga - 250 usuarios 1-97,text,true,,7381,250,250,250,https://www.blazedemo.com/reserve.php,468,0,0
1774386511663,405,2 - Escolher Voo,200,OK,Teste de Carga - 250 usuarios 1-184,text,true,,7381,250,250,250,https://www.blazedemo.com/reserve.php,387,0,0
1774386511436,634,2 - Escolher Voo,200,OK,Teste de Carga - 250 usuarios 1-94,text,true,,7381,250,250,250,https://www.blazedemo.com/reserve.php,612,0,0
1774386511779,292,1 - Acessar Home,200,OK,Teste de Carga - 250 usuarios 1-101,text,true,,4757,120,250,250,https://www.blazedemo.com/,280,0,0
1774386511792,285,1 - Acessar Home,200,OK,Teste de Carga - 250 usuarios 1-229,text,true,,4757,120,250,250,https://www.blazedemo.com/,274,0,0
1774386511751,327,2 - Escolher Voo,200,OK,Teste de Carga - 250 usuarios 1-107,text,true,,7381,250,250,250,https://www.blazedemo.com/reserve.php,307,0,0
1774386511792,291,1 - Acessar Home,200,OK,Teste de Carga - 250 usuarios 1-9,text,true,,4757,120,250,250,https://www.blazedemo.com/,282,0,0
1774386511801,284,1 - Acessar Home,200,OK,Teste de Carga - 250 usuarios 1-207,text,true,,4757,120,250,250,https://www.blazedemo.com/,275,0,0
1774386509206,2881,1 - Acessar Home,200,OK,Teste de Carga - 250 usuarios 1-40,text,true,,4757,120,250,250,https://www.blazedemo.com/,2868,0,0
1774386511393,705,1 - Acessar Home,200,OK,Teste de Carga - 250 usuarios 1-139,text,true,,4757,120,250,250,https://www.blazedemo.com/,692,0,0
1774386511685,417,2 - Escolher Voo,200,OK,Teste de Carga - 250 usuarios 1-183,text,true,,7381,250,250,250,https://www.blazedemo.com/reserve.php,397,0,0
1774386511764,341,2 - Escolher Voo,200,OK,Teste de Carga - 250 usuarios 1-138,text,true,,7381,250,250,250,https://www.blazedemo.com/reserve.php,320,0,0
1774386511782,327,1 - Acessar Home,200,OK,Teste de Carga - 250 usuarios 1-200,text,true,,4757,120,250,250,https://www.blazedemo.com/,316,0,0
1774386511781,330,3 - Comprar Passagem,200,OK,Teste de Carga - 250 usuarios 1-225,text,true,,6719,420,250,250,https://www.blazedemo.com/purchase.php,317,0,0
1774386511853,264,1 - Acessar Home,200,OK,Teste de Carga - 250 usuarios 1-115,text,true,,4757,120,250,250,https://www.blazedemo.com/,252,0,0
1774386511365,752,3 - Comprar Passagem,200,OK,Teste de Carga - 250 usuarios 1-123,text,true,,6719,420,250,250,https://www.blazedemo.com/purchase.php,740,0,0
1774386510293,1829,2 - Escolher Voo,200,OK,Teste de Carga - 250 usuarios 1-172,text,true,,7381,250,250,250,https://www.blazedemo.com/reserve.php,1809,0,0
1774386511713,416,1 - Acessar Home,200,OK,Teste de Carga - 250 usuarios 1-165,text,true,,4757,120,250,250,https://www.blazedemo.com/,404,0,0
1774386511837,294,3 - Comprar Passagem,200,OK,Teste de Carga - 250 usuarios 1-79,text,true,,6719,420,250,250,https://www.blazedemo.com/purchase.php,277,0,0
1774386508234,3899,3 - Comprar Passagem,200,OK,Teste de Carga - 250 usuarios 1-153,text,true,,6719,420,250,250,https://www.blazedemo.com/purchase.php,3887,0,0
1774386511843,291,1 - Acessar Home,200,OK,Teste de Carga - 250 usuarios 1-26,text,true,,4757,120,250,250,https://www.blazedemo.com/,278,0,0
1774386511844,291,3 - Comprar Passagem,200,OK,Teste de Carga - 250 usuarios 1-92,text,true,,6719,420,250,250,https://www.blazedemo.com/purchase.php,279,0,0
1774386508637,3498,3 - Comprar Passagem,200,OK,Teste de Carga - 250 usuarios 1-237,text,true,,6719,420,250,250,https://www.blazedemo.com/purchase.php,3486,0,0
1774386511446,693,2 - Escolher Voo,200,OK,Teste de Carga - 250 usuarios 1-64,text,true,,7381,250,250,250,https://www.blazedemo.com/reserve.php,672,0,0
1774386511868,278,2 - Escolher Voo,200,OK,Teste de Carga - 250 usuarios 1-83,text,true,,7381,250,250,250,https://www.blazedemo.com/reserve.php,257,0,0
1774386511857,302,3 - Comprar Passagem,200,OK,Teste de Carga - 250 usuarios 1-13,text,true,,6719,420,250,250,https://www.blazedemo.com/purchase.php,289,0,0
1774386511891,272,3 - Comprar Passagem,200,OK,Teste de Carga - 250 usuarios 1-181,text,true,,6719,420,250,250,https://www.blazedemo.com/purchase.php,261,0,0
1774386511853,312,3 - Comprar Passagem,200,OK,Teste de Carga - 250 usuarios 1-161,text,true,,6719,420,250,250,https://www.blazedemo.com/purchase.php,299,0,0
1774386511891,275,3 - Comprar Passagem,200,OK,Teste de Carga - 250 usuarios 1-145,text,true,,6719,420,250,250,https://www.blazedemo.com/purchase.php,262,0,0
1774386511875,300,3 - Comprar Passagem,200,OK,Teste de Carga - 250 usuarios 1-211,text,true,,6719,420,250,250,https://www.blazedemo.com/purchase.php,288,0,0
1774386508049,4129,2 - Escolher Voo,200,OK,Teste de Carga - 250 usuarios 1-111,text,true,,7381,250,250,250,https://www.blazedemo.com/reserve.php,4111,0,0
1774386511863,320,1 - Acessar Home,200,OK,Teste de Carga - 250 usuarios 1-242,text,true,,4757,120,250,250,https://www.blazedemo.com/,307,0,0
1774386511901,292,3 - Comprar Passagem,200,OK,Teste de Carga - 250 usuarios 1-113,text,true,,6719,420,250,250,https://www.blazedemo.com/purchase.php,279,0,0
1774386511681,515,1 - Acessar Home,200,OK,Teste de Carga - 250 usuarios 1-166,text,true,,4757,120,250,250,https://www.blazedemo.com/,503,0,0
1774386511925,274,1 - Acessar Home,200,OK,Teste de Carga - 250 usuarios 1-125,text,true,,4757,120,250,250,https://www.blazedemo.com/,262,0,0
1774386508121,4090,2 - Escolher Voo,200,OK,Teste de Carga - 250 usuarios 1-219,text,true,,7381,250,250,250,https://www.blazedemo.com/reserve.php,4073,0,0
1774386511894,319,1 - Acessar Home,200,OK,Teste de Carga - 250 usuarios 1-10,text,true,,4757,120,250,250,https://www.blazedemo.com/,307,0,0
1774386511438,780,2 - Escolher Voo,200,OK,Teste de Carga - 250 usuarios 1-59,text,true,,7381,250,250,250,https://www.blazedemo.com/reserve.php,751,0,0
1774386511704,516,2 - Escolher Voo,200,OK,Teste de Carga - 250 usuarios 1-248,text,true,,7381,250,250,250,https://www.blazedemo.com/reserve.php,494,0,0
1774386511903,319,3 - Comprar Passagem,200,OK,Teste de Carga - 250 usuarios 1-146,text,true,,6719,420,250,250,https://www.blazedemo.com/purchase.php,307,0,0
1774386511965,257,2 - Escolher Voo,200,OK,Teste de Carga - 250 usuarios 1-235,text,true,,7381,250,250,250,https://www.blazedemo.com/reserve.php,239,0,0
1774386511933,292,2 - Escolher Voo,200,OK,Teste de Carga - 250 usuarios 1-170,text,true,,7381,250,250,250,https://www.blazedemo.com/reserve.php,272,0,0
1774386508300,3925,2 - Escolher Voo,200,OK,Teste de Carga - 250 usuarios 1-50,text,true,,7381,250,250,250,https://www.blazedemo.com/reserve.php,3905,0,0
1774386511897,332,1 - Acessar Home,200,OK,Teste de Carga - 250 usuarios 1-62,text,true,,4757,120,250,250,https://www.blazedemo.com/,321,0,0
1774386511592,638,2 - Escolher Voo,200,OK,Teste de Carga - 250 usuarios 1-6,text,true,,7381,250,250,250,https://www.blazedemo.com/reserve.php,616,0,0
1774386511979,264,3 - Comprar Passagem,200,OK,Teste de Carga - 250 usuarios 1-85,text,true,,6719,420,250,250,https://www.blazedemo.com/purchase.php,252,0,0
1774386511961,285,2 - Escolher Voo,200,OK,Teste de Carga - 250 usuarios 1-147,text,true,,7381,250,250,250,https://www.blazedemo.com/reserve.php,264,0,0
1774386511903,345,2 - Escolher Voo,200,OK,Teste de Carga - 250 usuarios 1-37,text,true,,7381,250,250,250,https://www.blazedemo.com/reserve.php,324,0,0
1774386511979,271,2 - Escolher Voo,200,OK,Teste de Carga - 250 usuarios 1-245,text,true,,7381,250,250,250,https://www.blazedemo.com/reserve.php,251,0,0
1774386511933,332,2 - Escolher Voo,200,OK,Teste de Carga - 250 usuarios 1-177,text,true,,7381,250,250,250,https://www.blazedemo.com/reserve.php,312,0,0
1774386510766,1508,1 - Acessar Home,200,OK,Teste de Carga - 250 usuarios 1-206,text,true,,4757,120,250,250,https://www.blazedemo.com/,1496,0,0
1774386512000,284,2 - Escolher Voo,200,OK,Teste de Carga - 250 usuarios 1-160,text,true,,7381,250,250,250,https://www.blazedemo.com/reserve.php,264,0,0
1774386512002,290,3 - Comprar Passagem,200,OK,Teste de Carga - 250 usuarios 1-99,text,true,,6719,420,250,250,https://www.blazedemo.com/purchase.php,273,0,0
1774386511699,602,2 - Escolher Voo,200,OK,Teste de Carga - 250 usuarios 1-236,text,true,,7381,250,250,250,https://www.blazedemo.com/reserve.php,581,0,0
1774386511517,786,3 - Comprar Passagem,200,OK,Teste de Carga - 250 usuarios 1-49,text,true,,6719,420,250,250,https://www.blazedemo.com/purchase.php,775,0,0
1774386508301,4002,1 - Acessar Home,200,OK,Teste de Carga - 250 usuarios 1-239,text,true,,4757,120,250,250,https://www.blazedemo.com/,3991,0,0
1774386510478,1834,3 - Comprar Passagem,200,OK,Teste de Carga - 250 usuarios 1-171,text,true,,6719,420,250,250,https://www.blazedemo.com/purchase.php,1822,0,0
1774386512036,276,3 - Comprar Passagem,200,OK,Teste de Carga - 250 usuarios 1-185,text,true,,6719,420,250,250,https://www.blazedemo.com/purchase.php,262,0,0
1774386508341,3971,1 - Acessar Home,200,OK,Teste de Carga - 250 usuarios 1-117,text,true,,4757,120,250,250,https://www.blazedemo.com/,3957,0,0
1774386511918,395,2 - Escolher Voo,200,OK,Teste de Carga - 250 usuarios 1-149,text,true,,7381,250,250,250,https://www.blazedemo.com/reserve.php,379,0,0
1774386512000,321,3 - Comprar Passagem,200,OK,Teste de Carga - 250 usuarios 1-152,text,true,,6719,420,250,250,https://www.blazedemo.com/purchase.php,309,0,0
1774386511994,327,2 - Escolher Voo,200,OK,Teste de Carga - 250 usuarios 1-220,text,true,,7381,250,250,250,https://www.blazedemo.com/reserve.php,307,0,0
1774386512002,321,1 - Acessar Home,200,OK,Teste de Carga - 250 usuarios 1-55,text,true,,4757,120,250,250,https://www.blazedemo.com/,310,0,0
1774386512033,292,2 - Escolher Voo,200,OK,Teste de Carga - 250 usuarios 1-222,text,true,,7381,250,250,250,https://www.blazedemo.com/reserve.php,271,0,0
1774386512032,295,1 - Acessar Home,200,OK,Teste de Carga - 250 usuarios 1-91,text,true,,4757,120,250,250,https://www.blazedemo.com/,283,0,0
1774386512051,281,3 - Comprar Passagem,200,OK,Teste de Carga - 250 usuarios 1-209,text,true,,6719,420,250,250,https://www.blazedemo.com/purchase.php,265,0,0
1774386511999,334,2 - Escolher Voo,200,OK,Teste de Carga - 250 usuarios 1-47,text,true,,7381,250,250,250,https://www.blazedemo.com/reserve.php,314,0,0
1774386512061,274,3 - Comprar Passagem,200,OK,Teste de Carga - 250 usuarios 1-97,text,true,,6719,420,250,250,https://www.blazedemo.com/purchase.php,262,0,0
1774386508964,3373,1 - Acessar Home,200,OK,Teste de Carga - 250 usuarios 1-39,text,true,,4757,120,250,250,https://www.blazedemo.com/,3362,0,0
1774386512079,262,3 - Comprar Passagem,200,OK,Teste de Carga - 250 usuarios 1-107,text,true,,6719,420,250,250,https://www.blazedemo.com/purchase.php,249,0,0
1774386512070,275,3 - Comprar Passagem,200,OK,Teste de Carga - 250 usuarios 1-94,text,true,,6719,420,250,250,https://www.blazedemo.com/purchase.php,263,0,0
1774386512037,316,3 - Comprar Passagem,200,OK,Teste de Carga - 250 usuarios 1-122,text,true,,6719,420,250,250,https://www.blazedemo.com/purchase.php,305,0,0
1774386512024,355,3 - Comprar Passagem,200,OK,Teste de Carga - 250 usuarios 1-22,text,true,,6719,420,250,250,https://www.blazedemo.com/purchase.php,344,0,0
1774386509498,2883,1 - Acessar Home,200,OK,Teste de Carga - 250 usuarios 1-218,text,true,,4757,120,250,250,https://www.blazedemo.com/,2870,0,0
1774386511808,575,3 - Comprar Passagem,200,OK,Teste de Carga - 250 usuarios 1-223,text,true,,6719,420,250,250,https://www.blazedemo.com/purchase.php,558,0,0
1774386511938,448,2 - Escolher Voo,200,OK,Teste de Carga - 250 usuarios 1-178,text,true,,7381,250,250,250,https://www.blazedemo.com/reserve.php,428,0,0
1774386512068,324,3 - Comprar Passagem,200,OK,Teste de Carga - 250 usuarios 1-184,text,true,,6719,420,250,250,https://www.blazedemo.com/purchase.php,311,0,0
1774386512131,270,1 - Acessar Home,200,OK,Teste de Carga - 250 usuarios 1-79,text,true,,4757,120,250,250,https://www.blazedemo.com/,258,0,0
1774386508343,4060,2 - Escolher Voo,200,OK,Teste de Carga - 250 usuarios 1-45,text,true,,7381,250,250,250,https://www.blazedemo.com/reserve.php,4040,0,0
1774386510491,1912,2 - Escolher Voo,200,OK,Teste de Carga - 250 usuarios 1-12,text,true,,7381,250,250,250,https://www.blazedemo.com/reserve.php,1892,0,0
1774386512135,276,1 - Acessar Home,200,OK,Teste de Carga - 250 usuarios 1-237,text,true,,4757,120,250,250,https://www.blazedemo.com/,265,0,0
1774386512117,303,2 - Escolher Voo,200,OK,Teste de Carga - 250 usuarios 1-115,text,true,,7381,250,250,250,https://www.blazedemo.com/reserve.php,283,0,0
1774386512058,370,3 - Comprar Passagem,200,OK,Teste de Carga - 250 usuarios 1-240,text,true,,6719,420,250,250,https://www.blazedemo.com/purchase.php,358,0,0
1774386512085,345,2 - Escolher Voo,200,OK,Teste de Carga - 250 usuarios 1-207,text,true,,7381,250,250,250,https://www.blazedemo.com/reserve.php,324,0,0
1774386509029,3404,3 - Comprar Passagem,200,OK,Teste de Carga - 250 usuarios 1-167,text,true,,6719,420,250,250,https://www.blazedemo.com/purchase.php,3391,0,0
1774386512071,370,2 - Escolher Voo,200,OK,Teste de Carga - 250 usuarios 1-101,text,true,,7381,250,250,250,https://www.blazedemo.com/reserve.php,349,0,0
1774386512166,278,1 - Acessar Home,200,OK,Teste de Carga - 250 usuarios 1-145,text,true,,4757,120,250,250,https://www.blazedemo.com/,267,0,0
1774386512193,253,1 - Acessar Home,200,OK,Teste de Carga - 250 usuarios 1-113,text,true,,4757,120,250,250,https://www.blazedemo.com/,242,0,0
1774386512146,300,3 - Comprar Passagem,200,OK,Teste de Carga - 250 usuarios 1-83,text,true,,6719,420,250,250,https://www.blazedemo.com/purchase.php,289,0,0
1774386511996,452,1 - Acessar Home,200,OK,Teste de Carga - 250 usuarios 1-4,text,true,,4757,120,250,250,https://www.blazedemo.com/,440,0,0
1774386512133,326,1 - Acessar Home,200,OK,Teste de Carga - 250 usuarios 1-153,text,true,,4757,120,250,250,https://www.blazedemo.com/,315,0,0
1774386511654,810,3 - Comprar Passagem,200,OK,Teste de Carga - 250 usuarios 1-243,text,true,,6719,420,250,250,https://www.blazedemo.com/purchase.php,798,0,0
1774386512122,346,3 - Comprar Passagem,200,OK,Teste de Carga - 250 usuarios 1-172,text,true,,6719,420,250,250,https://www.blazedemo.com/purchase.php,334,0,0
1774386509612,2857,1 - Acessar Home,200,OK,Teste de Carga - 250 usuarios 1-32,text,true,,4757,120,250,250,https://www.blazedemo.com/,2845,0,0
1774386512102,374,3 - Comprar Passagem,200,OK,Teste de Carga - 250 usuarios 1-183,text,true,,6719,420,250,250,https://www.blazedemo.com/purchase.php,357,0,0
1774386512087,395,2 - Escolher Voo,200,OK,Teste de Carga - 250 usuarios 1-40,text,true,,7381,250,250,250,https://www.blazedemo.com/reserve.php,376,0,0
1774386512213,270,2 - Escolher Voo,200,OK,Teste de Carga - 250 usuarios 1-10,text,true,,7381,250,250,250,https://www.blazedemo.com/reserve.php,254,0,0
1774386508516,3974,3 - Comprar Passagem,200,OK,Teste de Carga - 250 usuarios 1-21,text,true,,6719,420,250,250,https://www.blazedemo.com/purchase.php,3961,0,0
1774386512117,375,1 - Acessar Home,200,OK,Teste de Carga - 250 usuarios 1-123,text,true,,4757,120,250,250,https://www.blazedemo.com/,363,0,0
1774386510647,1847,3 - Comprar Passagem,200,OK,Teste de Carga - 250 usuarios 1-204,text,true,,6719,420,250,250,https://www.blazedemo.com/purchase.php,1835,0,0
1774386512218,279,3 - Comprar Passagem,200,OK,Teste de Carga - 250 usuarios 1-59,text,true,,6719,420,250,250,https://www.blazedemo.com/purchase.php,264,0,0
1774386512244,254,1 - Acessar Home,200,OK,Teste de Carga - 250 usuarios 1-85,text,true,,4757,120,250,250,https://www.blazedemo.com/,242,0,0
1774386512220,290,3 - Comprar Passagem,200,OK,Teste de Carga - 250 usuarios 1-248,text,true,,6719,420,250,250,https://www.blazedemo.com/purchase.php,279,0,0
1774386512163,354,1 - Acessar Home,200,OK,Teste de Carga - 250 usuarios 1-181,text,true,,4757,120,250,250,https://www.blazedemo.com/,342,0,0
1774386512266,255,3 - Comprar Passagem,200,OK,Teste de Carga - 250 usuarios 1-177,text,true,,6719,420,250,250,https://www.blazedemo.com/purchase.php,239,0,0
1774386512223,304,1 - Acessar Home,200,OK,Teste de Carga - 250 usuarios 1-146,text,true,,4757,120,250,250,https://www.blazedemo.com/,293,0,0
1774386508440,4094,3 - Comprar Passagem,200,OK,Teste de Carga - 250 usuarios 1-25,text,true,,6719,420,250,250,https://www.blazedemo.com/purchase.php,4081,0,0
1774386511036,1499,2 - Escolher Voo,200,OK,Teste de Carga - 250 usuarios 1-180,text,true,,7381,250,250,250,https://www.blazedemo.com/reserve.php,1482,0,0
1774386512135,401,1 - Acessar Home,200,OK,Teste de Carga - 250 usuarios 1-92,text,true,,4757,120,250,250,https://www.blazedemo.com/,389,0,0
1774386511672,873,3 - Comprar Passagem,200,OK,Teste de Carga - 250 usuarios 1-52,text,true,,6719,420,250,250,https://www.blazedemo.com/purchase.php,861,0,0
1774386511028,1525,3 - Comprar Passagem,200,OK,Teste de Carga - 250 usuarios 1-112,text,true,,6719,420,250,250,https://www.blazedemo.com/purchase.php,1512,0,0
1774386512098,458,2 - Escolher Voo,200,OK,Teste de Carga - 250 usuarios 1-139,text,true,,7381,250,250,250,https://www.blazedemo.com/reserve.php,438,0,0
1774386512111,456,1 - Acessar Home,200,OK,Teste de Carga - 250 usuarios 1-225,text,true,,4757,120,250,250,https://www.blazedemo.com/,445,0,0
1774386512211,356,3 - Comprar Passagem,200,OK,Teste de Carga - 250 usuarios 1-219,text,true,,6719,420,250,250,https://www.blazedemo.com/purchase.php,345,0,0
1774386512301,266,3 - Comprar Passagem,200,OK,Teste de Carga - 250 usuarios 1-236,text,true,,6719,420,250,250,https://www.blazedemo.com/purchase.php,250,0,0
1774386512250,317,3 - Comprar Passagem,200,OK,Teste de Carga - 250 usuarios 1-245,text,true,,6719,420,250,250,https://www.blazedemo.com/purchase.php,306,0,0
1774386512313,255,3 - Comprar Passagem,200,OK,Teste de Carga - 250 usuarios 1-149,text,true,,6719,420,250,250,https://www.blazedemo.com/purchase.php,237,0,0
1774386508710,3869,3 - Comprar Passagem,200,OK,Teste de Carga - 250 usuarios 1-102,text,true,,6719,420,250,250,https://www.blazedemo.com/purchase.php,3856,0,0
1774386512292,287,1 - Acessar Home,200,OK,Teste de Carga - 250 usuarios 1-99,text,true,,4757,120,250,250,https://www.blazedemo.com/,274,0,0
1774386512337,254,2 - Escolher Voo,200,OK,Teste de Carga - 250 usuarios 1-39,text,true,,7381,250,250,250,https://www.blazedemo.com/reserve.php,233,0,0
1774386512327,272,2 - Escolher Voo,200,OK,Teste de Carga - 250 usuarios 1-91,text,true,,7381,250,250,250,https://www.blazedemo.com/reserve.php,252,0,0
1774386512313,287,1 - Acessar Home,200,OK,Teste de Carga - 250 usuarios 1-171,text,true,,4757,120,250,250,https://www.blazedemo.com/,275,0,0
1774386512303,299,2 - Escolher Voo,200,OK,Teste de Carga - 250 usuarios 1-239,text,true,,7381,250,250,250,https://www.blazedemo.com/reserve.php,279,0,0
1774386512230,372,3 - Comprar Passagem,200,OK,Teste de Carga - 250 usuarios 1-6,text,true,,6719,420,250,250,https://www.blazedemo.com/purchase.php,358,0,0
1774386509764,2842,1 - Acessar Home,200,OK,Teste de Carga - 250 usuarios 1-43,text,true,,4757,120,250,250,https://www.blazedemo.com/,2830,0,0
1774386512274,336,2 - Escolher Voo,200,OK,Teste de Carga - 250 usuarios 1-206,text,true,,7381,250,250,250,https://www.blazedemo.com/reserve.php,316,0,0
1774386509737,2882,2 - Escolher Voo,200,OK,Teste de Carga - 250 usuarios 1-244,text,true,,7381,250,250,250,https://www.blazedemo.com/reserve.php,2865,0,0
1774386511709,911,3 - Comprar Passagem,200,OK,Teste de Carga - 250 usuarios 1-8,text,true,,6719,420,250,250,https://www.blazedemo.com/purchase.php,899,0,0
1774386512139,483,3 - Comprar Passagem,200,OK,Teste de Carga - 250 usuarios 1-64,text,true,,6719,420,250,250,https://www.blazedemo.com/purchase.php,469,0,0
1774386509120,3511,3 - Comprar Passagem,200,OK,Teste de Carga - 250 usuarios 1-31,text,true,,6719,420,250,250,https://www.blazedemo.com/purchase.php,3499,0,0
1774386512321,310,3 - Comprar Passagem,200,OK,Teste de Carga - 250 usuarios 1-220,text,true,,6719,420,250,250,https://www.blazedemo.com/purchase.php,298,0,0
1774386512246,399,3 - Comprar Passagem,200,OK,Teste de Carga - 250 usuarios 1-147,text,true,,6719,420,250,250,https://www.blazedemo.com/purchase.php,385,0,0
1774386512403,249,3 - Comprar Passagem,200,OK,Teste de Carga - 250 usuarios 1-12,text,true,,6719,420,250,250,https://www.blazedemo.com/purchase.php,237,0,0
1774386512326,326,3 - Comprar Passagem,200,OK,Teste de Carga - 250 usuarios 1-222,text,true,,6719,420,250,250,https://www.blazedemo.com/purchase.php,314,0,0
1774386512332,321,1 - Acessar Home,200,OK,Teste de Carga - 250 usuarios 1-209,text,true,,4757,120,250,250,https://www.blazedemo.com/,309,0,0
1774386512303,352,1 - Acessar Home,200,OK,Teste de Carga - 250 usuarios 1-49,text,true,,4757,120,250,250,https://www.blazedemo.com/,341,0,0
1774386512335,333,1 - Acessar Home,200,OK,Teste de Carga - 250 usuarios 1-97,text,true,,4757,120,250,250,https://www.blazedemo.com/,321,0,0
1774386508440,4233,3 - Comprar Passagem,200,OK,Teste de Carga - 250 usuarios 1-68,text,true,,6719,420,250,250,https://www.blazedemo.com/purchase.php,4216,0,0
1774386512333,343,3 - Comprar Passagem,200,OK,Teste de Carga - 250 usuarios 1-47,text,true,,6719,420,250,250,https://www.blazedemo.com/purchase.php,331,0,0
1774386512403,277,3 - Comprar Passagem,200,OK,Teste de Carga - 250 usuarios 1-45,text,true,,6719,420,250,250,https://www.blazedemo.com/purchase.php,263,0,0
1774386512401,288,2 - Escolher Voo,200,OK,Teste de Carga - 250 usuarios 1-79,text,true,,7381,250,250,250,https://www.blazedemo.com/reserve.php,271,0,0
1774386512420,271,3 - Comprar Passagem,200,OK,Teste de Carga - 250 usuarios 1-115,text,true,,6719,420,250,250,https://www.blazedemo.com/purchase.php,260,0,0
1774386508466,4228,1 - Acessar Home,200,OK,Teste de Carga - 250 usuarios 1-199,text,true,,4757,120,250,250,https://www.blazedemo.com/,4216,0,0
1774386511747,947,2 - Escolher Voo,200,OK,Teste de Carga - 250 usuarios 1-67,text,true,,7381,250,250,250,https://www.blazedemo.com/reserve.php,927,0,0
1774386512183,513,2 - Escolher Voo,200,OK,Teste de Carga - 250 usuarios 1-242,text,true,,7381,250,250,250,https://www.blazedemo.com/reserve.php,496,0,0
1774386512411,287,2 - Escolher Voo,200,OK,Teste de Carga - 250 usuarios 1-237,text,true,,7381,250,250,250,https://www.blazedemo.com/reserve.php,268,0,0
1774386512345,357,1 - Acessar Home,200,OK,Teste de Carga - 250 usuarios 1-94,text,true,,4757,120,250,250,https://www.blazedemo.com/,345,0,0
1774386512134,569,2 - Escolher Voo,200,OK,Teste de Carga - 250 usuarios 1-26,text,true,,7381,250,250,250,https://www.blazedemo.com/reserve.php,548,0,0
1774386512447,258,2 - Escolher Voo,200,OK,Teste de Carga - 250 usuarios 1-113,text,true,,7381,250,250,250,https://www.blazedemo.com/reserve.php,242,0,0
1774386511163,1543,3 - Comprar Passagem,200,OK,Teste de Carga - 250 usuarios 1-18,text,true,,6719,420,250,250,https://www.blazedemo.com/purchase.php,1527,0,0
1774386512444,263,2 - Escolher Voo,200,OK,Teste de Carga - 250 usuarios 1-145,text,true,,7381,250,250,250,https://www.blazedemo.com/reserve.php,243,0,0
1774386510743,1964,3 - Comprar Passagem,200,OK,Teste de Carga - 250 usuarios 1-155,text,true,,6719,420,250,250,https://www.blazedemo.com/purchase.php,1951,0,0
1774386509847,2862,3 - Comprar Passagem,200,OK,Teste de Carga - 250 usuarios 1-210,text,true,,6719,420,250,250,https://www.blazedemo.com/purchase.php,2850,0,0
1774386509830,2882,1 - Acessar Home,200,OK,Teste de Carga - 250 usuarios 1-124,text,true,,4757,120,250,250,https://www.blazedemo.com/,2868,0,0
1774386512381,336,2 - Escolher Voo,200,OK,Teste de Carga - 250 usuarios 1-218,text,true,,7381,250,250,250,https://www.blazedemo.com/reserve.php,315,0,0
1774386509158,3565,1 - Acessar Home,200,OK,Teste de Carga - 250 usuarios 1-221,text,true,,4757,120,250,250,https://www.blazedemo.com/,3554,0,0
1774386512459,274,2 - Escolher Voo,200,OK,Teste de Carga - 250 usuarios 1-153,text,true,,7381,250,250,250,https://www.blazedemo.com/reserve.php,253,0,0
1774386512433,300,1 - Acessar Home,200,OK,Teste de Carga - 250 usuarios 1-167,text,true,,4757,120,250,250,https://www.blazedemo.com/,284,0,0
1774386512428,321,1 - Acessar Home,200,OK,Teste de Carga - 250 usuarios 1-240,text,true,,4757,120,250,250,https://www.blazedemo.com/,308,0,0
1774386512482,270,3 - Comprar Passagem,200,OK,Teste de Carga - 250 usuarios 1-40,text,true,,6719,420,250,250,https://www.blazedemo.com/purchase.php,258,0,0
1774386512468,288,1 - Acessar Home,200,OK,Teste de Carga - 250 usuarios 1-172,text,true,,4757,120,250,250,https://www.blazedemo.com/,276,0,0
1774386512353,403,1 - Acessar Home,200,OK,Teste de Carga - 250 usuarios 1-122,text,true,,4757,120,250,250,https://www.blazedemo.com/,392,0,0
1774386512483,276,3 - Comprar Passagem,200,OK,Teste de Carga - 250 usuarios 1-10,text,true,,6719,420,250,250,https://www.blazedemo.com/purchase.php,263,0,0
1774386508460,4311,1 - Acessar Home,200,OK,Teste de Carga - 250 usuarios 1-174,text,true,,4757,120,250,250,https://www.blazedemo.com/,4300,0,0
1774386512383,395,1 - Acessar Home,200,OK,Teste de Carga - 250 usuarios 1-223,text,true,,4757,120,250,250,https://www.blazedemo.com/,383,0,0
1774386512510,269,1 - Acessar Home,200,OK,Teste de Carga - 250 usuarios 1-248,text,true,,4757,120,250,250,https://www.blazedemo.com/,256,0,0
1774386512494,289,1 - Acessar Home,200,OK,Teste de Carga - 250 usuarios 1-204,text,true,,4757,120,250,250,https://www.blazedemo.com/,278,0,0
1774386512491,297,1 - Acessar Home,200,OK,Teste de Carga - 250 usuarios 1-21,text,true,,4757,120,250,250,https://www.blazedemo.com/,287,0,0
1774386510759,2031,1 - Acessar Home,200,OK,Teste de Carga - 250 usuarios 1-15,text,true,,4757,120,250,250,https://www.blazedemo.com/,2019,0,0
1774386512534,258,1 - Acessar Home,200,OK,Teste de Carga - 250 usuarios 1-25,text,true,,4757,120,250,250,https://www.blazedemo.com/,245,0,0
1774386508476,4317,1 - Acessar Home,200,OK,Teste de Carga - 250 usuarios 1-82,text,true,,4757,120,250,250,https://www.blazedemo.com/,4305,0,0
1774386512448,351,2 - Escolher Voo,200,OK,Teste de Carga - 250 usuarios 1-4,text,true,,7381,250,250,250,https://www.blazedemo.com/reserve.php,330,0,0
1774386509877,2924,1 - Acessar Home,200,OK,Teste de Carga - 250 usuarios 1-179,text,true,,4757,120,250,250,https://www.blazedemo.com/,2912,0,0
1774386512464,337,1 - Acessar Home,200,OK,Teste de Carga - 250 usuarios 1-243,text,true,,4757,120,250,250,https://www.blazedemo.com/,325,0,0
1774386512497,311,1 - Acessar Home,200,OK,Teste de Carga - 250 usuarios 1-59,text,true,,4757,120,250,250,https://www.blazedemo.com/,299,0,0
1774386511168,1645,3 - Comprar Passagem,200,OK,Teste de Carga - 250 usuarios 1-214,text,true,,6719,420,250,250,https://www.blazedemo.com/purchase.php,1633,0,0
1774386512568,245,1 - Acessar Home,200,OK,Teste de Carga - 250 usuarios 1-149,text,true,,4757,120,250,250,https://www.blazedemo.com/,233,0,0
1774386512441,384,3 - Comprar Passagem,200,OK,Teste de Carga - 250 usuarios 1-101,text,true,,6719,420,250,250,https://www.blazedemo.com/purchase.php,372,0,0
1774386512553,272,1 - Acessar Home,200,OK,Teste de Carga - 250 usuarios 1-112,text,true,,4757,120,250,250,https://www.blazedemo.com/,260,0,0
1774386512430,396,3 - Comprar Passagem,200,OK,Teste de Carga - 250 usuarios 1-207,text,true,,6719,420,250,250,https://www.blazedemo.com/purchase.php,384,0,0
1774386512568,270,1 - Acessar Home,200,OK,Teste de Carga - 250 usuarios 1-245,text,true,,4757,120,250,250,https://www.blazedemo.com/,259,0,0
1774386511837,1001,3 - Comprar Passagem,200,OK,Teste de Carga - 250 usuarios 1-105,text,true,,6719,420,250,250,https://www.blazedemo.com/purchase.php,989,0,0
1774386512517,322,2 - Escolher Voo,200,OK,Teste de Carga - 250 usuarios 1-181,text,true,,7381,250,250,250,https://www.blazedemo.com/reserve.php,301,0,0
1774386512521,318,1 - Acessar Home,200,OK,Teste de Carga - 250 usuarios 1-177,text,true,,4757,120,250,250,https://www.blazedemo.com/,306,0,0
1774386511181,1664,2 - Escolher Voo,200,OK,Teste de Carga - 250 usuarios 1-48,text,true,,7381,250,250,250,https://www.blazedemo.com/reserve.php,1644,0,0
1774386512599,256,3 - Comprar Passagem,200,OK,Teste de Carga - 250 usuarios 1-91,text,true,,6719,420,250,250,https://www.blazedemo.com/purchase.php,244,0,0
1774386509153,3711,3 - Comprar Passagem,200,OK,Teste de Carga - 250 usuarios 1-241,text,true,,6719,420,250,250,https://www.blazedemo.com/purchase.php,3699,0,0
1774386512536,337,2 - Escolher Voo,200,OK,Teste de Carga - 250 usuarios 1-92,text,true,,7381,250,250,250,https://www.blazedemo.com/reserve.php,316,0,0
1774386512602,281,3 - Comprar Passagem,200,OK,Teste de Carga - 250 usuarios 1-239,text,true,,6719,420,250,250,https://www.blazedemo.com/purchase.php,269,0,0
1774386510845,2040,2 - Escolher Voo,200,OK,Teste de Carga - 250 usuarios 1-29,text,true,,7381,250,250,250,https://www.blazedemo.com/reserve.php,2020,0,0
1774386512619,275,3 - Comprar Passagem,200,OK,Teste de Carga - 250 usuarios 1-244,text,true,,6719,420,250,250,https://www.blazedemo.com/purchase.php,259,0,0
1774386512631,263,1 - Acessar Home,200,OK,Teste de Carga - 250 usuarios 1-31,text,true,,4757,120,250,250,https://www.blazedemo.com/,252,0,0
1774386512602,295,1 - Acessar Home,200,OK,Teste de Carga - 250 usuarios 1-6,text,true,,4757,120,250,250,https://www.blazedemo.com/,283,0,0
1774386512600,308,2 - Escolher Voo,200,OK,Teste de Carga - 250 usuarios 1-171,text,true,,7381,250,250,250,https://www.blazedemo.com/reserve.php,287,0,0
1774386508509,4399,1 - Acessar Home,200,OK,Teste de Carga - 250 usuarios 1-226,text,true,,4757,120,250,250,https://www.blazedemo.com/,4386,0,0
1774386512447,461,1 - Acessar Home,200,OK,Teste de Carga - 250 usuarios 1-83,text,true,,4757,120,250,250,https://www.blazedemo.com/,450,0,0
1774386512680,228,1 - Acessar Home,200,OK,Teste de Carga - 250 usuarios 1-45,text,true,,4757,120,250,250,https://www.blazedemo.com/,217,0,0
1774386512556,360,3 - Comprar Passagem,200,OK,Teste de Carga - 250 usuarios 1-139,text,true,,6719,420,250,250,https://www.blazedemo.com/purchase.php,341,0,0
1774386512645,277,1 - Acessar Home,200,OK,Teste de Carga - 250 usuarios 1-147,text,true,,4757,120,250,250,https://www.blazedemo.com/,264,0,0
1774386508566,4362,3 - Comprar Passagem,200,OK,Teste de Carga - 250 usuarios 1-246,text,true,,6719,420,250,250,https://www.blazedemo.com/purchase.php,4352,0,0
1774386512654,274,2 - Escolher Voo,200,OK,Teste de Carga - 250 usuarios 1-209,text,true,,7381,250,250,250,https://www.blazedemo.com/reserve.php,254,0,0
1774386511221,1716,1 - Acessar Home,200,OK,Teste de Carga - 250 usuarios 1-88,text,true,,4757,120,250,250,https://www.blazedemo.com/,1704,0,0
1774386512691,246,1 - Acessar Home,200,OK,Teste de Carga - 250 usuarios 1-115,text,true,,4757,120,250,250,https://www.blazedemo.com/,234,0,0
1774386511937,1005,3 - Comprar Passagem,200,OK,Teste de Carga - 250 usuarios 1-33,text,true,,6719,420,250,250,https://www.blazedemo.com/purchase.php,993,0,0
1774386509902,3041,2 - Escolher Voo,200,OK,Teste de Carga - 250 usuarios 1-95,text,true,,7381,250,250,250,https://www.blazedemo.com/reserve.php,3020,0,0
1774386509162,3781,1 - Acessar Home,200,OK,Teste de Carga - 250 usuarios 1-56,text,true,,4757,120,250,250,https://www.blazedemo.com/,3771,0,0
1774386509914,3037,3 - Comprar Passagem,200,OK,Teste de Carga - 250 usuarios 1-35,text,true,,6719,420,250,250,https://www.blazedemo.com/purchase.php,3023,0,0
1774386509189,3762,3 - Comprar Passagem,200,OK,Teste de Carga - 250 usuarios 1-142,text,true,,6719,420,250,250,https://www.blazedemo.com/purchase.php,3750,0,0
1774386512469,486,2 - Escolher Voo,200,OK,Teste de Carga - 250 usuarios 1-32,text,true,,7381,250,250,250,https://www.blazedemo.com/reserve.php,464,0,0
1774386512622,346,1 - Acessar Home,200,OK,Teste de Carga - 250 usuarios 1-64,text,true,,4757,120,250,250,https://www.blazedemo.com/,333,0,0
1774386512668,300,2 - Escolher Voo,200,OK,Teste de Carga - 250 usuarios 1-97,text,true,,7381,250,250,250,https://www.blazedemo.com/reserve.php,279,0,0
1774386512694,278,3 - Comprar Passagem,200,OK,Teste de Carga - 250 usuarios 1-67,text,true,,6719,420,250,250,https://www.blazedemo.com/purchase.php,266,0,0
1774386512567,405,2 - Escolher Voo,200,OK,Teste de Carga - 250 usuarios 1-225,text,true,,7381,250,250,250,https://www.blazedemo.com/reserve.php,384,0,0
1774386510907,2071,3 - Comprar Passagem,200,OK,Teste de Carga - 250 usuarios 1-57,text,true,,6719,420,250,250,https://www.blazedemo.com/purchase.php,2058,0,0
1774386512579,399,2 - Escolher Voo,200,OK,Teste de Carga - 250 usuarios 1-99,text,true,,7381,250,250,250,https://www.blazedemo.com/reserve.php,378,0,0
1774386512733,256,3 - Comprar Passagem,200,OK,Teste de Carga - 250 usuarios 1-153,text,true,,6719,420,250,250,https://www.blazedemo.com/purchase.php,245,0,0
1774386512631,365,1 - Acessar Home,200,OK,Teste de Carga - 250 usuarios 1-220,text,true,,4757,120,250,250,https://www.blazedemo.com/,353,0,0
1774386511328,1671,2 - Escolher Voo,200,OK,Teste de Carga - 250 usuarios 1-7,text,true,,7381,250,250,250,https://www.blazedemo.com/reserve.php,1650,0,0
1774386512707,292,3 - Comprar Passagem,200,OK,Teste de Carga - 250 usuarios 1-145,text,true,,6719,420,250,250,https://www.blazedemo.com/purchase.php,279,0,0
1774386512498,512,2 - Escolher Voo,200,OK,Teste de Carga - 250 usuarios 1-85,text,true,,7381,250,250,250,https://www.blazedemo.com/reserve.php,491,0,0
1774386512606,404,2 - Escolher Voo,200,OK,Teste de Carga - 250 usuarios 1-43,text,true,,7381,250,250,250,https://www.blazedemo.com/reserve.php,383,0,0
1774386508632,4380,1 - Acessar Home,200,OK,Teste de Carga - 250 usuarios 1-19,text,true,,4757,120,250,250,https://www.blazedemo.com/,4367,0,0
1774386512476,547,1 - Acessar Home,200,OK,Teste de Carga - 250 usuarios 1-183,text,true,,4757,120,250,250,https://www.blazedemo.com/,536,0,0
1774386512676,351,1 - Acessar Home,200,OK,Teste de Carga - 250 usuarios 1-47,text,true,,4757,120,250,250,https://www.blazedemo.com/,340,0,0
1774386512753,279,1 - Acessar Home,200,OK,Teste de Carga - 250 usuarios 1-40,text,true,,4757,120,250,250,https://www.blazedemo.com/,268,0,0
1774386511962,1076,2 - Escolher Voo,200,OK,Teste de Carga - 250 usuarios 1-73,text,true,,7381,250,250,250,https://www.blazedemo.com/reserve.php,1065,0,0
1774386512779,261,2 - Escolher Voo,200,OK,Teste de Carga - 250 usuarios 1-248,text,true,,7381,250,250,250,https://www.blazedemo.com/reserve.php,248,0,0
1774386512655,389,2 - Escolher Voo,200,OK,Teste de Carga - 250 usuarios 1-49,text,true,,7381,250,250,250,https://www.blazedemo.com/reserve.php,367,0,0
1774386512733,312,2 - Escolher Voo,200,OK,Teste de Carga - 250 usuarios 1-167,text,true,,7381,250,250,250,https://www.blazedemo.com/reserve.php,294,0,0
1774386509291,3754,1 - Acessar Home,200,OK,Teste de Carga - 250 usuarios 1-136,text,true,,4757,120,250,250,https://www.blazedemo.com/,3742,0,0
1774386512749,296,2 - Escolher Voo,200,OK,Teste de Carga - 250 usuarios 1-240,text,true,,7381,250,250,250,https://www.blazedemo.com/reserve.php,278,0,0
1774386511985,1061,1 - Acessar Home,200,OK,Teste de Carga - 250 usuarios 1-205,text,true,,4757,120,250,250,https://www.blazedemo.com/,1050,0,0
1774386512783,280,2 - Escolher Voo,200,OK,Teste de Carga - 250 usuarios 1-204,text,true,,7381,250,250,250,https://www.blazedemo.com/reserve.php,253,0,0
1774386512801,262,2 - Escolher Voo,200,OK,Teste de Carga - 250 usuarios 1-179,text,true,,7381,250,250,250,https://www.blazedemo.com/reserve.php,236,0,0
1774386509201,3863,2 - Escolher Voo,200,OK,Teste de Carga - 250 usuarios 1-5,text,true,,7381,250,250,250,https://www.blazedemo.com/reserve.php,3847,0,0
1774386512792,272,2 - Escolher Voo,200,OK,Teste de Carga - 250 usuarios 1-25,text,true,,7381,250,250,250,https://www.blazedemo.com/reserve.php,252,0,0
1774386512492,577,2 - Escolher Voo,200,OK,Teste de Carga - 250 usuarios 1-123,text,true,,7381,250,250,250,https://www.blazedemo.com/reserve.php,553,0,0
1774386511370,1705,1 - Acessar Home,200,OK,Teste de Carga - 250 usuarios 1-202,text,true,,4757,120,250,250,https://www.blazedemo.com/,1694,0,0
1774386512756,319,2 - Escolher Voo,200,OK,Teste de Carga - 250 usuarios 1-122,text,true,,7381,250,250,250,https://www.blazedemo.com/reserve.php,298,0,0
1774386508639,4443,2 - Escolher Voo,200,OK,Teste de Carga - 250 usuarios 1-24,text,true,,7381,250,250,250,https://www.blazedemo.com/reserve.php,4424,0,0
1774386511513,1569,2 - Escolher Voo,200,OK,Teste de Carga - 250 usuarios 1-191,text,true,,7381,250,250,250,https://www.blazedemo.com/reserve.php,1550,0,0
1774386512801,281,2 - Escolher Voo,200,OK,Teste de Carga - 250 usuarios 1-243,text,true,,7381,250,250,250,https://www.blazedemo.com/reserve.php,262,0,0
1774386510110,2982,1 - Acessar Home,200,OK,Teste de Carga - 250 usuarios 1-196,text,true,,4757,120,250,250,https://www.blazedemo.com/,2970,0,0
1774386512713,387,2 - Escolher Voo,200,OK,Teste de Carga - 250 usuarios 1-124,text,true,,7381,250,250,250,https://www.blazedemo.com/reserve.php,367,0,0
1774386512825,289,1 - Acessar Home,200,OK,Teste de Carga - 250 usuarios 1-101,text,true,,4757,120,250,250,https://www.blazedemo.com/,275,0,0
1774386512694,420,2 - Escolher Voo,200,OK,Teste de Carga - 250 usuarios 1-199,text,true,,7381,250,250,250,https://www.blazedemo.com/reserve.php,401,0,0
1774386512778,336,2 - Escolher Voo,200,OK,Teste de Carga - 250 usuarios 1-223,text,true,,7381,250,250,250,https://www.blazedemo.com/reserve.php,314,0,0
1774386512865,256,1 - Acessar Home,200,OK,Teste de Carga - 250 usuarios 1-241,text,true,,4757,120,250,250,https://www.blazedemo.com/,246,0,0
1774386510985,2140,3 - Comprar Passagem,200,OK,Teste de Carga - 250 usuarios 1-60,text,true,,6719,420,250,250,https://www.blazedemo.com/purchase.php,2124,0,0
1774386512723,410,2 - Escolher Voo,200,OK,Teste de Carga - 250 usuarios 1-221,text,true,,7381,250,250,250,https://www.blazedemo.com/reserve.php,391,0,0
1774386512535,600,3 - Comprar Passagem,200,OK,Teste de Carga - 250 usuarios 1-180,text,true,,6719,420,250,250,https://www.blazedemo.com/purchase.php,588,0,0
1774386510225,2912,1 - Acessar Home,200,OK,Teste de Carga - 250 usuarios 1-104,text,true,,4757,120,250,250,https://www.blazedemo.com/,2900,0,0
1774386512838,299,2 - Escolher Voo,200,OK,Teste de Carga - 250 usuarios 1-245,text,true,,7381,250,250,250,https://www.blazedemo.com/reserve.php,281,0,0
1774386512874,269,3 - Comprar Passagem,200,OK,Teste de Carga - 250 usuarios 1-92,text,true,,6719,420,250,250,https://www.blazedemo.com/purchase.php,258,0,0
1774386512620,526,1 - Acessar Home,200,OK,Teste de Carga - 250 usuarios 1-8,text,true,,4757,120,250,250,https://www.blazedemo.com/,515,0,0
1774386511525,1621,1 - Acessar Home,200,OK,Teste de Carga - 250 usuarios 1-232,text,true,,4757,120,250,250,https://www.blazedemo.com/,1610,0,0
1774386512826,323,1 - Acessar Home,200,OK,Teste de Carga - 250 usuarios 1-207,text,true,,4757,120,250,250,https://www.blazedemo.com/,311,0,0
1774386509321,3828,1 - Acessar Home,200,OK,Teste de Carga - 250 usuarios 1-233,text,true,,4757,120,250,250,https://www.blazedemo.com/,3814,0,0
1774386512825,326,2 - Escolher Voo,200,OK,Teste de Carga - 250 usuarios 1-112,text,true,,7381,250,250,250,https://www.blazedemo.com/reserve.php,307,0,0
1774386508713,4438,1 - Acessar Home,200,OK,Teste de Carga - 250 usuarios 1-119,text,true,,4757,120,250,250,https://www.blazedemo.com/,4427,0,0
1774386512199,953,2 - Escolher Voo,200,OK,Teste de Carga - 250 usuarios 1-125,text,true,,7381,250,250,250,https://www.blazedemo.com/reserve.php,933,0,0
1774386509387,3775,2 - Escolher Voo,200,OK,Teste de Carga - 250 usuarios 1-132,text,true,,7381,250,250,250,https://www.blazedemo.com/reserve.php,3756,0,0
1774386512706,468,3 - Comprar Passagem,200,OK,Teste de Carga - 250 usuarios 1-113,text,true,,6719,420,250,250,https://www.blazedemo.com/purchase.php,456,0,0
1774386512809,369,2 - Escolher Voo,200,OK,Teste de Carga - 250 usuarios 1-59,text,true,,7381,250,250,250,https://www.blazedemo.com/reserve.php,349,0,0
1774386512610,569,3 - Comprar Passagem,200,OK,Teste de Carga - 250 usuarios 1-206,text,true,,6719,420,250,250,https://www.blazedemo.com/purchase.php,558,0,0
1774386512894,286,1 - Acessar Home,200,OK,Teste de Carga - 250 usuarios 1-244,text,true,,4757,120,250,250,https://www.blazedemo.com/,274,0,0
1774386510993,2200,2 - Escolher Voo,200,OK,Teste de Carga - 250 usuarios 1-96,text,true,,7381,250,250,250,https://www.blazedemo.com/reserve.php,2179,0,0
1774386512908,302,2 - Escolher Voo,200,OK,Teste de Carga - 250 usuarios 1-226,text,true,,7381,250,250,250,https://www.blazedemo.com/reserve.php,274,0,0
1774386512943,269,3 - Comprar Passagem,200,OK,Teste de Carga - 250 usuarios 1-95,text,true,,6719,420,250,250,https://www.blazedemo.com/purchase.php,257,0,0
1774386512838,375,1 - Acessar Home,200,OK,Teste de Carga - 250 usuarios 1-105,text,true,,4757,120,250,250,https://www.blazedemo.com/,364,0,0
1774386512943,275,2 - Escolher Voo,200,OK,Teste de Carga - 250 usuarios 1-56,text,true,,7381,250,250,250,https://www.blazedemo.com/reserve.php,255,0,0
1774386508721,4501,2 - Escolher Voo,200,OK,Teste de Carga - 250 usuarios 1-208,text,true,,7381,250,250,250,https://www.blazedemo.com/reserve.php,4481,0,0
1774386512908,320,2 - Escolher Voo,200,OK,Teste de Carga - 250 usuarios 1-83,text,true,,7381,250,250,250,https://www.blazedemo.com/reserve.php,299,0,0
1774386511550,1679,2 - Escolher Voo,200,OK,Teste de Carga - 250 usuarios 1-103,text,true,,7381,250,250,250,https://www.blazedemo.com/reserve.php,1659,0,0
1774386512885,348,3 - Comprar Passagem,200,OK,Teste de Carga - 250 usuarios 1-29,text,true,,6719,420,250,250,https://www.blazedemo.com/purchase.php,336,0,0
1774386512230,1008,2 - Escolher Voo,200,OK,Teste de Carga - 250 usuarios 1-62,text,true,,7381,250,250,250,https://www.blazedemo.com/reserve.php,988,0,0
1774386512894,347,2 - Escolher Voo,200,OK,Teste de Carga - 250 usuarios 1-31,text,true,,7381,250,250,250,https://www.blazedemo.com/reserve.php,327,0,0
1774386512709,532,1 - Acessar Home,200,OK,Teste de Carga - 250 usuarios 1-210,text,true,,4757,120,250,250,https://www.blazedemo.com/,520,0,0
1774386512696,548,3 - Comprar Passagem,200,OK,Teste de Carga - 250 usuarios 1-242,text,true,,6719,420,250,250,https://www.blazedemo.com/purchase.php,532,0,0
1774386512973,274,1 - Acessar Home,200,OK,Teste de Carga - 250 usuarios 1-67,text,true,,4757,120,250,250,https://www.blazedemo.com/,263,0,0
1774386512799,453,3 - Comprar Passagem,200,OK,Teste de Carga - 250 usuarios 1-4,text,true,,6719,420,250,250,https://www.blazedemo.com/purchase.php,441,0,0
1774386512937,316,2 - Escolher Voo,200,OK,Teste de Carga - 250 usuarios 1-115,text,true,,7381,250,250,250,https://www.blazedemo.com/reserve.php,296,0,0
1774386512772,483,2 - Escolher Voo,200,OK,Teste de Carga - 250 usuarios 1-174,text,true,,7381,250,250,250,https://www.blazedemo.com/reserve.php,462,0,0
1774386512968,288,2 - Escolher Voo,200,OK,Teste de Carga - 250 usuarios 1-64,text,true,,7381,250,250,250,https://www.blazedemo.com/reserve.php,272,0,0
1774386509454,3805,1 - Acessar Home,200,OK,Teste de Carga - 250 usuarios 1-28,text,true,,4757,120,250,250,https://www.blazedemo.com/,3796,0,0
1774386512248,1014,3 - Comprar Passagem,200,OK,Teste de Carga - 250 usuarios 1-37,text,true,,6719,420,250,250,https://www.blazedemo.com/purchase.php,997,0,0
1774386510374,2889,3 - Comprar Passagem,200,OK,Teste de Carga - 250 usuarios 1-212,text,true,,6719,420,250,250,https://www.blazedemo.com/purchase.php,2876,0,0
1774386511050,2219,1 - Acessar Home,200,OK,Teste de Carga - 250 usuarios 1-76,text,true,,4757,120,250,250,https://www.blazedemo.com/,2206,0,0
1774386509355,3918,2 - Escolher Voo,200,OK,Teste de Carga - 250 usuarios 1-250,text,true,,7381,250,250,250,https://www.blazedemo.com/reserve.php,3898,0,0
1774386513038,244,3 - Comprar Passagem,200,OK,Teste de Carga - 250 usuarios 1-73,text,true,,6719,420,250,250,https://www.blazedemo.com/purchase.php,227,0,0
1774386510522,2761,2 - Escolher Voo,200,OK,Teste de Carga - 250 usuarios 1-16,text,true,,7381,250,250,250,https://www.blazedemo.com/reserve.php,2740,0,0
1774386512996,301,2 - Escolher Voo,200,OK,Teste de Carga - 250 usuarios 1-220,text,true,,7381,250,250,250,https://www.blazedemo.com/reserve.php,280,0,0
1774386513032,265,2 - Escolher Voo,200,OK,Teste de Carga - 250 usuarios 1-40,text,true,,7381,250,250,250,https://www.blazedemo.com/reserve.php,250,0,0
1774386513010,287,3 - Comprar Passagem,200,OK,Teste de Carga - 250 usuarios 1-85,text,true,,6719,420,250,250,https://www.blazedemo.com/purchase.php,275,0,0
1774386512756,542,2 - Escolher Voo,200,OK,Teste de Carga - 250 usuarios 1-172,text,true,,7381,250,250,250,https://www.blazedemo.com/reserve.php,522,0,0
1774386508888,4412,1 - Acessar Home,200,OK,Teste de Carga - 250 usuarios 1-89,text,true,,4757,120,250,250,https://www.blazedemo.com/,4400,0,0
1774386512978,326,1 - Acessar Home,200,OK,Teste de Carga - 250 usuarios 1-57,text,true,,4757,120,250,250,https://www.blazedemo.com/,314,0,0
1774386508837,4472,3 - Comprar Passagem,200,OK,Teste de Carga - 250 usuarios 1-69,text,true,,6719,420,250,250,https://www.blazedemo.com/purchase.php,4459,0,0
1774386511583,1726,2 - Escolher Voo,200,OK,Teste de Carga - 250 usuarios 1-227,text,true,,7381,250,250,250,https://www.blazedemo.com/reserve.php,1705,0,0
1774386513027,292,2 - Escolher Voo,200,OK,Teste de Carga - 250 usuarios 1-47,text,true,,7381,250,250,250,https://www.blazedemo.com/reserve.php,275,0,0
1774386513010,317,3 - Comprar Passagem,200,OK,Teste de Carga - 250 usuarios 1-43,text,true,,6719,420,250,250,https://www.blazedemo.com/purchase.php,301,0,0
1774386513070,258,3 - Comprar Passagem,200,OK,Teste de Carga - 250 usuarios 1-123,text,true,,6719,420,250,250,https://www.blazedemo.com/purchase.php,246,0,0
1774386512951,377,1 - Acessar Home,200,OK,Teste de Carga - 250 usuarios 1-35,text,true,,4757,120,250,250,https://www.blazedemo.com/,365,0,0
1774386513063,270,3 - Comprar Passagem,200,OK,Teste de Carga - 250 usuarios 1-179,text,true,,6719,420,250,250,https://www.blazedemo.com/purchase.php,259,0,0
1774386509464,3872,3 - Comprar Passagem,200,OK,Teste de Carga - 250 usuarios 1-186,text,true,,6719,420,250,250,https://www.blazedemo.com/purchase.php,3860,0,0
1774386513063,277,3 - Comprar Passagem,200,OK,Teste de Carga - 250 usuarios 1-204,text,true,,6719,420,250,250,https://www.blazedemo.com/purchase.php,265,0,0
1774386512928,412,3 - Comprar Passagem,200,OK,Teste de Carga - 250 usuarios 1-209,text,true,,6719,420,250,250,https://www.blazedemo.com/purchase.php,400,0,0
1774386512968,373,3 - Comprar Passagem,200,OK,Teste de Carga - 250 usuarios 1-97,text,true,,6719,420,250,250,https://www.blazedemo.com/purchase.php,362,0,0
1774386511621,1728,2 - Escolher Voo,200,OK,Teste de Carga - 250 usuarios 1-75,text,true,,7381,250,250,250,https://www.blazedemo.com/reserve.php,1706,0,0
1774386513064,285,3 - Comprar Passagem,200,OK,Teste de Carga - 250 usuarios 1-25,text,true,,6719,420,250,250,https://www.blazedemo.com/purchase.php,268,0,0
1774386511646,1711,2 - Escolher Voo,200,OK,Teste de Carga - 250 usuarios 1-131,text,true,,7381,250,250,250,https://www.blazedemo.com/reserve.php,1692,0,0
1774386512989,373,1 - Acessar Home,200,OK,Teste de Carga - 250 usuarios 1-153,text,true,,4757,120,250,250,https://www.blazedemo.com/,361,0,0
1774386513012,352,2 - Escolher Voo,200,OK,Teste de Carga - 250 usuarios 1-19,text,true,,7381,250,250,250,https://www.blazedemo.com/reserve.php,331,0,0
1774386509684,3685,1 - Acessar Home,200,OK,Teste de Carga - 250 usuarios 1-130,text,true,,4757,120,250,250,https://www.blazedemo.com/,3673,0,0
1774386509749,3625,1 - Acessar Home,200,OK,Teste de Carga - 250 usuarios 1-66,text,true,,4757,120,250,250,https://www.blazedemo.com/,3612,0,0
1774386512386,988,3 - Comprar Passagem,200,OK,Teste de Carga - 250 usuarios 1-178,text,true,,6719,420,250,250,https://www.blazedemo.com/purchase.php,972,0,0
1774386513064,312,3 - Comprar Passagem,200,OK,Teste de Carga - 250 usuarios 1-5,text,true,,6719,420,250,250,https://www.blazedemo.com/purchase.php,300,0,0
1774386512790,587,2 - Escolher Voo,200,OK,Teste de Carga - 250 usuarios 1-15,text,true,,7381,250,250,250,https://www.blazedemo.com/reserve.php,567,0,0
1774386513082,297,3 - Comprar Passagem,200,OK,Teste de Carga - 250 usuarios 1-243,text,true,,6719,420,250,250,https://www.blazedemo.com/purchase.php,283,0,0
1774386509078,4305,2 - Escolher Voo,200,OK,Teste de Carga - 250 usuarios 1-157,text,true,,7381,250,250,250,https://www.blazedemo.com/reserve.php,4284,0,0
1774386513082,306,3 - Comprar Passagem,200,OK,Teste de Carga - 250 usuarios 1-191,text,true,,6719,420,250,250,https://www.blazedemo.com/purchase.php,295,0,0
1774386512978,412,3 - Comprar Passagem,200,OK,Teste de Carga - 250 usuarios 1-99,text,true,,6719,420,250,250,https://www.blazedemo.com/purchase.php,400,0,0
1774386512955,439,3 - Comprar Passagem,200,OK,Teste de Carga - 250 usuarios 1-32,text,true,,6719,420,250,250,https://www.blazedemo.com/purchase.php,428,0,0
1774386511087,2310,1 - Acessar Home,200,OK,Teste de Carga - 250 usuarios 1-118,text,true,,4757,120,250,250,https://www.blazedemo.com/,2299,0,0
1774386509479,3922,3 - Comprar Passagem,200,OK,Teste de Carga - 250 usuarios 1-84,text,true,,6719,420,250,250,https://www.blazedemo.com/purchase.php,3909,0,0
1774386513082,322,3 - Comprar Passagem,200,OK,Teste de Carga - 250 usuarios 1-24,text,true,,6719,420,250,250,https://www.blazedemo.com/purchase.php,305,0,0
1774386512922,484,2 - Escolher Voo,200,OK,Teste de Carga - 250 usuarios 1-147,text,true,,7381,250,250,250,https://www.blazedemo.com/reserve.php,465,0,0
1774386513044,367,3 - Comprar Passagem,200,OK,Teste de Carga - 250 usuarios 1-49,text,true,,6719,420,250,250,https://www.blazedemo.com/purchase.php,355,0,0
1774386513045,368,3 - Comprar Passagem,200,OK,Teste de Carga - 250 usuarios 1-240,text,true,,6719,420,250,250,https://www.blazedemo.com/purchase.php,356,0,0
1774386513114,304,3 - Comprar Passagem,200,OK,Teste de Carga - 250 usuarios 1-199,text,true,,6719,420,250,250,https://www.blazedemo.com/purchase.php,293,0,0
1774386513152,274,3 - Comprar Passagem,200,OK,Teste de Carga - 250 usuarios 1-112,text,true,,6719,420,250,250,https://www.blazedemo.com/purchase.php,254,0,0
1774386513146,281,2 - Escolher Voo,200,OK,Teste de Carga - 250 usuarios 1-232,text,true,,7381,250,250,250,https://www.blazedemo.com/reserve.php,263,0,0
1774386513125,313,1 - Acessar Home,200,OK,Teste de Carga - 250 usuarios 1-60,text,true,,4757,120,250,250,https://www.blazedemo.com/,301,0,0
1774386513075,365,3 - Comprar Passagem,200,OK,Teste de Carga - 250 usuarios 1-122,text,true,,6719,420,250,250,https://www.blazedemo.com/purchase.php,354,0,0
1774386509512,3930,3 - Comprar Passagem,200,OK,Teste de Carga - 250 usuarios 1-1,text,true,,6719,420,250,250,https://www.blazedemo.com/purchase.php,3922,0,0
1774386512567,876,1 - Acessar Home,200,OK,Teste de Carga - 250 usuarios 1-219,text,true,,4757,120,250,250,https://www.blazedemo.com/,863,0,0
1774386510527,2923,3 - Comprar Passagem,200,OK,Teste de Carga - 250 usuarios 1-126,text,true,,6719,420,250,250,https://www.blazedemo.com/purchase.php,2906,0,0
1774386510639,2817,3 - Comprar Passagem,200,OK,Teste de Carga - 250 usuarios 1-203,text,true,,6719,420,250,250,https://www.blazedemo.com/purchase.php,2801,0,0
1774386513174,292,1 - Acessar Home,200,OK,Teste de Carga - 250 usuarios 1-113,text,true,,4757,120,250,250,https://www.blazedemo.com/,280,0,0
1774386512703,765,3 - Comprar Passagem,200,OK,Teste de Carga - 250 usuarios 1-26,text,true,,6719,420,250,250,https://www.blazedemo.com/purchase.php,754,0,0
1774386509931,3544,1 - Acessar Home,200,OK,Teste de Carga - 250 usuarios 1-53,text,true,,4757,120,250,250,https://www.blazedemo.com/,3532,0,0
1774386510698,2779,1 - Acessar Home,200,OK,Teste de Carga - 250 usuarios 1-228,text,true,,4757,120,250,250,https://www.blazedemo.com/,2766,0,0
1774386513023,459,2 - Escolher Voo,200,OK,Teste de Carga - 250 usuarios 1-183,text,true,,7381,250,250,250,https://www.blazedemo.com/reserve.php,438,0,0
1774386509750,3736,2 - Escolher Voo,200,OK,Teste de Carga - 250 usuarios 1-121,text,true,,7381,250,250,250,https://www.blazedemo.com/reserve.php,3716,0,0
1774386513210,279,3 - Comprar Passagem,200,OK,Teste de Carga - 250 usuarios 1-226,text,true,,6719,420,250,250,https://www.blazedemo.com/purchase.php,267,0,0
1774386513114,375,3 - Comprar Passagem,200,OK,Teste de Carga - 250 usuarios 1-223,text,true,,6719,420,250,250,https://www.blazedemo.com/purchase.php,363,0,0
1774386513133,358,3 - Comprar Passagem,200,OK,Teste de Carga - 250 usuarios 1-221,text,true,,6719,420,250,250,https://www.blazedemo.com/purchase.php,346,0,0
1774386513137,357,3 - Comprar Passagem,200,OK,Teste de Carga - 250 usuarios 1-245,text,true,,6719,420,250,250,https://www.blazedemo.com/purchase.php,345,0,0
1774386509542,3956,1 - Acessar Home,200,OK,Teste de Carga - 250 usuarios 1-156,text,true,,4757,120,250,250,https://www.blazedemo.com/,3947,0,0
1774386509077,4424,3 - Comprar Passagem,200,OK,Teste de Carga - 250 usuarios 1-98,text,true,,6719,420,250,250,https://www.blazedemo.com/purchase.php,4411,0,0
1774386513178,324,3 - Comprar Passagem,200,OK,Teste de Carga - 250 usuarios 1-59,text,true,,6719,420,250,250,https://www.blazedemo.com/purchase.php,308,0,0
1774386513247,257,2 - Escolher Voo,200,OK,Teste de Carga - 250 usuarios 1-67,text,true,,7381,250,250,250,https://www.blazedemo.com/reserve.php,240,0,0
1774386511679,1826,1 - Acessar Home,200,OK,Teste de Carga - 250 usuarios 1-195,text,true,,4757,120,250,250,https://www.blazedemo.com/,1814,0,0
1774386511743,1776,1 - Acessar Home,200,OK,Teste de Carga - 250 usuarios 1-110,text,true,,4757,120,250,250,https://www.blazedemo.com/,1764,0,0
1774386511376,2148,1 - Acessar Home,200,OK,Teste de Carga - 250 usuarios 1-100,text,true,,4757,120,250,250,https://www.blazedemo.com/,2136,0,0
1774386513046,478,2 - Escolher Voo,200,OK,Teste de Carga - 250 usuarios 1-205,text,true,,7381,250,250,250,https://www.blazedemo.com/reserve.php,458,0,0
1774386513137,395,2 - Escolher Voo,200,OK,Teste de Carga - 250 usuarios 1-104,text,true,,7381,250,250,250,https://www.blazedemo.com/reserve.php,374,0,0
1774386513260,280,2 - Escolher Voo,200,OK,Teste de Carga - 250 usuarios 1-28,text,true,,7381,250,250,250,https://www.blazedemo.com/reserve.php,260,0,0
1774386512717,825,3 - Comprar Passagem,200,OK,Teste de Carga - 250 usuarios 1-218,text,true,,6719,420,250,250,https://www.blazedemo.com/purchase.php,808,0,0
1774386513241,307,3 - Comprar Passagem,200,OK,Teste de Carga - 250 usuarios 1-31,text,true,,6719,420,250,250,https://www.blazedemo.com/purchase.php,295,0,0
1774386513252,301,1 - Acessar Home,200,OK,Teste de Carga - 250 usuarios 1-4,text,true,,4757,120,250,250,https://www.blazedemo.com/,288,0,0
1774386513212,348,1 - Acessar Home,200,OK,Teste de Carga - 250 usuarios 1-95,text,true,,4757,120,250,250,https://www.blazedemo.com/,337,0,0
1774386509629,3931,2 - Escolher Voo,200,OK,Teste de Carga - 250 usuarios 1-127,text,true,,7381,250,250,250,https://www.blazedemo.com/reserve.php,3911,0,0
1774386513075,487,2 - Escolher Voo,200,OK,Teste de Carga - 250 usuarios 1-202,text,true,,7381,250,250,250,https://www.blazedemo.com/reserve.php,467,0,0
1774386509138,4428,2 - Escolher Voo,200,OK,Teste de Carga - 250 usuarios 1-3,text,true,,7381,250,250,250,https://www.blazedemo.com/reserve.php,4407,0,0
1774386513282,285,1 - Acessar Home,200,OK,Teste de Carga - 250 usuarios 1-73,text,true,,4757,120,250,250,https://www.blazedemo.com/,273,0,0
1774386513149,420,2 - Escolher Voo,200,OK,Teste de Carga - 250 usuarios 1-233,text,true,,7381,250,250,250,https://www.blazedemo.com/reserve.php,398,0,0
1774386513299,272,3 - Comprar Passagem,200,OK,Teste de Carga - 250 usuarios 1-172,text,true,,6719,420,250,250,https://www.blazedemo.com/purchase.php,260,0,0
1774386512845,730,3 - Comprar Passagem,200,OK,Teste de Carga - 250 usuarios 1-48,text,true,,6719,420,250,250,https://www.blazedemo.com/purchase.php,714,0,0
1774386513241,347,2 - Escolher Voo,200,OK,Teste de Carga - 250 usuarios 1-210,text,true,,7381,250,250,250,https://www.blazedemo.com/reserve.php,330,0,0
1774386513273,316,3 - Comprar Passagem,200,OK,Teste de Carga - 250 usuarios 1-250,text,true,,6719,420,250,250,https://www.blazedemo.com/purchase.php,303,0,0
1774386509984,3608,3 - Comprar Passagem,200,OK,Teste de Carga - 250 usuarios 1-189,text,true,,6719,420,250,250,https://www.blazedemo.com/purchase.php,3596,0,0
1774386513218,376,3 - Comprar Passagem,200,OK,Teste de Carga - 250 usuarios 1-56,text,true,,6719,420,250,250,https://www.blazedemo.com/purchase.php,364,0,0
1774386513328,267,1 - Acessar Home,200,OK,Teste de Carga - 250 usuarios 1-123,text,true,,4757,120,250,250,https://www.blazedemo.com/,255,0,0
1774386513350,247,3 - Comprar Passagem,200,OK,Teste de Carga - 250 usuarios 1-75,text,true,,6719,420,250,250,https://www.blazedemo.com/purchase.php,234,0,0
1774386513284,314,3 - Comprar Passagem,200,OK,Teste de Carga - 250 usuarios 1-16,text,true,,6719,420,250,250,https://www.blazedemo.com/purchase.php,303,0,0
1774386510905,2705,3 - Comprar Passagem,200,OK,Teste de Carga - 250 usuarios 1-80,text,true,,6719,420,250,250,https://www.blazedemo.com/purchase.php,2693,0,0
1774386513238,377,3 - Comprar Passagem,200,OK,Teste de Carga - 250 usuarios 1-62,text,true,,6719,420,250,250,https://www.blazedemo.com/purchase.php,366,0,0
1774386513357,259,3 - Comprar Passagem,200,OK,Teste de Carga - 250 usuarios 1-131,text,true,,6719,420,250,250,https://www.blazedemo.com/purchase.php,247,0,0
1774386513163,454,3 - Comprar Passagem,200,OK,Teste de Carga - 250 usuarios 1-132,text,true,,6719,420,250,250,https://www.blazedemo.com/purchase.php,441,0,0
1774386513121,500,2 - Escolher Voo,200,OK,Teste de Carga - 250 usuarios 1-241,text,true,,7381,250,250,250,https://www.blazedemo.com/reserve.php,480,0,0
1774386513297,327,3 - Comprar Passagem,200,OK,Teste de Carga - 250 usuarios 1-220,text,true,,6719,420,250,250,https://www.blazedemo.com/purchase.php,314,0,0
1774386512928,701,1 - Acessar Home,200,OK,Teste de Carga - 250 usuarios 1-246,text,true,,4757,120,250,250,https://www.blazedemo.com/,689,0,0
1774386513336,295,1 - Acessar Home,200,OK,Teste de Carga - 250 usuarios 1-186,text,true,,4757,120,250,250,https://www.blazedemo.com/,284,0,0
1774386511131,2501,2 - Escolher Voo,200,OK,Teste de Carga - 250 usuarios 1-44,text,true,,7381,250,250,250,https://www.blazedemo.com/reserve.php,2480,0,0
1774386513377,257,3 - Comprar Passagem,200,OK,Teste de Carga - 250 usuarios 1-15,text,true,,6719,420,250,250,https://www.blazedemo.com/purchase.php,245,0,0
1774386511128,2509,1 - Acessar Home,200,OK,Teste de Carga - 250 usuarios 1-143,text,true,,4757,120,250,250,https://www.blazedemo.com/,2498,0,0
1774386513223,419,3 - Comprar Passagem,200,OK,Teste de Carga - 250 usuarios 1-208,text,true,,6719,420,250,250,https://www.blazedemo.com/purchase.php,408,0,0
1774386513340,303,1 - Acessar Home,200,OK,Teste de Carga - 250 usuarios 1-209,text,true,,4757,120,250,250,https://www.blazedemo.com/,291,0,0
1774386513256,390,3 - Comprar Passagem,200,OK,Teste de Carga - 250 usuarios 1-64,text,true,,6719,420,250,250,https://www.blazedemo.com/purchase.php,373,0,0
1774386511751,1895,3 - Comprar Passagem,200,OK,Teste de Carga - 250 usuarios 1-216,text,true,,6719,420,250,250,https://www.blazedemo.com/purchase.php,1883,0,0
1774386513135,512,1 - Acessar Home,200,OK,Teste de Carga - 250 usuarios 1-180,text,true,,4757,120,250,250,https://www.blazedemo.com/,500,0,0
1774386513364,288,3 - Comprar Passagem,200,OK,Teste de Carga - 250 usuarios 1-19,text,true,,6719,420,250,250,https://www.blazedemo.com/purchase.php,276,0,0
1774386513391,272,1 - Acessar Home,200,OK,Teste de Carga - 250 usuarios 1-99,text,true,,4757,120,250,250,https://www.blazedemo.com/,259,0,0
1774386513350,316,1 - Acessar Home,200,OK,Teste de Carga - 250 usuarios 1-25,text,true,,4757,120,250,250,https://www.blazedemo.com/,304,0,0
1774386509305,4366,1 - Acessar Home,200,OK,Teste de Carga - 250 usuarios 1-169,text,true,,4757,120,250,250,https://www.blazedemo.com/,4354,0,0
1774386513253,421,3 - Comprar Passagem,200,OK,Teste de Carga - 250 usuarios 1-115,text,true,,6719,420,250,250,https://www.blazedemo.com/purchase.php,409,0,0
1774386513297,378,3 - Comprar Passagem,200,OK,Teste de Carga - 250 usuarios 1-40,text,true,,6719,420,250,250,https://www.blazedemo.com/purchase.php,366,0,0
1774386510198,3478,1 - Acessar Home,200,OK,Teste de Carga - 250 usuarios 1-176,text,true,,4757,120,250,250,https://www.blazedemo.com/,3466,0,0
1774386512937,742,2 - Escolher Voo,200,OK,Teste de Carga - 250 usuarios 1-88,text,true,,7381,250,250,250,https://www.blazedemo.com/reserve.php,725,0,0
1774386513418,261,1 - Acessar Home,200,OK,Teste de Carga - 250 usuarios 1-199,text,true,,4757,120,250,250,https://www.blazedemo.com/,248,0,0
1774386513404,279,1 - Acessar Home,200,OK,Teste de Carga - 250 usuarios 1-24,text,true,,4757,120,250,250,https://www.blazedemo.com/,267,0,0
1774386513383,314,3 - Comprar Passagem,200,OK,Teste de Carga - 250 usuarios 1-157,text,true,,6719,420,250,250,https://www.blazedemo.com/purchase.php,302,0,0
1774386513297,400,1 - Acessar Home,200,OK,Teste de Carga - 250 usuarios 1-85,text,true,,4757,120,250,250,https://www.blazedemo.com/,389,0,0
1774386513263,438,1 - Acessar Home,200,OK,Teste de Carga - 250 usuarios 1-37,text,true,,4757,120,250,250,https://www.blazedemo.com/,426,0,0
1774386510023,3679,1 - Acessar Home,200,OK,Teste de Carga - 250 usuarios 1-106,text,true,,4757,120,250,250,https://www.blazedemo.com/,3667,0,0
1774386513442,260,1 - Acessar Home,200,OK,Teste de Carga - 250 usuarios 1-1,text,true,,4757,120,250,250,https://www.blazedemo.com/,249,0,0
1774386513143,562,1 - Acessar Home,200,OK,Teste de Carga - 250 usuarios 1-92,text,true,,4757,120,250,250,https://www.blazedemo.com/,551,0,0
1774386511366,2341,3 - Comprar Passagem,200,OK,Teste de Carga - 250 usuarios 1-51,text,true,,6719,420,250,250,https://www.blazedemo.com/purchase.php,2328,0,0
1774386510062,3650,1 - Acessar Home,200,OK,Teste de Carga - 250 usuarios 1-154,text,true,,4757,120,250,250,https://www.blazedemo.com/,3642,0,0
1774386511867,1850,2 - Escolher Voo,200,OK,Teste de Carga - 250 usuarios 1-27,text,true,,7381,250,250,250,https://www.blazedemo.com/reserve.php,1830,0,0
1774386513395,325,1 - Acessar Home,200,OK,Teste de Carga - 250 usuarios 1-32,text,true,,4757,120,250,250,https://www.blazedemo.com/,314,0,0
1774386509620,4102,3 - Comprar Passagem,200,OK,Teste de Carga - 250 usuarios 1-61,text,true,,6719,420,250,250,https://www.blazedemo.com/purchase.php,4091,0,0
1774386513397,328,2 - Escolher Voo,200,OK,Teste de Carga - 250 usuarios 1-118,text,true,,7381,250,250,250,https://www.blazedemo.com/reserve.php,307,0,0
1774386512951,778,1 - Acessar Home,200,OK,Teste de Carga - 250 usuarios 1-142,text,true,,4757,120,250,250,https://www.blazedemo.com/,766,0,0
1774386513413,328,1 - Acessar Home,200,OK,Teste de Carga - 250 usuarios 1-240,text,true,,4757,120,250,250,https://www.blazedemo.com/,318,0,0
1774386510250,3494,3 - Comprar Passagem,200,OK,Teste de Carga - 250 usuarios 1-151,text,true,,6719,420,250,250,https://www.blazedemo.com/purchase.php,3483,0,0
1774386513309,437,3 - Comprar Passagem,200,OK,Teste de Carga - 250 usuarios 1-227,text,true,,6719,420,250,250,https://www.blazedemo.com/purchase.php,425,0,0
1774386513342,404,1 - Acessar Home,200,OK,Teste de Carga - 250 usuarios 1-97,text,true,,4757,120,250,250,https://www.blazedemo.com/,392,0,0
1774386513406,341,3 - Comprar Passagem,200,OK,Teste de Carga - 250 usuarios 1-147,text,true,,6719,420,250,250,https://www.blazedemo.com/purchase.php,328,0,0
1774386513489,268,1 - Acessar Home,200,OK,Teste de Carga - 250 usuarios 1-226,text,true,,4757,120,250,250,https://www.blazedemo.com/,256,0,0
1774386511257,2506,3 - Comprar Passagem,200,OK,Teste de Carga - 250 usuarios 1-159,text,true,,6719,420,250,250,https://www.blazedemo.com/purchase.php,2495,0,0
1774386513450,315,1 - Acessar Home,200,OK,Teste de Carga - 250 usuarios 1-126,text,true,,4757,120,250,250,https://www.blazedemo.com/,303,0,0
1774386513494,274,1 - Acessar Home,200,OK,Teste de Carga - 250 usuarios 1-245,text,true,,4757,120,250,250,https://www.blazedemo.com/,264,0,0
1774386511880,1898,1 - Acessar Home,200,OK,Teste de Carga - 250 usuarios 1-90,text,true,,4757,120,250,250,https://www.blazedemo.com/,1887,0,0
1774386513329,450,2 - Escolher Voo,200,OK,Teste de Carga - 250 usuarios 1-35,text,true,,7381,250,250,250,https://www.blazedemo.com/reserve.php,430,0,0
1774386511342,2441,3 - Comprar Passagem,200,OK,Teste de Carga - 250 usuarios 1-190,text,true,,6719,420,250,250,https://www.blazedemo.com/purchase.php,2428,0,0
1774386513427,358,3 - Comprar Passagem,200,OK,Teste de Carga - 250 usuarios 1-232,text,true,,6719,420,250,250,https://www.blazedemo.com/purchase.php,341,0,0
1774386513524,262,2 - Escolher Voo,200,OK,Teste de Carga - 250 usuarios 1-100,text,true,,7381,250,250,250,https://www.blazedemo.com/reserve.php,242,0,0
1774386513374,421,1 - Acessar Home,200,OK,Teste de Carga - 250 usuarios 1-178,text,true,,4757,120,250,250,https://www.blazedemo.com/,409,0,0
1774386513301,502,2 - Escolher Voo,200,OK,Teste de Carga - 250 usuarios 1-89,text,true,,7381,250,250,250,https://www.blazedemo.com/reserve.php,482,0,0
1774386513541,282,3 - Comprar Passagem,200,OK,Teste de Carga - 250 usuarios 1-28,text,true,,6719,420,250,250,https://www.blazedemo.com/purchase.php,265,0,0
1774386510345,3482,3 - Comprar Passagem,200,OK,Teste de Carga - 250 usuarios 1-86,text,true,,6719,420,250,250,https://www.blazedemo.com/purchase.php,3470,0,0
1774386513152,675,2 - Escolher Voo,200,OK,Teste de Carga - 250 usuarios 1-119,text,true,,7381,250,250,250,https://www.blazedemo.com/reserve.php,656,0,0
1774386513532,296,3 - Comprar Passagem,200,OK,Teste de Carga - 250 usuarios 1-104,text,true,,6719,420,250,250,https://www.blazedemo.com/purchase.php,280,0,0
1774386513519,314,2 - Escolher Voo,200,OK,Teste de Carga - 250 usuarios 1-110,text,true,,7381,250,250,250,https://www.blazedemo.com/reserve.php,293,0,0
1774386509628,4206,1 - Acessar Home,200,OK,Teste de Carga - 250 usuarios 1-150,text,true,,4757,120,250,250,https://www.blazedemo.com/,4195,0,0
1774386509684,4156,1 - Acessar Home,200,OK,Teste de Carga - 250 usuarios 1-77,text,true,,4757,120,250,250,https://www.blazedemo.com/,4144,0,0
1774386513562,280,3 - Comprar Passagem,200,OK,Teste de Carga - 250 usuarios 1-202,text,true,,6719,420,250,250,https://www.blazedemo.com/purchase.php,268,0,0
1774386513486,358,3 - Comprar Passagem,200,OK,Teste de Carga - 250 usuarios 1-121,text,true,,6719,420,250,250,https://www.blazedemo.com/purchase.php,345,0,0
1774386511888,1960,3 - Comprar Passagem,200,OK,Teste de Carga - 250 usuarios 1-38,text,true,,6719,420,250,250,https://www.blazedemo.com/purchase.php,1948,0,0
1774386513440,409,1 - Acessar Home,200,OK,Teste de Carga - 250 usuarios 1-122,text,true,,4757,120,250,250,https://www.blazedemo.com/,396,0,0
1774386513438,413,2 - Escolher Voo,200,OK,Teste de Carga - 250 usuarios 1-60,text,true,,7381,250,250,250,https://www.blazedemo.com/reserve.php,393,0,0
1774386513456,397,1 - Acessar Home,200,OK,Teste de Carga - 250 usuarios 1-203,text,true,,4757,120,250,250,https://www.blazedemo.com/,384,0,0
1774386513501,353,1 - Acessar Home,200,OK,Teste de Carga - 250 usuarios 1-98,text,true,,4757,120,250,250,https://www.blazedemo.com/,341,0,0
1774386513560,295,2 - Escolher Voo,200,OK,Teste de Carga - 250 usuarios 1-95,text,true,,7381,250,250,250,https://www.blazedemo.com/reserve.php,274,0,0
1774386510512,3349,3 - Comprar Passagem,200,OK,Teste de Carga - 250 usuarios 1-194,text,true,,6719,420,250,250,https://www.blazedemo.com/purchase.php,3336,0,0
1774386513592,269,1 - Acessar Home,200,OK,Teste de Carga - 250 usuarios 1-189,text,true,,4757,120,250,250,https://www.blazedemo.com/,256,0,0
1774386513369,494,2 - Escolher Voo,200,OK,Teste de Carga - 250 usuarios 1-130,text,true,,7381,250,250,250,https://www.blazedemo.com/reserve.php,477,0,0
1774386511407,2456,2 - Escolher Voo,200,OK,Teste de Carga - 250 usuarios 1-114,text,true,,7381,250,250,250,https://www.blazedemo.com/reserve.php,2436,0,0
1774386513548,320,1 - Acessar Home,200,OK,Teste de Carga - 250 usuarios 1-31,text,true,,4757,120,250,250,https://www.blazedemo.com/,308,0,0
1774386513482,388,3 - Comprar Passagem,200,OK,Teste de Carga - 250 usuarios 1-183,text,true,,6719,420,250,250,https://www.blazedemo.com/purchase.php,375,0,0
1774386513114,774,2 - Escolher Voo,200,OK,Teste de Carga - 250 usuarios 1-101,text,true,,7381,250,250,250,https://www.blazedemo.com/reserve.php,753,0,0
1774386513595,293,2 - Escolher Voo,200,OK,Teste de Carga - 250 usuarios 1-123,text,true,,7381,250,250,250,https://www.blazedemo.com/reserve.php,272,0,0
1774386513615,276,1 - Acessar Home,200,OK,Teste de Carga - 250 usuarios 1-62,text,true,,4757,120,250,250,https://www.blazedemo.com/,264,0,0
1774386513489,404,1 - Acessar Home,200,OK,Teste de Carga - 250 usuarios 1-223,text,true,,4757,120,250,250,https://www.blazedemo.com/,392,0,0
1774386513617,276,1 - Acessar Home,200,OK,Teste de Carga - 250 usuarios 1-132,text,true,,4757,120,250,250,https://www.blazedemo.com/,264,0,0
1774386511882,2014,2 - Escolher Voo,200,OK,Teste de Carga - 250 usuarios 1-137,text,true,,7381,250,250,250,https://www.blazedemo.com/reserve.php,1994,0,0
1774386513634,265,1 - Acessar Home,200,OK,Teste de Carga - 250 usuarios 1-15,text,true,,4757,120,250,250,https://www.blazedemo.com/,252,0,0
1774386513643,259,1 - Acessar Home,200,OK,Teste de Carga - 250 usuarios 1-208,text,true,,4757,120,250,250,https://www.blazedemo.com/,248,0,0
1774386513304,598,2 - Escolher Voo,200,OK,Teste de Carga - 250 usuarios 1-57,text,true,,7381,250,250,250,https://www.blazedemo.com/reserve.php,582,0,0
1774386513566,339,3 - Comprar Passagem,200,OK,Teste de Carga - 250 usuarios 1-3,text,true,,6719,420,250,250,https://www.blazedemo.com/purchase.php,322,0,0
1774386513629,283,2 - Escolher Voo,200,OK,Teste de Carga - 250 usuarios 1-246,text,true,,7381,250,250,250,https://www.blazedemo.com/reserve.php,262,0,0
1774386513652,268,1 - Acessar Home,200,OK,Teste de Carga - 250 usuarios 1-19,text,true,,4757,120,250,250,https://www.blazedemo.com/,255,0,0
1774386511923,1997,1 - Acessar Home,200,OK,Teste de Carga - 250 usuarios 1-72,text,true,,4757,120,250,250,https://www.blazedemo.com/,1983,0,0
1774386513624,302,1 - Acessar Home,200,OK,Teste de Carga - 250 usuarios 1-220,text,true,,4757,120,250,250,https://www.blazedemo.com/,290,0,0
1774386513542,387,1 - Acessar Home,200,OK,Teste de Carga - 250 usuarios 1-218,text,true,,4757,120,250,250,https://www.blazedemo.com/,378,0,0
1774386513617,316,1 - Acessar Home,200,OK,Teste de Carga - 250 usuarios 1-131,text,true,,4757,120,250,250,https://www.blazedemo.com/,304,0,0
1774386513671,265,2 - Escolher Voo,200,OK,Teste de Carga - 250 usuarios 1-169,text,true,,7381,250,250,250,https://www.blazedemo.com/reserve.php,249,0,0
1774386513477,471,2 - Escolher Voo,200,OK,Teste de Carga - 250 usuarios 1-228,text,true,,7381,250,250,250,https://www.blazedemo.com/reserve.php,451,0,0
1774386510199,3753,2 - Escolher Voo,200,OK,Teste de Carga - 250 usuarios 1-135,text,true,,7381,250,250,250,https://www.blazedemo.com/reserve.php,3736,0,0
1774386513504,455,3 - Comprar Passagem,200,OK,Teste de Carga - 250 usuarios 1-67,text,true,,6719,420,250,250,https://www.blazedemo.com/purchase.php,444,0,0
1774386513571,388,1 - Acessar Home,200,OK,Teste de Carga - 250 usuarios 1-172,text,true,,4757,120,250,250,https://www.blazedemo.com/,376,0,0
1774386510230,3737,2 - Escolher Voo,200,OK,Teste de Carga - 250 usuarios 1-134,text,true,,7381,250,250,250,https://www.blazedemo.com/reserve.php,3717,0,0
1774386513594,375,1 - Acessar Home,200,OK,Teste de Carga - 250 usuarios 1-56,text,true,,4757,120,250,250,https://www.blazedemo.com/,363,0,0
1774386513675,296,1 - Acessar Home,200,OK,Teste de Carga - 250 usuarios 1-40,text,true,,4757,120,250,250,https://www.blazedemo.com/,285,0,0
1774386513747,248,1 - Acessar Home,200,OK,Teste de Carga - 250 usuarios 1-147,text,true,,4757,120,250,250,https://www.blazedemo.com/,235,0,0
1774386513244,751,1 - Acessar Home,200,OK,Teste de Carga - 250 usuarios 1-242,text,true,,4757,120,250,250,https://www.blazedemo.com/,738,0,0
1774386513679,317,3 - Comprar Passagem,200,OK,Teste de Carga - 250 usuarios 1-88,text,true,,6719,420,250,250,https://www.blazedemo.com/purchase.php,304,0,0
1774386511556,2440,2 - Escolher Voo,200,OK,Teste de Carga - 250 usuarios 1-81,text,true,,7381,250,250,250,https://www.blazedemo.com/reserve.php,2420,0,0
1774386513698,300,2 - Escolher Voo,200,OK,Teste de Carga - 250 usuarios 1-85,text,true,,7381,250,250,250,https://www.blazedemo.com/reserve.php,280,0,0
1774386512284,1715,3 - Comprar Passagem,200,OK,Teste de Carga - 250 usuarios 1-160,text,true,,6719,420,250,250,https://www.blazedemo.com/purchase.php,1704,0,0
1774386513674,336,1 - Acessar Home,200,OK,Teste de Carga - 250 usuarios 1-115,text,true,,4757,120,250,250,https://www.blazedemo.com/,324,0,0
1774386513362,650,2 - Escolher Voo,200,OK,Teste de Carga - 250 usuarios 1-153,text,true,,7381,250,250,250,https://www.blazedemo.com/reserve.php,629,0,0
1774386513744,268,1 - Acessar Home,200,OK,Teste de Carga - 250 usuarios 1-151,text,true,,4757,120,250,250,https://www.blazedemo.com/,258,0,0
1774386513741,279,2 - Escolher Voo,200,OK,Teste de Carga - 250 usuarios 1-240,text,true,,7381,250,250,250,https://www.blazedemo.com/reserve.php,258,0,0
1774386513443,579,2 - Escolher Voo,200,OK,Teste de Carga - 250 usuarios 1-219,text,true,,7381,250,250,250,https://www.blazedemo.com/reserve.php,559,0,0
1774386513707,323,1 - Acessar Home,200,OK,Teste de Carga - 250 usuarios 1-51,text,true,,4757,120,250,250,https://www.blazedemo.com/,310,0,0
1774386511747,2284,1 - Acessar Home,200,OK,Teste de Carga - 250 usuarios 1-120,text,true,,4757,120,250,250,https://www.blazedemo.com/,2272,0,0
1774386511432,2600,2 - Escolher Voo,200,OK,Teste de Carga - 250 usuarios 1-224,text,true,,7381,250,250,250,https://www.blazedemo.com/reserve.php,2581,0,0
1774386512321,1713,1 - Acessar Home,200,OK,Teste de Carga - 250 usuarios 1-152,text,true,,4757,120,250,250,https://www.blazedemo.com/,1702,0,0
1774386513768,270,2 - Escolher Voo,200,OK,Teste de Carga - 250 usuarios 1-245,text,true,,7381,250,250,250,https://www.blazedemo.com/reserve.php,248,0,0
1774386511888,2153,1 - Acessar Home,200,OK,Teste de Carga - 250 usuarios 1-93,text,true,,4757,120,250,250,https://www.blazedemo.com/,2142,0,0
1774386509939,4104,2 - Escolher Voo,200,OK,Teste de Carga - 250 usuarios 1-141,text,true,,7381,250,250,250,https://www.blazedemo.com/reserve.php,4083,0,0
1774386510635,3411,1 - Acessar Home,200,OK,Teste de Carga - 250 usuarios 1-217,text,true,,4757,120,250,250,https://www.blazedemo.com/,3400,0,0
1774386510303,3743,1 - Acessar Home,200,OK,Teste de Carga - 250 usuarios 1-133,text,true,,4757,120,250,250,https://www.blazedemo.com/,3732,0,0
1774386513679,374,2 - Escolher Voo,200,OK,Teste de Carga - 250 usuarios 1-199,text,true,,7381,250,250,250,https://www.blazedemo.com/reserve.php,352,0,0
1774386513729,330,2 - Escolher Voo,200,OK,Teste de Carga - 250 usuarios 1-142,text,true,,7381,250,250,250,https://www.blazedemo.com/reserve.php,310,0,0
1774386513524,540,3 - Comprar Passagem,200,OK,Teste de Carga - 250 usuarios 1-205,text,true,,6719,420,250,250,https://www.blazedemo.com/purchase.php,529,0,0
1774386513683,381,2 - Escolher Voo,200,OK,Teste de Carga - 250 usuarios 1-24,text,true,,7381,250,250,250,https://www.blazedemo.com/reserve.php,361,0,0
1774386513827,247,1 - Acessar Home,200,OK,Teste de Carga - 250 usuarios 1-86,text,true,,4757,120,250,250,https://www.blazedemo.com/,235,0,0
1774386513827,249,3 - Comprar Passagem,200,OK,Teste de Carga - 250 usuarios 1-119,text,true,,6719,420,250,250,https://www.blazedemo.com/purchase.php,237,0,0
1774386513702,374,2 - Escolher Voo,200,OK,Teste de Carga - 250 usuarios 1-106,text,true,,7381,250,250,250,https://www.blazedemo.com/reserve.php,358,0,0
1774386513255,826,3 - Comprar Passagem,200,OK,Teste de Carga - 250 usuarios 1-174,text,true,,6719,420,250,250,https://www.blazedemo.com/purchase.php,814,0,0
1774386513763,320,1 - Acessar Home,200,OK,Teste de Carga - 250 usuarios 1-159,text,true,,4757,120,250,250,https://www.blazedemo.com/,311,0,0
1774386513844,242,1 - Acessar Home,200,OK,Teste de Carga - 250 usuarios 1-121,text,true,,4757,120,250,250,https://www.blazedemo.com/,230,0,0
1774386513785,303,1 - Acessar Home,200,OK,Teste de Carga - 250 usuarios 1-232,text,true,,4757,120,250,250,https://www.blazedemo.com/,291,0,0
1774386513702,388,2 - Escolher Voo,200,OK,Teste de Carga - 250 usuarios 1-1,text,true,,7381,250,250,250,https://www.blazedemo.com/reserve.php,368,0,0
1774386513850,255,2 - Escolher Voo,200,OK,Teste de Carga - 250 usuarios 1-122,text,true,,7381,250,250,250,https://www.blazedemo.com/reserve.php,234,0,0
1774386513706,417,2 - Escolher Voo,200,OK,Teste de Carga - 250 usuarios 1-92,text,true,,7381,250,250,250,https://www.blazedemo.com/reserve.php,400,0,0
1774386513833,294,3 - Comprar Passagem,200,OK,Teste de Carga - 250 usuarios 1-110,text,true,,6719,420,250,250,https://www.blazedemo.com/purchase.php,282,0,0
1774386513780,350,3 - Comprar Passagem,200,OK,Teste de Carga - 250 usuarios 1-35,text,true,,6719,420,250,250,https://www.blazedemo.com/purchase.php,338,0,0
1774386510310,3822,1 - Acessar Home,200,OK,Teste de Carga - 250 usuarios 1-34,text,true,,4757,120,250,250,https://www.blazedemo.com/,3810,0,0
1774386511565,2567,2 - Escolher Voo,200,OK,Teste de Carga - 250 usuarios 1-36,text,true,,7381,250,250,250,https://www.blazedemo.com/reserve.php,2547,0,0
1774386513803,342,3 - Comprar Passagem,200,OK,Teste de Carga - 250 usuarios 1-89,text,true,,6719,420,250,250,https://www.blazedemo.com/purchase.php,327,0,0
1774386512527,1623,2 - Escolher Voo,200,OK,Teste de Carga - 250 usuarios 1-146,text,true,,7381,250,250,250,https://www.blazedemo.com/reserve.php,1602,0,0
1774386513631,519,2 - Escolher Voo,200,OK,Teste de Carga - 250 usuarios 1-186,text,true,,7381,250,250,250,https://www.blazedemo.com/reserve.php,499,0,0
1774386510390,3775,3 - Comprar Passagem,200,OK,Teste de Carga - 250 usuarios 1-158,text,true,,6719,420,250,250,https://www.blazedemo.com/purchase.php,3763,0,0
1774386510328,3837,3 - Comprar Passagem,200,OK,Teste de Carga - 250 usuarios 1-238,text,true,,6719,420,250,250,https://www.blazedemo.com/purchase.php,3825,0,0
1774386513896,274,3 - Comprar Passagem,200,OK,Teste de Carga - 250 usuarios 1-137,text,true,,6719,420,250,250,https://www.blazedemo.com/purchase.php,262,0,0
1774386512130,2043,2 - Escolher Voo,200,OK,Teste de Carga - 250 usuarios 1-165,text,true,,7381,250,250,250,https://www.blazedemo.com/reserve.php,2027,0,0
1774386513848,325,1 - Acessar Home,200,OK,Teste de Carga - 250 usuarios 1-38,text,true,,4757,120,250,250,https://www.blazedemo.com/,316,0,0
1774386511719,2456,2 - Escolher Voo,200,OK,Teste de Carga - 250 usuarios 1-201,text,true,,7381,250,250,250,https://www.blazedemo.com/reserve.php,2436,0,0
1774386513853,323,2 - Escolher Voo,200,OK,Teste de Carga - 250 usuarios 1-203,text,true,,7381,250,250,250,https://www.blazedemo.com/reserve.php,302,0,0
1774386513861,315,2 - Escolher Voo,200,OK,Teste de Carga - 250 usuarios 1-189,text,true,,7381,250,250,250,https://www.blazedemo.com/reserve.php,294,0,0
1774386513920,258,2 - Escolher Voo,200,OK,Teste de Carga - 250 usuarios 1-19,text,true,,7381,250,250,250,https://www.blazedemo.com/reserve.php,241,0,0
1774386513888,290,3 - Comprar Passagem,200,OK,Teste de Carga - 250 usuarios 1-101,text,true,,6719,420,250,250,https://www.blazedemo.com/purchase.php,278,0,0
1774386511962,2217,2 - Escolher Voo,200,OK,Teste de Carga - 250 usuarios 1-188,text,true,,7381,250,250,250,https://www.blazedemo.com/reserve.php,2197,0,0
1774386513783,397,1 - Acessar Home,200,OK,Teste de Carga - 250 usuarios 1-190,text,true,,4757,120,250,250,https://www.blazedemo.com/,385,0,0
1774386513426,755,1 - Acessar Home,200,OK,Teste de Carga - 250 usuarios 1-112,text,true,,4757,120,250,250,https://www.blazedemo.com/,742,0,0
1774386513327,856,1 - Acessar Home,200,OK,Teste de Carga - 250 usuarios 1-43,text,true,,4757,120,250,250,https://www.blazedemo.com/,845,0,0
1774386513712,472,2 - Escolher Voo,200,OK,Teste de Carga - 250 usuarios 1-154,text,true,,7381,250,250,250,https://www.blazedemo.com/reserve.php,449,0,0
1774386513589,597,1 - Acessar Home,200,OK,Teste de Carga - 250 usuarios 1-250,text,true,,4757,120,250,250,https://www.blazedemo.com/,584,0,0
1774386513828,358,1 - Acessar Home,200,OK,Teste de Carga - 250 usuarios 1-104,text,true,,4757,120,250,250,https://www.blazedemo.com/,345,0,0
1774386513892,295,2 - Escolher Voo,200,OK,Teste de Carga - 250 usuarios 1-62,text,true,,7381,250,250,250,https://www.blazedemo.com/reserve.php,275,0,0
1774386513893,301,2 - Escolher Voo,200,OK,Teste de Carga - 250 usuarios 1-223,text,true,,7381,250,250,250,https://www.blazedemo.com/reserve.php,275,0,0
1774386513870,333,1 - Acessar Home,200,OK,Teste de Carga - 250 usuarios 1-183,text,true,,4757,120,250,250,https://www.blazedemo.com/,324,0,0
1774386513855,351,3 - Comprar Passagem,200,OK,Teste de Carga - 250 usuarios 1-95,text,true,,6719,420,250,250,https://www.blazedemo.com/purchase.php,339,0,0
1774386513926,284,2 - Escolher Voo,200,OK,Teste de Carga - 250 usuarios 1-220,text,true,,7381,250,250,250,https://www.blazedemo.com/reserve.php,261,0,0
1774386513610,600,1 - Acessar Home,200,OK,Teste de Carga - 250 usuarios 1-80,text,true,,4757,120,250,250,https://www.blazedemo.com/,590,0,0
1774386513905,311,1 - Acessar Home,200,OK,Teste de Carga - 250 usuarios 1-3,text,true,,4757,120,250,250,https://www.blazedemo.com/,301,0,0
1774386513933,298,2 - Escolher Voo,200,OK,Teste de Carga - 250 usuarios 1-131,text,true,,7381,250,250,250,https://www.blazedemo.com/reserve.php,277,0,0
1774386511062,3170,3 - Comprar Passagem,200,OK,Teste de Carga - 250 usuarios 1-108,text,true,,6719,420,250,250,https://www.blazedemo.com/purchase.php,3157,0,0
1774386512652,1591,1 - Acessar Home,200,OK,Teste de Carga - 250 usuarios 1-222,text,true,,4757,120,250,250,https://www.blazedemo.com/,1580,0,0
1774386513722,538,1 - Acessar Home,200,OK,Teste de Carga - 250 usuarios 1-61,text,true,,4757,120,250,250,https://www.blazedemo.com/,525,0,0
1774386513902,358,3 - Comprar Passagem,200,OK,Teste de Carga - 250 usuarios 1-57,text,true,,6719,420,250,250,https://www.blazedemo.com/purchase.php,345,0,0
1774386510428,3832,3 - Comprar Passagem,200,OK,Teste de Carga - 250 usuarios 1-163,text,true,,6719,420,250,250,https://www.blazedemo.com/purchase.php,3822,0,0
1774386513929,333,2 - Escolher Voo,200,OK,Teste de Carga - 250 usuarios 1-218,text,true,,7381,250,250,250,https://www.blazedemo.com/reserve.php,318,0,0
1774386511053,3213,1 - Acessar Home,200,OK,Teste de Carga - 250 usuarios 1-234,text,true,,4757,120,250,250,https://www.blazedemo.com/,3200,0,0
1774386512788,1478,2 - Escolher Voo,200,OK,Teste de Carga - 250 usuarios 1-21,text,true,,7381,250,250,250,https://www.blazedemo.com/reserve.php,1455,0,0
1774386513902,364,2 - Escolher Voo,200,OK,Teste de Carga - 250 usuarios 1-208,text,true,,7381,250,250,250,https://www.blazedemo.com/reserve.php,345,0,0
1774386513996,283,3 - Comprar Passagem,200,OK,Teste de Carga - 250 usuarios 1-81,text,true,,6719,420,250,250,https://www.blazedemo.com/purchase.php,274,0,0
1774386510454,3828,3 - Comprar Passagem,200,OK,Teste de Carga - 250 usuarios 1-128,text,true,,6719,420,250,250,https://www.blazedemo.com/purchase.php,3816,0,0
1774386513996,291,1 - Acessar Home,200,OK,Teste de Carga - 250 usuarios 1-88,text,true,,4757,120,250,250,https://www.blazedemo.com/,280,0,0
1774386513868,428,2 - Escolher Voo,200,OK,Teste de Carga - 250 usuarios 1-31,text,true,,7381,250,250,250,https://www.blazedemo.com/reserve.php,408,0,0
1774386513854,442,2 - Escolher Voo,200,OK,Teste de Carga - 250 usuarios 1-98,text,true,,7381,250,250,250,https://www.blazedemo.com/reserve.php,422,0,0
1774386513765,534,2 - Escolher Voo,200,OK,Teste de Carga - 250 usuarios 1-126,text,true,,7381,250,250,250,https://www.blazedemo.com/reserve.php,514,0,0
1774386512342,1958,1 - Acessar Home,200,OK,Teste de Carga - 250 usuarios 1-107,text,true,,4757,120,250,250,https://www.blazedemo.com/,1947,0,0
1774386513644,658,2 - Escolher Voo,200,OK,Teste de Carga - 250 usuarios 1-209,text,true,,7381,250,250,250,https://www.blazedemo.com/reserve.php,639,0,0
1774386512225,2078,3 - Comprar Passagem,200,OK,Teste de Carga - 250 usuarios 1-170,text,true,,6719,420,250,250,https://www.blazedemo.com/purchase.php,2066,0,0
1774386513840,467,2 - Escolher Voo,200,OK,Teste de Carga - 250 usuarios 1-77,text,true,,7381,250,250,250,https://www.blazedemo.com/reserve.php,446,0,0
1774386514013,298,2 - Escolher Voo,200,OK,Teste de Carga - 250 usuarios 1-151,text,true,,7381,250,250,250,https://www.blazedemo.com/reserve.php,277,0,0
1774386513948,366,3 - Comprar Passagem,200,OK,Teste de Carga - 250 usuarios 1-228,text,true,,6719,420,250,250,https://www.blazedemo.com/purchase.php,354,0,0
1774386511767,2548,2 - Escolher Voo,200,OK,Teste de Carga - 250 usuarios 1-20,text,true,,7381,250,250,250,https://www.blazedemo.com/reserve.php,2528,0,0
1774386513676,641,2 - Escolher Voo,200,OK,Teste de Carga - 250 usuarios 1-176,text,true,,7381,250,250,250,https://www.blazedemo.com/reserve.php,621,0,0
1774386513959,374,1 - Acessar Home,200,OK,Teste de Carga - 250 usuarios 1-67,text,true,,4757,120,250,250,https://www.blazedemo.com/,363,0,0
1774386514012,323,3 - Comprar Passagem,200,OK,Teste de Carga - 250 usuarios 1-153,text,true,,6719,420,250,250,https://www.blazedemo.com/purchase.php,310,0,0
1774386510447,3896,1 - Acessar Home,200,OK,Teste de Carga - 250 usuarios 1-175,text,true,,4757,120,250,250,https://www.blazedemo.com/,3883,0,0
1774386511815,2528,3 - Comprar Passagem,200,OK,Teste de Carga - 250 usuarios 1-140,text,true,,6719,420,250,250,https://www.blazedemo.com/purchase.php,2515,0,0
1774386513466,885,2 - Escolher Voo,200,OK,Teste de Carga - 250 usuarios 1-113,text,true,,7381,250,250,250,https://www.blazedemo.com/reserve.php,863,0,0
1774386514074,277,2 - Escolher Voo,200,OK,Teste de Carga - 250 usuarios 1-86,text,true,,7381,250,250,250,https://www.blazedemo.com/reserve.php,255,0,0
1774386513998,353,3 - Comprar Passagem,200,OK,Teste de Carga - 250 usuarios 1-85,text,true,,6719,420,250,250,https://www.blazedemo.com/purchase.php,340,0,0
1774386513720,636,2 - Escolher Voo,200,OK,Teste de Carga - 250 usuarios 1-32,text,true,,7381,250,250,250,https://www.blazedemo.com/reserve.php,616,0,0
1774386513912,452,3 - Comprar Passagem,200,OK,Teste de Carga - 250 usuarios 1-246,text,true,,6719,420,250,250,https://www.blazedemo.com/purchase.php,439,0,0
1774386512855,1517,1 - Acessar Home,200,OK,Teste de Carga - 250 usuarios 1-91,text,true,,4757,120,250,250,https://www.blazedemo.com/,1506,0,0
1774386514030,347,2 - Escolher Voo,200,OK,Teste de Carga - 250 usuarios 1-51,text,true,,7381,250,250,250,https://www.blazedemo.com/reserve.php,326,0,0
1774386514034,343,2 - Escolher Voo,200,OK,Teste de Carga - 250 usuarios 1-152,text,true,,7381,250,250,250,https://www.blazedemo.com/reserve.php,323,0,0
1774386514047,333,2 - Escolher Voo,200,OK,Teste de Carga - 250 usuarios 1-217,text,true,,7381,250,250,250,https://www.blazedemo.com/reserve.php,317,0,0
1774386510455,3926,3 - Comprar Passagem,200,OK,Teste de Carga - 250 usuarios 1-231,text,true,,6719,420,250,250,https://www.blazedemo.com/purchase.php,3914,0,0
1774386513468,914,1 - Acessar Home,200,OK,Teste de Carga - 250 usuarios 1-26,text,true,,4757,120,250,250,https://www.blazedemo.com/,904,0,0
1774386514127,286,1 - Acessar Home,200,OK,Teste de Carga - 250 usuarios 1-110,text,true,,4757,120,250,250,https://www.blazedemo.com/,274,0,0
1774386514165,248,1 - Acessar Home,200,OK,Teste de Carga - 250 usuarios 1-238,text,true,,4757,120,250,250,https://www.blazedemo.com/,237,0,0
1774386514065,350,3 - Comprar Passagem,200,OK,Teste de Carga - 250 usuarios 1-24,text,true,,6719,420,250,250,https://www.blazedemo.com/purchase.php,334,0,0
1774386514105,310,3 - Comprar Passagem,200,OK,Teste de Carga - 250 usuarios 1-122,text,true,,6719,420,250,250,https://www.blazedemo.com/purchase.php,297,0,0
1774386513505,911,2 - Escolher Voo,200,OK,Teste de Carga - 250 usuarios 1-195,text,true,,7381,250,250,250,https://www.blazedemo.com/reserve.php,897,0,0
1774386514130,287,1 - Acessar Home,200,OK,Teste de Carga - 250 usuarios 1-35,text,true,,4757,120,250,250,https://www.blazedemo.com/,276,0,0
1774386513999,423,1 - Acessar Home,200,OK,Teste de Carga - 250 usuarios 1-160,text,true,,4757,120,250,250,https://www.blazedemo.com/,411,0,0
1774386514132,292,2 - Escolher Voo,200,OK,Teste de Carga - 250 usuarios 1-34,text,true,,7381,250,250,250,https://www.blazedemo.com/reserve.php,273,0,0
1774386513697,729,1 - Acessar Home,200,OK,Teste de Carga - 250 usuarios 1-157,text,true,,4757,120,250,250,https://www.blazedemo.com/,718,0,0
1774386511899,2527,1 - Acessar Home,200,OK,Teste de Carga - 250 usuarios 1-71,text,true,,4757,120,250,250,https://www.blazedemo.com/,2516,0,0
1774386514132,303,3 - Comprar Passagem,200,OK,Teste de Carga - 250 usuarios 1-36,text,true,,6719,420,250,250,https://www.blazedemo.com/purchase.php,292,0,0
1774386514180,263,2 - Escolher Voo,200,OK,Teste de Carga - 250 usuarios 1-190,text,true,,7381,250,250,250,https://www.blazedemo.com/reserve.php,243,0,0
1774386514150,295,3 - Comprar Passagem,200,OK,Teste de Carga - 250 usuarios 1-146,text,true,,6719,420,250,250,https://www.blazedemo.com/purchase.php,284,0,0
1774386511287,3160,2 - Escolher Voo,200,OK,Teste de Carga - 250 usuarios 1-109,text,true,,7381,250,250,250,https://www.blazedemo.com/reserve.php,3139,0,0
1774386512999,1455,3 - Comprar Passagem,200,OK,Teste de Carga - 250 usuarios 1-7,text,true,,6719,420,250,250,https://www.blazedemo.com/purchase.php,1446,0,0
1774386514176,278,3 - Comprar Passagem,200,OK,Teste de Carga - 250 usuarios 1-203,text,true,,6719,420,250,250,https://www.blazedemo.com/purchase.php,266,0,0
1774386514186,281,2 - Escolher Voo,200,OK,Teste de Carga - 250 usuarios 1-104,text,true,,7381,250,250,250,https://www.blazedemo.com/reserve.php,260,0,0
1774386511267,3205,1 - Acessar Home,200,OK,Teste de Carga - 250 usuarios 1-249,text,true,,4757,120,250,250,https://www.blazedemo.com/,3193,0,0
1774386513475,1004,2 - Escolher Voo,200,OK,Teste de Carga - 250 usuarios 1-53,text,true,,7381,250,250,250,https://www.blazedemo.com/reserve.php,982,0,0
1774386511911,2574,2 - Escolher Voo,200,OK,Teste de Carga - 250 usuarios 1-74,text,true,,7381,250,250,250,https://www.blazedemo.com/reserve.php,2556,0,0
1774386513632,857,3 - Comprar Passagem,200,OK,Teste de Carga - 250 usuarios 1-44,text,true,,6719,420,250,250,https://www.blazedemo.com/purchase.php,845,0,0
1774386513899,596,2 - Escolher Voo,200,OK,Teste de Carga - 250 usuarios 1-15,text,true,,7381,250,250,250,https://www.blazedemo.com/reserve.php,580,0,0
1774386513995,504,2 - Escolher Voo,200,OK,Teste de Carga - 250 usuarios 1-147,text,true,,7381,250,250,250,https://www.blazedemo.com/reserve.php,482,0,0
1774386513952,549,3 - Comprar Passagem,200,OK,Teste de Carga - 250 usuarios 1-135,text,true,,6719,420,250,250,https://www.blazedemo.com/purchase.php,537,0,0
1774386514090,419,3 - Comprar Passagem,200,OK,Teste de Carga - 250 usuarios 1-1,text,true,,6719,420,250,250,https://www.blazedemo.com/purchase.php,407,0,0
1774386514217,293,2 - Escolher Voo,200,OK,Teste de Carga - 250 usuarios 1-3,text,true,,7381,250,250,250,https://www.blazedemo.com/reserve.php,273,0,0
1774386510688,3825,2 - Escolher Voo,200,OK,Teste de Carga - 250 usuarios 1-168,text,true,,7381,250,250,250,https://www.blazedemo.com/reserve.php,3806,0,0
1774386514206,310,1 - Acessar Home,200,OK,Teste de Carga - 250 usuarios 1-95,text,true,,4757,120,250,250,https://www.blazedemo.com/,299,0,0
1774386514175,341,3 - Comprar Passagem,200,OK,Teste de Carga - 250 usuarios 1-201,text,true,,6719,420,250,250,https://www.blazedemo.com/purchase.php,328,0,0
1774386514184,337,3 - Comprar Passagem,200,OK,Teste de Carga - 250 usuarios 1-154,text,true,,6719,420,250,250,https://www.blazedemo.com/purchase.php,321,0,0
1774386514170,355,1 - Acessar Home,200,OK,Teste de Carga - 250 usuarios 1-137,text,true,,4757,120,250,250,https://www.blazedemo.com/,343,0,0
1774386514178,351,1 - Acessar Home,200,OK,Teste de Carga - 250 usuarios 1-101,text,true,,4757,120,250,250,https://www.blazedemo.com/,340,0,0
1774386514047,484,2 - Escolher Voo,200,OK,Teste de Carga - 250 usuarios 1-133,text,true,,7381,250,250,250,https://www.blazedemo.com/reserve.php,464,0,0
1774386513936,597,3 - Comprar Passagem,200,OK,Teste de Carga - 250 usuarios 1-169,text,true,,6719,420,250,250,https://www.blazedemo.com/purchase.php,585,0,0
1774386514260,280,2 - Escolher Voo,200,OK,Teste de Carga - 250 usuarios 1-61,text,true,,7381,250,250,250,https://www.blazedemo.com/reserve.php,260,0,0
1774386510606,3942,3 - Comprar Passagem,200,OK,Teste de Carga - 250 usuarios 1-173,text,true,,6719,420,250,250,https://www.blazedemo.com/purchase.php,3931,0,0
1774386514243,308,2 - Escolher Voo,200,OK,Teste de Carga - 250 usuarios 1-222,text,true,,7381,250,250,250,https://www.blazedemo.com/reserve.php,289,0,0
1774386513646,908,1 - Acessar Home,200,OK,Teste de Carga - 250 usuarios 1-64,text,true,,4757,120,250,250,https://www.blazedemo.com/,896,0,0
1774386513567,987,2 - Escolher Voo,200,OK,Teste de Carga - 250 usuarios 1-73,text,true,,7381,250,250,250,https://www.blazedemo.com/reserve.php,967,0,0
1774386513040,1516,3 - Comprar Passagem,200,OK,Teste de Carga - 250 usuarios 1-248,text,true,,6719,420,250,250,https://www.blazedemo.com/purchase.php,1496,0,0
1774386514145,418,1 - Acessar Home,200,OK,Teste de Carga - 250 usuarios 1-89,text,true,,4757,120,250,250,https://www.blazedemo.com/,405,0,0
1774386514287,277,2 - Escolher Voo,200,OK,Teste de Carga - 250 usuarios 1-88,text,true,,7381,250,250,250,https://www.blazedemo.com/reserve.php,256,0,0
1774386514300,279,2 - Escolher Voo,200,OK,Teste de Carga - 250 usuarios 1-107,text,true,,7381,250,250,250,https://www.blazedemo.com/reserve.php,258,0,0
1774386514210,370,2 - Escolher Voo,200,OK,Teste de Carga - 250 usuarios 1-80,text,true,,7381,250,250,250,https://www.blazedemo.com/reserve.php,349,0,0
1774386512196,2386,2 - Escolher Voo,200,OK,Teste de Carga - 250 usuarios 1-166,text,true,,7381,250,250,250,https://www.blazedemo.com/reserve.php,2365,0,0
1774386514203,379,2 - Escolher Voo,200,OK,Teste de Carga - 250 usuarios 1-183,text,true,,7381,250,250,250,https://www.blazedemo.com/reserve.php,359,0,0
1774386514266,320,3 - Comprar Passagem,200,OK,Teste de Carga - 250 usuarios 1-21,text,true,,6719,420,250,250,https://www.blazedemo.com/purchase.php,308,0,0
1774386510786,3808,3 - Comprar Passagem,200,OK,Teste de Carga - 250 usuarios 1-58,text,true,,6719,420,250,250,https://www.blazedemo.com/purchase.php,3796,0,0
1774386514263,341,3 - Comprar Passagem,200,OK,Teste de Carga - 250 usuarios 1-218,text,true,,6719,420,250,250,https://www.blazedemo.com/purchase.php,329,0,0
1774386514038,573,3 - Comprar Passagem,200,OK,Teste de Carga - 250 usuarios 1-245,text,true,,6719,420,250,250,https://www.blazedemo.com/purchase.php,559,0,0
1774386514333,281,2 - Escolher Voo,200,OK,Teste de Carga - 250 usuarios 1-67,text,true,,7381,250,250,250,https://www.blazedemo.com/reserve.php,259,0,0
1774386514343,278,1 - Acessar Home,200,OK,Teste de Carga - 250 usuarios 1-140,text,true,,4757,120,250,250,https://www.blazedemo.com/,267,0,0
1774386514335,288,1 - Acessar Home,200,OK,Teste de Carga - 250 usuarios 1-153,text,true,,4757,120,250,250,https://www.blazedemo.com/,276,0,0
1774386511426,3203,2 - Escolher Voo,200,OK,Teste de Carga - 250 usuarios 1-23,text,true,,7381,250,250,250,https://www.blazedemo.com/reserve.php,3184,0,0
1774386513597,1034,1 - Acessar Home,200,OK,Teste de Carga - 250 usuarios 1-75,text,true,,4757,120,250,250,https://www.blazedemo.com/,1022,0,0
1774386513834,799,2 - Escolher Voo,200,OK,Teste de Carga - 250 usuarios 1-150,text,true,,7381,250,250,250,https://www.blazedemo.com/reserve.php,779,0,0
1774386514260,378,1 - Acessar Home,200,OK,Teste de Carga - 250 usuarios 1-163,text,true,,4757,120,250,250,https://www.blazedemo.com/,367,0,0
1774386514041,598,2 - Escolher Voo,200,OK,Teste de Carga - 250 usuarios 1-93,text,true,,7381,250,250,250,https://www.blazedemo.com/reserve.php,578,0,0
1774386511352,3288,2 - Escolher Voo,200,OK,Teste de Carga - 250 usuarios 1-70,text,true,,7381,250,250,250,https://www.blazedemo.com/reserve.php,3266,0,0
1774386510617,4025,1 - Acessar Home,200,OK,Teste de Carga - 250 usuarios 1-2,text,true,,4757,120,250,250,https://www.blazedemo.com/,4013,0,0
1774386514372,271,2 - Escolher Voo,200,OK,Teste de Carga - 250 usuarios 1-91,text,true,,7381,250,250,250,https://www.blazedemo.com/reserve.php,249,0,0
1774386513045,1602,3 - Comprar Passagem,200,OK,Teste de Carga - 250 usuarios 1-167,text,true,,6719,420,250,250,https://www.blazedemo.com/purchase.php,1588,0,0
1774386514232,416,1 - Acessar Home,200,OK,Teste de Carga - 250 usuarios 1-108,text,true,,4757,120,250,250,https://www.blazedemo.com/,404,0,0
1774386512313,2340,2 - Escolher Voo,200,OK,Teste de Carga - 250 usuarios 1-117,text,true,,7381,250,250,250,https://www.blazedemo.com/reserve.php,2320,0,0
1774386514043,641,3 - Comprar Passagem,200,OK,Teste de Carga - 250 usuarios 1-141,text,true,,6719,420,250,250,https://www.blazedemo.com/purchase.php,629,0,0
1774386514416,278,3 - Comprar Passagem,200,OK,Teste de Carga - 250 usuarios 1-195,text,true,,6719,420,250,250,https://www.blazedemo.com/purchase.php,268,0,0
1774386512392,2302,1 - Acessar Home,200,OK,Teste de Carga - 250 usuarios 1-184,text,true,,4757,120,250,250,https://www.blazedemo.com/,2290,0,0
1774386510786,3910,2 - Escolher Voo,200,OK,Teste de Carga - 250 usuarios 1-162,text,true,,7381,250,250,250,https://www.blazedemo.com/reserve.php,3889,0,0
1774386512545,2154,1 - Acessar Home,200,OK,Teste de Carga - 250 usuarios 1-52,text,true,,4757,120,250,250,https://www.blazedemo.com/,2142,0,0
1774386514311,389,3 - Comprar Passagem,200,OK,Teste de Carga - 250 usuarios 1-151,text,true,,6719,420,250,250,https://www.blazedemo.com/purchase.php,377,0,0
1774386513888,814,3 - Comprar Passagem,200,OK,Teste de Carga - 250 usuarios 1-123,text,true,,6719,420,250,250,https://www.blazedemo.com/purchase.php,802,0,0
1774386514424,282,3 - Comprar Passagem,200,OK,Teste de Carga - 250 usuarios 1-34,text,true,,6719,420,250,250,https://www.blazedemo.com/purchase.php,270,0,0
1774386514423,290,2 - Escolher Voo,200,OK,Teste de Carga - 250 usuarios 1-160,text,true,,7381,250,250,250,https://www.blazedemo.com/reserve.php,269,0,0
1774386514351,366,3 - Comprar Passagem,200,OK,Teste de Carga - 250 usuarios 1-113,text,true,,6719,420,250,250,https://www.blazedemo.com/purchase.php,349,0,0
1774386514317,401,3 - Comprar Passagem,200,OK,Teste de Carga - 250 usuarios 1-176,text,true,,6719,420,250,250,https://www.blazedemo.com/purchase.php,389,0,0
1774386514415,308,1 - Acessar Home,200,OK,Teste de Carga - 250 usuarios 1-24,text,true,,4757,120,250,250,https://www.blazedemo.com/,298,0,0
1774386513666,1061,2 - Escolher Voo,200,OK,Teste de Carga - 250 usuarios 1-25,text,true,,7381,250,250,250,https://www.blazedemo.com/reserve.php,1040,0,0
1774386510694,4036,1 - Acessar Home,200,OK,Teste de Carga - 250 usuarios 1-41,text,true,,4757,120,250,250,https://www.blazedemo.com/,4024,0,0
1774386514467,266,3 - Comprar Passagem,200,OK,Teste de Carga - 250 usuarios 1-104,text,true,,6719,420,250,250,https://www.blazedemo.com/purchase.php,253,0,0
1774386514180,553,3 - Comprar Passagem,200,OK,Teste de Carga - 250 usuarios 1-188,text,true,,6719,420,250,250,https://www.blazedemo.com/purchase.php,544,0,0
1774386514443,290,3 - Comprar Passagem,200,OK,Teste de Carga - 250 usuarios 1-190,text,true,,6719,420,250,250,https://www.blazedemo.com/purchase.php,279,0,0
1774386514454,283,1 - Acessar Home,200,OK,Teste de Carga - 250 usuarios 1-7,text,true,,4757,120,250,250,https://www.blazedemo.com/,271,0,0
1774386511511,3227,2 - Escolher Voo,200,OK,Teste de Carga - 250 usuarios 1-187,text,true,,7381,250,250,250,https://www.blazedemo.com/reserve.php,3206,0,0
1774386514357,383,3 - Comprar Passagem,200,OK,Teste de Carga - 250 usuarios 1-32,text,true,,6719,420,250,250,https://www.blazedemo.com/purchase.php,367,0,0
1774386514426,316,2 - Escolher Voo,200,OK,Teste de Carga - 250 usuarios 1-157,text,true,,7381,250,250,250,https://www.blazedemo.com/reserve.php,296,0,0
1774386514351,393,1 - Acessar Home,200,OK,Teste de Carga - 250 usuarios 1-85,text,true,,4757,120,250,250,https://www.blazedemo.com/,382,0,0
1774386514231,530,3 - Comprar Passagem,200,OK,Teste de Carga - 250 usuarios 1-131,text,true,,6719,420,250,250,https://www.blazedemo.com/purchase.php,518,0,0
1774386514314,449,1 - Acessar Home,200,OK,Teste de Carga - 250 usuarios 1-228,text,true,,4757,120,250,250,https://www.blazedemo.com/,437,0,0
1774386514489,282,1 - Acessar Home,200,OK,Teste de Carga - 250 usuarios 1-44,text,true,,4757,120,250,250,https://www.blazedemo.com/,270,0,0
1774386514414,366,2 - Escolher Voo,200,OK,Teste de Carga - 250 usuarios 1-110,text,true,,7381,250,250,250,https://www.blazedemo.com/reserve.php,347,0,0
1774386514521,260,1 - Acessar Home,200,OK,Teste de Carga - 250 usuarios 1-154,text,true,,4757,120,250,250,https://www.blazedemo.com/,248,0,0
1774386511621,3162,2 - Escolher Voo,200,OK,Teste de Carga - 250 usuarios 1-197,text,true,,7381,250,250,250,https://www.blazedemo.com/reserve.php,3142,0,0
1774386514307,487,3 - Comprar Passagem,200,OK,Teste de Carga - 250 usuarios 1-77,text,true,,6719,420,250,250,https://www.blazedemo.com/purchase.php,475,0,0
1774386510840,3955,1 - Acessar Home,200,OK,Teste de Carga - 250 usuarios 1-54,text,true,,4757,120,250,250,https://www.blazedemo.com/,3943,0,0
1774386513663,1134,2 - Escolher Voo,200,OK,Teste de Carga - 250 usuarios 1-99,text,true,,7381,250,250,250,https://www.blazedemo.com/reserve.php,1113,0,0
1774386514554,243,3 - Comprar Passagem,200,OK,Teste de Carga - 250 usuarios 1-73,text,true,,6719,420,250,250,https://www.blazedemo.com/purchase.php,230,0,0
1774386512567,2232,1 - Acessar Home,200,OK,Teste de Carga - 250 usuarios 1-236,text,true,,4757,120,250,250,https://www.blazedemo.com/,2220,0,0
1774386513179,1640,1 - Acessar Home,200,OK,Teste de Carga - 250 usuarios 1-206,text,true,,4757,120,250,250,https://www.blazedemo.com/,1628,0,0
1774386512591,2230,3 - Comprar Passagem,200,OK,Teste de Carga - 250 usuarios 1-39,text,true,,6719,420,250,250,https://www.blazedemo.com/purchase.php,2219,0,0
1774386514554,270,2 - Escolher Voo,200,OK,Teste de Carga - 250 usuarios 1-64,text,true,,7381,250,250,250,https://www.blazedemo.com/reserve.php,249,0,0
1774386514530,296,2 - Escolher Voo,200,OK,Teste de Carga - 250 usuarios 1-101,text,true,,7381,250,250,250,https://www.blazedemo.com/reserve.php,276,0,0
1774386514564,268,3 - Comprar Passagem,200,OK,Teste de Carga - 250 usuarios 1-88,text,true,,6719,420,250,250,https://www.blazedemo.com/purchase.php,256,0,0
1774386514557,277,1 - Acessar Home,200,OK,Teste de Carga - 250 usuarios 1-248,text,true,,4757,120,250,250,https://www.blazedemo.com/,264,0,0
1774386514525,317,2 - Escolher Voo,200,OK,Teste de Carga - 250 usuarios 1-137,text,true,,7381,250,250,250,https://www.blazedemo.com/reserve.php,296,0,0
1774386514552,290,3 - Comprar Passagem,200,OK,Teste de Carga - 250 usuarios 1-222,text,true,,6719,420,250,250,https://www.blazedemo.com/purchase.php,279,0,0
1774386514510,334,3 - Comprar Passagem,200,OK,Teste de Carga - 250 usuarios 1-3,text,true,,6719,420,250,250,https://www.blazedemo.com/purchase.php,321,0,0
1774386514282,567,1 - Acessar Home,200,OK,Teste de Carga - 250 usuarios 1-128,text,true,,4757,120,250,250,https://www.blazedemo.com/,556,0,0
1774386514033,816,3 - Comprar Passagem,200,OK,Teste de Carga - 250 usuarios 1-224,text,true,,6719,420,250,250,https://www.blazedemo.com/purchase.php,805,0,0
1774386514266,585,2 - Escolher Voo,200,OK,Teste de Carga - 250 usuarios 1-234,text,true,,7381,250,250,250,https://www.blazedemo.com/reserve.php,566,0,0
1774386511642,3220,2 - Escolher Voo,200,OK,Teste de Carga - 250 usuarios 1-230,text,true,,7381,250,250,250,https://www.blazedemo.com/reserve.php,3199,0,0
1774386514454,414,1 - Acessar Home,200,OK,Teste de Carga - 250 usuarios 1-203,text,true,,4757,120,250,250,https://www.blazedemo.com/,401,0,0
1774386513969,919,2 - Escolher Voo,200,OK,Teste de Carga - 250 usuarios 1-56,text,true,,7381,250,250,250,https://www.blazedemo.com/reserve.php,902,0,0
1774386513746,1144,2 - Escolher Voo,200,OK,Teste de Carga - 250 usuarios 1-97,text,true,,7385,250,250,250,https://www.blazedemo.com/reserve.php,1124,0,0
1774386514495,397,3 - Comprar Passagem,200,OK,Teste de Carga - 250 usuarios 1-15,text,true,,6719,420,250,250,https://www.blazedemo.com/purchase.php,386,0,0
1774386514377,520,3 - Comprar Passagem,200,OK,Teste de Carga - 250 usuarios 1-51,text,true,,6719,420,250,250,https://www.blazedemo.com/purchase.php,504,0,0
1774386514647,258,1 - Acessar Home,200,OK,Teste de Carga - 250 usuarios 1-167,text,true,,4757,120,250,250,https://www.blazedemo.com/,244,0,0
1774386514479,427,3 - Comprar Passagem,200,OK,Teste de Carga - 250 usuarios 1-53,text,true,,6719,420,250,250,https://www.blazedemo.com/purchase.php,415,0,0
1774386513213,1710,2 - Escolher Voo,200,OK,Teste de Carga - 250 usuarios 1-105,text,true,,7381,250,250,250,https://www.blazedemo.com/reserve.php,1691,0,0
1774386510875,4049,3 - Comprar Passagem,200,OK,Teste de Carga - 250 usuarios 1-215,text,true,,6719,420,250,250,https://www.blazedemo.com/purchase.php,4037,0,0
1774386514629,299,3 - Comprar Passagem,200,OK,Teste de Carga - 250 usuarios 1-23,text,true,,6719,420,250,250,https://www.blazedemo.com/purchase.php,288,0,0
1774386514614,316,3 - Comprar Passagem,200,OK,Teste de Carga - 250 usuarios 1-67,text,true,,6719,420,250,250,https://www.blazedemo.com/purchase.php,304,0,0
1774386514513,418,3 - Comprar Passagem,200,OK,Teste de Carga - 250 usuarios 1-168,text,true,,6719,420,250,250,https://www.blazedemo.com/purchase.php,406,0,0
1774386514499,435,3 - Comprar Passagem,200,OK,Teste de Carga - 250 usuarios 1-147,text,true,,6719,420,250,250,https://www.blazedemo.com/purchase.php,423,0,0
1774386514380,556,3 - Comprar Passagem,200,OK,Teste de Carga - 250 usuarios 1-217,text,true,,6719,420,250,250,https://www.blazedemo.com/purchase.php,545,0,0
1774386514173,773,3 - Comprar Passagem,200,OK,Teste de Carga - 250 usuarios 1-165,text,true,,6719,420,250,250,https://www.blazedemo.com/purchase.php,761,0,0
1774386514638,309,2 - Escolher Voo,200,OK,Teste de Carga - 250 usuarios 1-163,text,true,,7381,250,250,250,https://www.blazedemo.com/reserve.php,289,0,0
1774386514516,433,2 - Escolher Voo,200,OK,Teste de Carga - 250 usuarios 1-95,text,true,,7381,250,250,250,https://www.blazedemo.com/reserve.php,410,0,0
1774386514089,864,2 - Escolher Voo,200,OK,Teste de Carga - 250 usuarios 1-232,text,true,,7381,250,250,250,https://www.blazedemo.com/reserve.php,844,0,0
1774386512702,2257,2 - Escolher Voo,200,OK,Teste de Carga - 250 usuarios 1-94,text,true,,7381,250,250,250,https://www.blazedemo.com/reserve.php,2237,0,0
1774386514643,318,2 - Escolher Voo,200,OK,Teste de Carga - 250 usuarios 1-2,text,true,,7381,250,250,250,https://www.blazedemo.com/reserve.php,298,0,0
1774386514623,344,2 - Escolher Voo,200,OK,Teste de Carga - 250 usuarios 1-153,text,true,,7381,250,250,250,https://www.blazedemo.com/reserve.php,324,0,0
1774386514509,462,1 - Acessar Home,200,OK,Teste de Carga - 250 usuarios 1-1,text,true,,4757,120,250,250,https://www.blazedemo.com/,451,0,0
1774386514702,269,1 - Acessar Home,200,OK,Teste de Carga - 250 usuarios 1-123,text,true,,4757,120,250,250,https://www.blazedemo.com/,259,0,0
1774386514605,366,1 - Acessar Home,200,OK,Teste de Carga - 250 usuarios 1-218,text,true,,4757,120,250,250,https://www.blazedemo.com/,354,0,0
1774386511768,3209,1 - Acessar Home,200,OK,Teste de Carga - 250 usuarios 1-11,text,true,,4757,120,250,250,https://www.blazedemo.com/,3197,0,0
1774386514303,694,1 - Acessar Home,200,OK,Teste de Carga - 250 usuarios 1-170,text,true,,4757,120,250,250,https://www.blazedemo.com/,682,0,0
1774386514745,254,2 - Escolher Voo,200,OK,Teste de Carga - 250 usuarios 1-85,text,true,,7381,250,250,250,https://www.blazedemo.com/reserve.php,233,0,0
1774386514426,576,2 - Escolher Voo,200,OK,Teste de Carga - 250 usuarios 1-71,text,true,,7381,250,250,250,https://www.blazedemo.com/reserve.php,556,0,0
1774386513995,1009,2 - Escolher Voo,200,OK,Teste de Carga - 250 usuarios 1-242,text,true,,7381,250,250,250,https://www.blazedemo.com/reserve.php,988,0,0
1774386512793,2212,2 - Escolher Voo,200,OK,Teste de Carga - 250 usuarios 1-82,text,true,,7381,250,250,250,https://www.blazedemo.com/reserve.php,2192,0,0
1774386514733,276,1 - Acessar Home,200,OK,Teste de Carga - 250 usuarios 1-104,text,true,,4757,120,250,250,https://www.blazedemo.com/,264,0,0
1774386514639,370,3 - Comprar Passagem,200,OK,Teste de Carga - 250 usuarios 1-93,text,true,,6719,420,250,250,https://www.blazedemo.com/purchase.php,357,0,0
1774386514696,314,3 - Comprar Passagem,200,OK,Teste de Carga - 250 usuarios 1-162,text,true,,6719,420,250,250,https://www.blazedemo.com/purchase.php,302,0,0
1774386513233,1778,1 - Acessar Home,200,OK,Teste de Carga - 250 usuarios 1-29,text,true,,4757,120,250,250,https://www.blazedemo.com/,1763,0,0
1774386514548,466,1 - Acessar Home,200,OK,Teste de Carga - 250 usuarios 1-173,text,true,,4757,120,250,250,https://www.blazedemo.com/,454,0,0
1774386514727,295,3 - Comprar Passagem,200,OK,Teste de Carga - 250 usuarios 1-25,text,true,,6719,420,250,250,https://www.blazedemo.com/purchase.php,274,0,0
1774386511823,3204,3 - Comprar Passagem,200,OK,Teste de Carga - 250 usuarios 1-17,text,true,,6719,420,250,250,https://www.blazedemo.com/purchase.php,3191,0,0
1774386514435,597,1 - Acessar Home,200,OK,Teste de Carga - 250 usuarios 1-36,text,true,,4757,120,250,250,https://www.blazedemo.com/,585,0,0
1774386512897,2138,2 - Escolher Voo,200,OK,Teste de Carga - 250 usuarios 1-6,text,true,,7381,250,250,250,https://www.blazedemo.com/reserve.php,2119,0,0
1774386514194,843,3 - Comprar Passagem,200,OK,Teste de Carga - 250 usuarios 1-223,text,true,,6719,420,250,250,https://www.blazedemo.com/purchase.php,831,0,0
1774386510974,4066,2 - Escolher Voo,200,OK,Teste de Carga - 250 usuarios 1-78,text,true,,7381,250,250,250,https://www.blazedemo.com/reserve.php,4053,0,0
1774386514579,465,3 - Comprar Passagem,200,OK,Teste de Carga - 250 usuarios 1-107,text,true,,6719,420,250,250,https://www.blazedemo.com/purchase.php,452,0,0
1774386514781,275,2 - Escolher Voo,200,OK,Teste de Carga - 250 usuarios 1-154,text,true,,7381,250,250,250,https://www.blazedemo.com/reserve.php,259,0,0
1774386514183,879,2 - Escolher Voo,200,OK,Teste de Carga - 250 usuarios 1-43,text,true,,7381,250,250,250,https://www.blazedemo.com/reserve.php,857,0,0
1774386514783,283,3 - Comprar Passagem,200,OK,Teste de Carga - 250 usuarios 1-197,text,true,,6719,420,250,250,https://www.blazedemo.com/purchase.php,265,0,0
1774386511227,3842,1 - Acessar Home,200,OK,Teste de Carga - 250 usuarios 1-198,text,true,,4757,120,250,250,https://www.blazedemo.com/,3831,0,0
1774386512813,2268,1 - Acessar Home,200,OK,Teste de Carga - 250 usuarios 1-214,text,true,,4757,120,250,250,https://www.blazedemo.com/,2256,0,0
1774386514761,323,1 - Acessar Home,200,OK,Teste de Carga - 250 usuarios 1-131,text,true,,4757,120,250,250,https://www.blazedemo.com/,308,0,0
1774386514586,500,1 - Acessar Home,200,OK,Teste de Carga - 250 usuarios 1-21,text,true,,4757,120,250,250,https://www.blazedemo.com/,488,0,0
1774386511824,3265,1 - Acessar Home,200,OK,Teste de Carga - 250 usuarios 1-213,text,true,,4757,120,250,250,https://www.blazedemo.com/,3254,0,0
1774386514834,255,2 - Escolher Voo,200,OK,Teste de Carga - 250 usuarios 1-248,text,true,,7381,250,250,250,https://www.blazedemo.com/reserve.php,241,0,0
1774386514740,350,1 - Acessar Home,200,OK,Teste de Carga - 250 usuarios 1-32,text,true,,4757,120,250,250,https://www.blazedemo.com/,338,0,0
1774386514123,969,3 - Comprar Passagem,200,OK,Teste de Carga - 250 usuarios 1-92,text,true,,6719,420,250,250,https://www.blazedemo.com/purchase.php,958,0,0
1774386514771,325,2 - Escolher Voo,200,OK,Teste de Carga - 250 usuarios 1-44,text,true,,7381,250,250,250,https://www.blazedemo.com/reserve.php,305,0,0
1774386514165,936,1 - Acessar Home,200,OK,Teste de Carga - 250 usuarios 1-158,text,true,,4757,120,250,250,https://www.blazedemo.com/,924,0,0
1774386514621,488,2 - Escolher Voo,200,OK,Teste de Carga - 250 usuarios 1-140,text,true,,7381,250,250,250,https://www.blazedemo.com/reserve.php,471,0,0
1774386513319,1792,3 - Comprar Passagem,200,OK,Teste de Carga - 250 usuarios 1-47,text,true,,6719,420,250,250,https://www.blazedemo.com/purchase.php,1776,0,0
1774386511040,4075,1 - Acessar Home,200,OK,Teste de Carga - 250 usuarios 1-63,text,true,,4757,120,250,250,https://www.blazedemo.com/,4064,0,0
1774386514580,538,3 - Comprar Passagem,200,OK,Teste de Carga - 250 usuarios 1-80,text,true,,6719,420,250,250,https://www.blazedemo.com/purchase.php,526,0,0
1774386514822,299,1 - Acessar Home,200,OK,Teste de Carga - 250 usuarios 1-39,text,true,,4757,120,250,250,https://www.blazedemo.com/,287,0,0
1774386514850,274,2 - Escolher Voo,200,OK,Teste de Carga - 250 usuarios 1-128,text,true,,7381,250,250,250,https://www.blazedemo.com/reserve.php,256,0,0
1774386514824,300,3 - Comprar Passagem,200,OK,Teste de Carga - 250 usuarios 1-64,text,true,,6719,420,250,250,https://www.blazedemo.com/purchase.php,289,0,0
1774386514844,289,1 - Acessar Home,200,OK,Teste de Carga - 250 usuarios 1-3,text,true,,4757,120,250,250,https://www.blazedemo.com/,279,0,0
1774386512813,2324,2 - Escolher Voo,200,OK,Teste de Carga - 250 usuarios 1-149,text,true,,7381,250,250,250,https://www.blazedemo.com/reserve.php,2303,0,0
1774386514797,344,1 - Acessar Home,200,OK,Teste de Carga - 250 usuarios 1-73,text,true,,4757,120,250,250,https://www.blazedemo.com/,332,0,0
1774386514302,839,3 - Comprar Passagem,200,OK,Teste de Carga - 250 usuarios 1-209,text,true,,6719,420,250,250,https://www.blazedemo.com/purchase.php,828,0,0
1774386514723,418,2 - Escolher Voo,200,OK,Teste de Carga - 250 usuarios 1-24,text,true,,7381,250,250,250,https://www.blazedemo.com/reserve.php,397,0,0
1774386514799,343,2 - Escolher Voo,200,OK,Teste de Carga - 250 usuarios 1-236,text,true,,7381,250,250,250,https://www.blazedemo.com/reserve.php,327,0,0
1774386514533,614,1 - Acessar Home,200,OK,Teste de Carga - 250 usuarios 1-169,text,true,,4757,120,250,250,https://www.blazedemo.com/,603,0,0
1774386514299,849,3 - Comprar Passagem,200,OK,Teste de Carga - 250 usuarios 1-126,text,true,,6719,420,250,250,https://www.blazedemo.com/purchase.php,838,0,0
1774386514842,307,3 - Comprar Passagem,200,OK,Teste de Carga - 250 usuarios 1-137,text,true,,6719,420,250,250,https://www.blazedemo.com/purchase.php,295,0,0
1774386514763,388,2 - Escolher Voo,200,OK,Teste de Carga - 250 usuarios 1-228,text,true,,7381,250,250,250,https://www.blazedemo.com/reserve.php,367,0,0
1774386513092,2063,2 - Escolher Voo,200,OK,Teste de Carga - 250 usuarios 1-196,text,true,,7381,250,250,250,https://www.blazedemo.com/reserve.php,2043,0,0
1774386514445,710,1 - Acessar Home,200,OK,Teste de Carga - 250 usuarios 1-146,text,true,,4757,120,250,250,https://www.blazedemo.com/,698,0,0
1774386514888,277,3 - Comprar Passagem,200,OK,Teste de Carga - 250 usuarios 1-56,text,true,,6719,420,250,250,https://www.blazedemo.com/purchase.php,264,0,0
1774386511299,3882,1 - Acessar Home,200,OK,Teste de Carga - 250 usuarios 1-182,text,true,,4757,120,250,250,https://www.blazedemo.com/,3870,0,0
1774386514850,336,1 - Acessar Home,200,OK,Teste de Carga - 250 usuarios 1-224,text,true,,4757,120,250,250,https://www.blazedemo.com/,325,0,0
1774386514934,257,1 - Acessar Home,200,OK,Teste de Carga - 250 usuarios 1-147,text,true,,4757,120,250,250,https://www.blazedemo.com/,245,0,0
1774386512883,2310,1 - Acessar Home,200,OK,Teste de Carga - 250 usuarios 1-239,text,true,,4757,120,250,250,https://www.blazedemo.com/,2298,0,0
1774386513411,1783,1 - Acessar Home,200,OK,Teste de Carga - 250 usuarios 1-49,text,true,,4757,120,250,250,https://www.blazedemo.com/,1771,0,0
1774386511989,3206,1 - Acessar Home,200,OK,Teste de Carga - 250 usuarios 1-65,text,true,,4757,120,250,250,https://www.blazedemo.com/,3196,0,0
1774386514633,564,3 - Comprar Passagem,200,OK,Teste de Carga - 250 usuarios 1-150,text,true,,6719,420,250,250,https://www.blazedemo.com/purchase.php,552,0,0
1774386514851,347,3 - Comprar Passagem,200,OK,Teste de Carga - 250 usuarios 1-234,text,true,,6719,420,250,250,https://www.blazedemo.com/purchase.php,334,0,0
1774386514351,851,3 - Comprar Passagem,200,OK,Teste de Carga - 250 usuarios 1-86,text,true,,6719,420,250,250,https://www.blazedemo.com/purchase.php,839,0,0
1774386514906,302,1 - Acessar Home,200,OK,Teste de Carga - 250 usuarios 1-53,text,true,,4757,120,250,250,https://www.blazedemo.com/,290,0,0
1774386511084,4129,3 - Comprar Passagem,200,OK,Teste de Carga - 250 usuarios 1-164,text,true,,6719,420,250,250,https://www.blazedemo.com/purchase.php,4116,0,0
1774386514826,391,3 - Comprar Passagem,200,OK,Teste de Carga - 250 usuarios 1-101,text,true,,6719,420,250,250,https://www.blazedemo.com/purchase.php,379,0,0
1774386514905,317,2 - Escolher Voo,200,OK,Teste de Carga - 250 usuarios 1-167,text,true,,7381,250,250,250,https://www.blazedemo.com/reserve.php,298,0,0
1774386514968,258,3 - Comprar Passagem,200,OK,Teste de Carga - 250 usuarios 1-153,text,true,,6719,420,250,250,https://www.blazedemo.com/purchase.php,245,0,0
1774386514893,333,1 - Acessar Home,200,OK,Teste de Carga - 250 usuarios 1-15,text,true,,4757,120,250,250,https://www.blazedemo.com/,320,0,0
1774386514594,640,1 - Acessar Home,200,OK,Teste de Carga - 250 usuarios 1-58,text,true,,4757,120,250,250,https://www.blazedemo.com/,628,0,0
1774386514971,268,2 - Escolher Voo,200,OK,Teste de Carga - 250 usuarios 1-1,text,true,,7381,250,250,250,https://www.blazedemo.com/reserve.php,251,0,0
1774386514961,280,3 - Comprar Passagem,200,OK,Teste de Carga - 250 usuarios 1-2,text,true,,6719,420,250,250,https://www.blazedemo.com/purchase.php,273,0,0
1774386514794,457,1 - Acessar Home,200,OK,Teste de Carga - 250 usuarios 1-77,text,true,,4757,120,250,250,https://www.blazedemo.com/,445,0,0
1774386515004,247,3 - Comprar Passagem,200,OK,Teste de Carga - 250 usuarios 1-242,text,true,,6719,420,250,250,https://www.blazedemo.com/purchase.php,235,0,0
1774386513379,1877,1 - Acessar Home,200,OK,Teste de Carga - 250 usuarios 1-243,text,true,,4757,120,250,250,https://www.blazedemo.com/,1865,0,0
1774386514694,565,2 - Escolher Voo,200,OK,Teste de Carga - 250 usuarios 1-184,text,true,,7381,250,250,250,https://www.blazedemo.com/reserve.php,545,0,0
1774386514531,736,3 - Comprar Passagem,200,OK,Teste de Carga - 250 usuarios 1-133,text,true,,6719,420,250,250,https://www.blazedemo.com/purchase.php,725,0,0
1774386515009,263,1 - Acessar Home,200,OK,Teste de Carga - 250 usuarios 1-93,text,true,,4757,120,250,250,https://www.blazedemo.com/,252,0,0
1774386514890,386,3 - Comprar Passagem,200,OK,Teste de Carga - 250 usuarios 1-97,text,true,,6719,420,250,250,https://www.blazedemo.com/purchase.php,375,0,0
1774386514648,628,2 - Escolher Voo,200,OK,Teste de Carga - 250 usuarios 1-108,text,true,,7381,250,250,250,https://www.blazedemo.com/reserve.php,607,0,0
1774386511555,3721,1 - Acessar Home,200,OK,Teste de Carga - 250 usuarios 1-42,text,true,,4757,120,250,250,https://www.blazedemo.com/,3710,0,0
1774386514971,306,2 - Escolher Voo,200,OK,Teste de Carga - 250 usuarios 1-123,text,true,,7381,250,250,250,https://www.blazedemo.com/reserve.php,288,0,0
1774386514832,452,1 - Acessar Home,200,OK,Teste de Carga - 250 usuarios 1-88,text,true,,4757,120,250,250,https://www.blazedemo.com/,440,0,0
1774386514954,334,3 - Comprar Passagem,200,OK,Teste de Carga - 250 usuarios 1-232,text,true,,6719,420,250,250,https://www.blazedemo.com/purchase.php,322,0,0
1774386512078,3222,2 - Escolher Voo,200,OK,Teste de Carga - 250 usuarios 1-229,text,true,,7381,250,250,250,https://www.blazedemo.com/reserve.php,3201,0,0
1774386512999,2304,1 - Acessar Home,200,OK,Teste de Carga - 250 usuarios 1-145,text,true,,4757,120,250,250,https://www.blazedemo.com/,2292,0,0
1774386514733,571,1 - Acessar Home,200,OK,Teste de Carga - 250 usuarios 1-190,text,true,,4757,120,250,250,https://www.blazedemo.com/,559,0,0
1774386514713,596,3 - Comprar Passagem,200,OK,Teste de Carga - 250 usuarios 1-160,text,true,,6719,420,250,250,https://www.blazedemo.com/purchase.php,584,0,0
1774386514959,353,3 - Comprar Passagem,200,OK,Teste de Carga - 250 usuarios 1-94,text,true,,6719,420,250,250,https://www.blazedemo.com/purchase.php,342,0,0
1774386515044,268,1 - Acessar Home,200,OK,Teste de Carga - 250 usuarios 1-107,text,true,,4757,120,250,250,https://www.blazedemo.com/,257,0,0
1774386515022,291,1 - Acessar Home,200,OK,Teste de Carga - 250 usuarios 1-25,text,true,,4757,120,250,250,https://www.blazedemo.com/,279,0,0
1774386515090,234,2 - Escolher Voo,200,OK,Teste de Carga - 250 usuarios 1-32,text,true,,7381,250,250,250,https://www.blazedemo.com/reserve.php,213,0,0
1774386493765,21564,1 - Acessar Home,200,OK,Teste de Carga - 250 usuarios 1-87,text,true,,4757,120,250,250,https://www.blazedemo.com/,21554,0,21182
1774386515006,328,3 - Comprar Passagem,200,OK,Teste de Carga - 250 usuarios 1-82,text,true,,6719,420,250,250,https://www.blazedemo.com/purchase.php,311,0,0
1774386515010,324,1 - Acessar Home,200,OK,Teste de Carga - 250 usuarios 1-162,text,true,,4757,120,250,250,https://www.blazedemo.com/,312,0,0
1774386515036,301,3 - Comprar Passagem,200,OK,Teste de Carga - 250 usuarios 1-6,text,true,,6719,420,250,250,https://www.blazedemo.com/purchase.php,289,0,0
1774386514949,398,3 - Comprar Passagem,200,OK,Teste de Carga - 250 usuarios 1-95,text,true,,6719,420,250,250,https://www.blazedemo.com/purchase.php,379,0,0
1774386514737,610,2 - Escolher Voo,200,OK,Teste de Carga - 250 usuarios 1-7,text,true,,7381,250,250,250,https://www.blazedemo.com/reserve.php,590,0,0
1774386515009,339,2 - Escolher Voo,200,OK,Teste de Carga - 250 usuarios 1-104,text,true,,7381,250,250,250,https://www.blazedemo.com/reserve.php,322,0,0
1774386515096,264,3 - Comprar Passagem,200,OK,Teste de Carga - 250 usuarios 1-44,text,true,,6719,420,250,250,https://www.blazedemo.com/purchase.php,251,0,0
1774386514781,579,3 - Comprar Passagem,200,OK,Teste de Carga - 250 usuarios 1-110,text,true,,6719,420,250,250,https://www.blazedemo.com/purchase.php,566,0,0
1774386514862,502,3 - Comprar Passagem,200,OK,Teste de Carga - 250 usuarios 1-230,text,true,,6719,420,250,250,https://www.blazedemo.com/purchase.php,490,0,0
1774386513388,1977,1 - Acessar Home,200,OK,Teste de Carga - 250 usuarios 1-191,text,true,,4757,120,250,250,https://www.blazedemo.com/,1965,0,0
1774386514640,736,3 - Comprar Passagem,200,OK,Teste de Carga - 250 usuarios 1-70,text,true,,6719,420,250,250,https://www.blazedemo.com/purchase.php,720,0,0
1774386514977,405,2 - Escolher Voo,200,OK,Teste de Carga - 250 usuarios 1-11,text,true,,7381,250,250,250,https://www.blazedemo.com/reserve.php,385,0,0
1774386515056,326,3 - Comprar Passagem,200,OK,Teste de Carga - 250 usuarios 1-154,text,true,,6719,420,250,250,https://www.blazedemo.com/purchase.php,313,0,0
1774386511767,3619,3 - Comprar Passagem,200,OK,Teste de Carga - 250 usuarios 1-148,text,true,,6719,420,250,250,https://www.blazedemo.com/purchase.php,3608,0,0
1774386515115,273,2 - Escolher Voo,200,OK,Teste de Carga - 250 usuarios 1-63,text,true,,7381,250,250,250,https://www.blazedemo.com/reserve.php,256,0,0
1774386515137,252,3 - Comprar Passagem,200,OK,Teste de Carga - 250 usuarios 1-149,text,true,,6719,420,250,250,https://www.blazedemo.com/purchase.php,239,0,0
1774386515092,297,1 - Acessar Home,200,OK,Teste de Carga - 250 usuarios 1-92,text,true,,4757,120,250,250,https://www.blazedemo.com/,288,0,0
1774386515125,277,1 - Acessar Home,200,OK,Teste de Carga - 250 usuarios 1-64,text,true,,4757,120,250,250,https://www.blazedemo.com/,265,0,0
1774386511306,4096,3 - Comprar Passagem,200,OK,Teste de Carga - 250 usuarios 1-129,text,true,,6719,420,250,250,https://www.blazedemo.com/purchase.php,4083,0,0
1774386515109,302,3 - Comprar Passagem,200,OK,Teste de Carga - 250 usuarios 1-140,text,true,,6719,420,250,250,https://www.blazedemo.com/purchase.php,290,0,0
1774386515037,374,1 - Acessar Home,200,OK,Teste de Carga - 250 usuarios 1-223,text,true,,4757,120,250,250,https://www.blazedemo.com/,363,0,0
1774386515089,328,2 - Escolher Voo,200,OK,Teste de Carga - 250 usuarios 1-213,text,true,,7381,250,250,250,https://www.blazedemo.com/reserve.php,308,0,0
1774386515084,334,2 - Escolher Voo,200,OK,Teste de Carga - 250 usuarios 1-131,text,true,,7381,250,250,250,https://www.blazedemo.com/reserve.php,314,0,0
1774386515122,307,2 - Escolher Voo,200,OK,Teste de Carga - 250 usuarios 1-39,text,true,,7381,250,250,250,https://www.blazedemo.com/reserve.php,286,0,0
1774386515040,395,3 - Comprar Passagem,200,OK,Teste de Carga - 250 usuarios 1-78,text,true,,6719,420,250,250,https://www.blazedemo.com/purchase.php,383,0,0
1774386515165,270,1 - Acessar Home,200,OK,Teste de Carga - 250 usuarios 1-56,text,true,,4757,120,250,250,https://www.blazedemo.com/,258,0,0
1774386514930,505,1 - Acessar Home,200,OK,Teste de Carga - 250 usuarios 1-67,text,true,,4757,120,250,250,https://www.blazedemo.com/,493,0,0
1774386515142,300,3 - Comprar Passagem,200,OK,Teste de Carga - 250 usuarios 1-236,text,true,,6719,420,250,250,https://www.blazedemo.com/purchase.php,288,0,0
1774386515102,343,2 - Escolher Voo,200,OK,Teste de Carga - 250 usuarios 1-158,text,true,,7381,250,250,250,https://www.blazedemo.com/reserve.php,323,0,0
1774386515133,318,2 - Escolher Voo,200,OK,Teste de Carga - 250 usuarios 1-3,text,true,,7381,250,250,250,https://www.blazedemo.com/reserve.php,302,0,0
1774386514733,719,1 - Acessar Home,200,OK,Teste de Carga - 250 usuarios 1-188,text,true,,4757,120,250,250,https://www.blazedemo.com/,702,0,0
1774386515124,329,3 - Comprar Passagem,200,OK,Teste de Carga - 250 usuarios 1-128,text,true,,6719,420,250,250,https://www.blazedemo.com/purchase.php,313,0,0
1774386515141,314,1 - Acessar Home,200,OK,Teste de Carga - 250 usuarios 1-209,text,true,,4757,120,250,250,https://www.blazedemo.com/,303,0,0
1774386511772,3690,1 - Acessar Home,200,OK,Teste de Carga - 250 usuarios 1-46,text,true,,4757,120,250,250,https://www.blazedemo.com/,3677,0,0
1774386515147,316,2 - Escolher Voo,200,OK,Teste de Carga - 250 usuarios 1-169,text,true,,7381,250,250,250,https://www.blazedemo.com/reserve.php,297,0,0
1774386513553,1915,2 - Escolher Voo,200,OK,Teste de Carga - 250 usuarios 1-4,text,true,,7381,250,250,250,https://www.blazedemo.com/reserve.php,1895,0,0
1774386513100,2370,3 - Comprar Passagem,200,OK,Teste de Carga - 250 usuarios 1-124,text,true,,6719,420,250,250,https://www.blazedemo.com/purchase.php,2357,0,0
1774386514700,772,1 - Acessar Home,200,OK,Teste de Carga - 250 usuarios 1-151,text,true,,4757,120,250,250,https://www.blazedemo.com/,760,0,0
1774386514684,788,1 - Acessar Home,200,OK,Teste de Carga - 250 usuarios 1-141,text,true,,4757,120,250,250,https://www.blazedemo.com/,775,0,0
1774386515197,277,1 - Acessar Home,200,OK,Teste de Carga - 250 usuarios 1-150,text,true,,4757,120,250,250,https://www.blazedemo.com/,265,0,0
1774386515198,287,1 - Acessar Home,200,OK,Teste de Carga - 250 usuarios 1-234,text,true,,4757,120,250,250,https://www.blazedemo.com/,276,0,0
1774386515155,343,2 - Escolher Voo,200,OK,Teste de Carga - 250 usuarios 1-146,text,true,,7381,250,250,250,https://www.blazedemo.com/reserve.php,323,0,0
1774386511465,4033,1 - Acessar Home,200,OK,Teste de Carga - 250 usuarios 1-116,text,true,,4757,120,250,250,https://www.blazedemo.com/,4013,0,0
1774386515181,322,2 - Escolher Voo,200,OK,Teste de Carga - 250 usuarios 1-182,text,true,,7381,250,250,250,https://www.blazedemo.com/reserve.php,301,0,0
1774386515257,252,2 - Escolher Voo,200,OK,Teste de Carga - 250 usuarios 1-243,text,true,,7381,250,250,250,https://www.blazedemo.com/reserve.php,232,0,0
1774386513180,2331,2 - Escolher Voo,200,OK,Teste de Carga - 250 usuarios 1-244,text,true,,7381,250,250,250,https://www.blazedemo.com/reserve.php,2311,0,0
1774386513746,1768,1 - Acessar Home,200,OK,Teste de Carga - 250 usuarios 1-227,text,true,,4757,120,250,250,https://www.blazedemo.com/,1756,0,0
1774386515149,368,1 - Acessar Home,200,OK,Teste de Carga - 250 usuarios 1-137,text,true,,4757,120,250,250,https://www.blazedemo.com/,357,0,0
1774386513795,1726,2 - Escolher Voo,200,OK,Teste de Carga - 250 usuarios 1-178,text,true,,7381,250,250,250,https://www.blazedemo.com/reserve.php,1706,0,0
1774386515192,330,2 - Escolher Voo,200,OK,Teste de Carga - 250 usuarios 1-147,text,true,,7381,250,250,250,https://www.blazedemo.com/reserve.php,310,0,0
1774386512175,3354,1 - Acessar Home,200,OK,Teste de Carga - 250 usuarios 1-211,text,true,,4757,120,250,250,https://www.blazedemo.com/,3345,0,0
1774386515213,319,1 - Acessar Home,200,OK,Teste de Carga - 250 usuarios 1-164,text,true,,4757,120,250,250,https://www.blazedemo.com/,307,0,0
1774386515226,308,2 - Escolher Voo,200,OK,Teste de Carga - 250 usuarios 1-15,text,true,,7381,250,250,250,https://www.blazedemo.com/reserve.php,288,0,0
1774386515226,315,1 - Acessar Home,200,OK,Teste de Carga - 250 usuarios 1-153,text,true,,4757,120,250,250,https://www.blazedemo.com/,303,0,0
1774386515223,321,3 - Comprar Passagem,200,OK,Teste de Carga - 250 usuarios 1-167,text,true,,6719,420,250,250,https://www.blazedemo.com/purchase.php,304,0,0
1774386515251,295,2 - Escolher Voo,200,OK,Teste de Carga - 250 usuarios 1-77,text,true,,7381,250,250,250,https://www.blazedemo.com/reserve.php,275,0,0
1774386515015,534,2 - Escolher Voo,200,OK,Teste de Carga - 250 usuarios 1-173,text,true,,7381,250,250,250,https://www.blazedemo.com/reserve.php,517,0,0
1774386511787,3777,3 - Comprar Passagem,200,OK,Teste de Carga - 250 usuarios 1-247,text,true,,6719,420,250,250,https://www.blazedemo.com/purchase.php,3765,0,0
1774386514706,864,1 - Acessar Home,200,OK,Teste de Carga - 250 usuarios 1-34,text,true,,4757,120,250,250,https://www.blazedemo.com/,853,0,0
1774386515251,330,1 - Acessar Home,200,OK,Teste de Carga - 250 usuarios 1-242,text,true,,4757,120,250,250,https://www.blazedemo.com/,318,0,0
1774386515194,390,2 - Escolher Voo,200,OK,Teste de Carga - 250 usuarios 1-49,text,true,,7381,250,250,250,https://www.blazedemo.com/reserve.php,369,0,0
1774386514997,587,2 - Escolher Voo,200,OK,Teste de Carga - 250 usuarios 1-170,text,true,,7381,250,250,250,https://www.blazedemo.com/reserve.php,566,0,0
1774386515187,399,2 - Escolher Voo,200,OK,Teste de Carga - 250 usuarios 1-224,text,true,,7381,250,250,250,https://www.blazedemo.com/reserve.php,378,0,0
1774386511539,4055,3 - Comprar Passagem,200,OK,Teste de Carga - 250 usuarios 1-192,text,true,,6719,420,250,250,https://www.blazedemo.com/purchase.php,4043,0,0
1774386515118,488,1 - Acessar Home,200,OK,Teste de Carga - 250 usuarios 1-80,text,true,,4757,120,250,250,https://www.blazedemo.com/,476,0,0
1774386513787,1824,3 - Comprar Passagem,200,OK,Teste de Carga - 250 usuarios 1-100,text,true,,6719,420,250,250,https://www.blazedemo.com/purchase.php,1809,0,0
1774386514053,1559,3 - Comprar Passagem,200,OK,Teste de Carga - 250 usuarios 1-199,text,true,,6719,420,250,250,https://www.blazedemo.com/purchase.php,1547,0,0
1774386515062,552,3 - Comprar Passagem,200,OK,Teste de Carga - 250 usuarios 1-43,text,true,,6719,420,250,250,https://www.blazedemo.com/purchase.php,546,0,0
1774386514946,670,1 - Acessar Home,200,OK,Teste de Carga - 250 usuarios 1-165,text,true,,4757,120,250,250,https://www.blazedemo.com/,658,0,0
1774386514210,1412,3 - Comprar Passagem,200,OK,Teste de Carga - 250 usuarios 1-220,text,true,,6719,420,250,250,https://www.blazedemo.com/purchase.php,1394,0,0
1774386515360,268,1 - Acessar Home,200,OK,Teste de Carga - 250 usuarios 1-110,text,true,,4757,120,250,250,https://www.blazedemo.com/,257,0,0
1774386515325,309,3 - Comprar Passagem,200,OK,Teste de Carga - 250 usuarios 1-32,text,true,,6719,420,250,250,https://www.blazedemo.com/purchase.php,294,0,0
1774386513269,2367,2 - Escolher Voo,200,OK,Teste de Carga - 250 usuarios 1-76,text,true,,7381,250,250,250,https://www.blazedemo.com/reserve.php,2350,0,0
1774386515382,254,1 - Acessar Home,200,OK,Teste de Carga - 250 usuarios 1-154,text,true,,4757,120,250,250,https://www.blazedemo.com/,242,0,0
1774386515330,306,2 - Escolher Voo,200,OK,Teste de Carga - 250 usuarios 1-87,text,true,,7381,250,250,250,https://www.blazedemo.com/reserve.php,287,0,0
1774386515069,576,2 - Escolher Voo,200,OK,Teste de Carga - 250 usuarios 1-198,text,true,,7381,250,250,250,https://www.blazedemo.com/reserve.php,555,0,0
1774386512223,3422,3 - Comprar Passagem,200,OK,Teste de Carga - 250 usuarios 1-235,text,true,,6719,420,250,250,https://www.blazedemo.com/purchase.php,3410,0,0
1774386515402,245,2 - Escolher Voo,200,OK,Teste de Carga - 250 usuarios 1-64,text,true,,7381,250,250,250,https://www.blazedemo.com/reserve.php,226,0,0
1774386515360,290,1 - Acessar Home,200,OK,Teste de Carga - 250 usuarios 1-44,text,true,,4757,120,250,250,https://www.blazedemo.com/,278,0,0
1774386515193,463,2 - Escolher Voo,200,OK,Teste de Carga - 250 usuarios 1-239,text,true,,7381,250,250,250,https://www.blazedemo.com/reserve.php,447,0,0
1774386511938,3728,1 - Acessar Home,200,OK,Teste de Carga - 250 usuarios 1-14,text,true,,4757,120,250,250,https://www.blazedemo.com/,3714,0,0
1774386515348,319,3 - Comprar Passagem,200,OK,Teste de Carga - 250 usuarios 1-104,text,true,,6719,420,250,250,https://www.blazedemo.com/purchase.php,306,0,0
1774386514937,743,1 - Acessar Home,200,OK,Teste de Carga - 250 usuarios 1-217,text,true,,4757,120,250,250,https://www.blazedemo.com/,731,0,0
1774386515376,304,1 - Acessar Home,200,OK,Teste de Carga - 250 usuarios 1-70,text,true,,4757,120,250,250,https://www.blazedemo.com/,292,0,0
1774386515081,599,2 - Escolher Voo,200,OK,Teste de Carga - 250 usuarios 1-214,text,true,,7381,250,250,250,https://www.blazedemo.com/reserve.php,579,0,0
1774386514929,754,1 - Acessar Home,200,OK,Teste de Carga - 250 usuarios 1-23,text,true,,4757,120,250,250,https://www.blazedemo.com/,742,0,0
1774386515418,267,3 - Comprar Passagem,200,OK,Teste de Carga - 250 usuarios 1-131,text,true,,6719,420,250,250,https://www.blazedemo.com/purchase.php,257,0,0
1774386515411,282,1 - Acessar Home,200,OK,Teste de Carga - 250 usuarios 1-140,text,true,,4757,120,250,250,https://www.blazedemo.com/,271,0,0
1774386515435,258,1 - Acessar Home,200,OK,Teste de Carga - 250 usuarios 1-78,text,true,,4757,120,250,250,https://www.blazedemo.com/,247,0,0
1774386511566,4130,1 - Acessar Home,200,OK,Teste de Carga - 250 usuarios 1-193,text,true,,4757,120,250,250,https://www.blazedemo.com/,4118,0,0
1774386515309,397,1 - Acessar Home,200,OK,Teste de Carga - 250 usuarios 1-160,text,true,,4757,120,250,250,https://www.blazedemo.com/,384,0,0
1774386515365,346,2 - Escolher Voo,200,OK,Teste de Carga - 250 usuarios 1-191,text,true,,7381,250,250,250,https://www.blazedemo.com/reserve.php,326,0,0
1774386515435,277,2 - Escolher Voo,200,OK,Teste de Carga - 250 usuarios 1-67,text,true,,7381,250,250,250,https://www.blazedemo.com/reserve.php,257,0,0
1774386515417,298,3 - Comprar Passagem,200,OK,Teste de Carga - 250 usuarios 1-213,text,true,,6719,420,250,250,https://www.blazedemo.com/purchase.php,287,0,0
1774386515364,351,1 - Acessar Home,200,OK,Teste de Carga - 250 usuarios 1-230,text,true,,4757,120,250,250,https://www.blazedemo.com/,340,0,0
1774386515451,268,3 - Comprar Passagem,200,OK,Teste de Carga - 250 usuarios 1-3,text,true,,6719,420,250,250,https://www.blazedemo.com/purchase.php,256,0,0
1774386515313,409,2 - Escolher Voo,200,OK,Teste de Carga - 250 usuarios 1-25,text,true,,7381,250,250,250,https://www.blazedemo.com/reserve.php,389,0,0
1774386514414,1312,2 - Escolher Voo,200,OK,Teste de Carga - 250 usuarios 1-238,text,true,,7381,250,250,250,https://www.blazedemo.com/reserve.php,1292,0,0
1774386515388,340,3 - Comprar Passagem,200,OK,Teste de Carga - 250 usuarios 1-63,text,true,,6719,420,250,250,https://www.blazedemo.com/purchase.php,328,0,0
1774386515485,252,2 - Escolher Voo,200,OK,Teste de Carga - 250 usuarios 1-234,text,true,,7381,250,250,250,https://www.blazedemo.com/reserve.php,230,0,0
1774386513340,2397,1 - Acessar Home,200,OK,Teste de Carga - 250 usuarios 1-204,text,true,,4757,120,250,250,https://www.blazedemo.com/,2387,0,0
1774386515389,352,2 - Escolher Voo,200,OK,Teste de Carga - 250 usuarios 1-92,text,true,,7381,250,250,250,https://www.blazedemo.com/reserve.php,332,0,0
1774386515208,533,2 - Escolher Voo,200,OK,Teste de Carga - 250 usuarios 1-53,text,true,,7381,250,250,250,https://www.blazedemo.com/reserve.php,512,0,0
1774386515337,405,1 - Acessar Home,200,OK,Teste de Carga - 250 usuarios 1-6,text,true,,4757,120,250,250,https://www.blazedemo.com/,392,0,0
1774386515412,330,2 - Escolher Voo,200,OK,Teste de Carga - 250 usuarios 1-223,text,true,,7381,250,250,250,https://www.blazedemo.com/reserve.php,309,0,0
1774386514297,1447,3 - Comprar Passagem,200,OK,Teste de Carga - 250 usuarios 1-98,text,true,,6719,420,250,250,https://www.blazedemo.com/purchase.php,1441,0,0
1774386512083,3677,2 - Escolher Voo,200,OK,Teste de Carga - 250 usuarios 1-9,text,true,,7381,250,250,250,https://www.blazedemo.com/reserve.php,3657,0,0
1774386515312,453,1 - Acessar Home,200,OK,Teste de Carga - 250 usuarios 1-94,text,true,,4757,120,250,250,https://www.blazedemo.com/,442,0,0
1774386515217,557,1 - Acessar Home,200,OK,Teste de Carga - 250 usuarios 1-101,text,true,,4757,120,250,250,https://www.blazedemo.com/,544,0,0
1774386515456,319,2 - Escolher Voo,200,OK,Teste de Carga - 250 usuarios 1-209,text,true,,7381,250,250,250,https://www.blazedemo.com/reserve.php,297,0,0
1774386515239,540,3 - Comprar Passagem,200,OK,Teste de Carga - 250 usuarios 1-1,text,true,,6719,420,250,250,https://www.blazedemo.com/purchase.php,528,0,0
1774386514999,781,3 - Comprar Passagem,200,OK,Teste de Carga - 250 usuarios 1-85,text,true,,6719,420,250,250,https://www.blazedemo.com/purchase.php,769,0,0
1774386515429,356,3 - Comprar Passagem,200,OK,Teste de Carga - 250 usuarios 1-39,text,true,,6719,420,250,250,https://www.blazedemo.com/purchase.php,345,0,0
1774386515012,775,2 - Escolher Voo,200,OK,Teste de Carga - 250 usuarios 1-29,text,true,,7381,250,250,250,https://www.blazedemo.com/reserve.php,754,0,0
1774386515234,559,2 - Escolher Voo,200,OK,Teste de Carga - 250 usuarios 1-58,text,true,,7381,250,250,250,https://www.blazedemo.com/reserve.php,538,0,0
1774386511658,4139,3 - Comprar Passagem,200,OK,Teste de Carga - 250 usuarios 1-30,text,true,,6719,420,250,250,https://www.blazedemo.com/purchase.php,4127,0,0
1774386515509,291,3 - Comprar Passagem,200,OK,Teste de Carga - 250 usuarios 1-243,text,true,,6719,420,250,250,https://www.blazedemo.com/purchase.php,280,0,0
1774386515514,294,2 - Escolher Voo,200,OK,Teste de Carga - 250 usuarios 1-227,text,true,,7381,250,250,250,https://www.blazedemo.com/reserve.php,274,0,0
1774386515532,286,2 - Escolher Voo,200,OK,Teste de Carga - 250 usuarios 1-164,text,true,,7381,250,250,250,https://www.blazedemo.com/reserve.php,265,0,0
1774386515442,376,1 - Acessar Home,200,OK,Teste de Carga - 250 usuarios 1-236,text,true,,4757,120,250,250,https://www.blazedemo.com/,364,0,0
1774386515544,276,1 - Acessar Home,200,OK,Teste de Carga - 250 usuarios 1-167,text,true,,4757,120,250,250,https://www.blazedemo.com/,264,0,0
1774386515242,599,1 - Acessar Home,200,OK,Teste de Carga - 250 usuarios 1-2,text,true,,4757,120,250,250,https://www.blazedemo.com/,587,0,0
1774386513588,2257,3 - Comprar Passagem,200,OK,Teste de Carga - 250 usuarios 1-210,text,true,,6719,420,250,250,https://www.blazedemo.com/purchase.php,2246,0,0
1774386515453,393,1 - Acessar Home,200,OK,Teste de Carga - 250 usuarios 1-128,text,true,,4757,120,250,250,https://www.blazedemo.com/,381,0,0
1774386515511,338,3 - Comprar Passagem,200,OK,Teste de Carga - 250 usuarios 1-244,text,true,,6719,420,250,250,https://www.blazedemo.com/purchase.php,323,0,0
1774386515498,353,3 - Comprar Passagem,200,OK,Teste de Carga - 250 usuarios 1-146,text,true,,6719,420,250,250,https://www.blazedemo.com/purchase.php,341,0,0
1774386515530,321,2 - Escolher Voo,200,OK,Teste de Carga - 250 usuarios 1-211,text,true,,7381,250,250,250,https://www.blazedemo.com/reserve.php,300,0,0
1774386515382,470,3 - Comprar Passagem,200,OK,Teste de Carga - 250 usuarios 1-11,text,true,,6719,420,250,250,https://www.blazedemo.com/purchase.php,451,0,0
1774386512109,3745,2 - Escolher Voo,200,OK,Teste de Carga - 250 usuarios 1-200,text,true,,7381,250,250,250,https://www.blazedemo.com/reserve.php,3725,0,0
1774386515521,335,3 - Comprar Passagem,200,OK,Teste de Carga - 250 usuarios 1-178,text,true,,6719,420,250,250,https://www.blazedemo.com/purchase.php,323,0,0
1774386515277,580,3 - Comprar Passagem,200,OK,Teste de Carga - 250 usuarios 1-123,text,true,,6719,420,250,250,https://www.blazedemo.com/purchase.php,569,0,0
1774386514472,1394,2 - Escolher Voo,200,OK,Teste de Carga - 250 usuarios 1-249,text,true,,7381,250,250,250,https://www.blazedemo.com/reserve.php,1374,0,0
1774386515464,409,3 - Comprar Passagem,200,OK,Teste de Carga - 250 usuarios 1-169,text,true,,6719,420,250,250,https://www.blazedemo.com/purchase.php,396,0,0
1774386511805,4087,1 - Acessar Home,200,OK,Teste de Carga - 250 usuarios 1-144,text,true,,4757,120,250,250,https://www.blazedemo.com/,4075,0,0
1774386515636,268,3 - Comprar Passagem,200,OK,Teste de Carga - 250 usuarios 1-76,text,true,,6719,420,250,250,https://www.blazedemo.com/purchase.php,256,0,0
1774386515452,452,2 - Escolher Voo,200,OK,Teste de Carga - 250 usuarios 1-188,text,true,,7381,250,250,250,https://www.blazedemo.com/reserve.php,431,0,0
1774386515535,371,3 - Comprar Passagem,200,OK,Teste de Carga - 250 usuarios 1-15,text,true,,6719,420,250,250,https://www.blazedemo.com/purchase.php,359,0,0
1774386515546,360,3 - Comprar Passagem,200,OK,Teste de Carga - 250 usuarios 1-77,text,true,,6719,420,250,250,https://www.blazedemo.com/purchase.php,346,0,0
1774386515288,621,1 - Acessar Home,200,OK,Teste de Carga - 250 usuarios 1-232,text,true,,4757,120,250,250,https://www.blazedemo.com/,608,0,0
1774386515584,328,3 - Comprar Passagem,200,OK,Teste de Carga - 250 usuarios 1-170,text,true,,6719,420,250,250,https://www.blazedemo.com/purchase.php,316,0,0
1774386512226,3687,3 - Comprar Passagem,200,OK,Teste de Carga - 250 usuarios 1-50,text,true,,6719,420,250,250,https://www.blazedemo.com/purchase.php,3671,0,0
1774386515636,286,2 - Escolher Voo,200,OK,Teste de Carga - 250 usuarios 1-154,text,true,,7381,250,250,250,https://www.blazedemo.com/reserve.php,264,0,0
1774386515347,578,3 - Comprar Passagem,200,OK,Teste de Carga - 250 usuarios 1-7,text,true,,6719,420,250,250,https://www.blazedemo.com/purchase.php,559,0,0
1774386515435,490,2 - Escolher Voo,200,OK,Teste de Carga - 250 usuarios 1-56,text,true,,7381,250,250,250,https://www.blazedemo.com/reserve.php,474,0,0
1774386515629,297,2 - Escolher Voo,200,OK,Teste de Carga - 250 usuarios 1-110,text,true,,7381,250,250,250,https://www.blazedemo.com/reserve.php,277,0,0
1774386515612,315,1 - Acessar Home,200,OK,Teste de Carga - 250 usuarios 1-199,text,true,,4757,120,250,250,https://www.blazedemo.com/,303,0,0
1774386515616,319,2 - Escolher Voo,200,OK,Teste de Carga - 250 usuarios 1-165,text,true,,7381,250,250,250,https://www.blazedemo.com/reserve.php,300,0,0
1774386515657,283,3 - Comprar Passagem,200,OK,Teste de Carga - 250 usuarios 1-239,text,true,,6719,420,250,250,https://www.blazedemo.com/purchase.php,268,0,0
1774386512159,3794,1 - Acessar Home,200,OK,Teste de Carga - 250 usuarios 1-13,text,true,,4757,120,250,250,https://www.blazedemo.com/,3782,0,0
1774386515549,413,3 - Comprar Passagem,200,OK,Teste de Carga - 250 usuarios 1-173,text,true,,6719,420,250,250,https://www.blazedemo.com/purchase.php,401,0,0
1774386515666,297,2 - Escolher Voo,200,OK,Teste de Carga - 250 usuarios 1-14,text,true,,7381,250,250,250,https://www.blazedemo.com/reserve.php,276,0,0
1774386515472,494,2 - Escolher Voo,200,OK,Teste de Carga - 250 usuarios 1-141,text,true,,7381,250,250,250,https://www.blazedemo.com/reserve.php,473,0,0
1774386513646,2322,1 - Acessar Home,200,OK,Teste de Carga - 250 usuarios 1-216,text,true,,4757,120,250,250,https://www.blazedemo.com/,2310,0,0
1774386514932,1038,1 - Acessar Home,200,OK,Teste de Carga - 250 usuarios 1-168,text,true,,4757,120,250,250,https://www.blazedemo.com/,1028,0,0
1774386515300,682,3 - Comprar Passagem,200,OK,Teste de Carga - 250 usuarios 1-229,text,true,,6719,420,250,250,https://www.blazedemo.com/purchase.php,670,0,0
1774386515564,426,1 - Acessar Home,200,OK,Teste de Carga - 250 usuarios 1-247,text,true,,4757,120,250,250,https://www.blazedemo.com/,414,0,0
1774386515696,300,2 - Escolher Voo,200,OK,Teste de Carga - 250 usuarios 1-193,text,true,,7381,250,250,250,https://www.blazedemo.com/reserve.php,279,0,0
1774386515636,360,3 - Comprar Passagem,200,OK,Teste de Carga - 250 usuarios 1-87,text,true,,6719,420,250,250,https://www.blazedemo.com/purchase.php,348,0,0
1774386515645,356,3 - Comprar Passagem,200,OK,Teste de Carga - 250 usuarios 1-198,text,true,,6719,420,250,250,https://www.blazedemo.com/purchase.php,344,0,0
1774386513959,2047,2 - Escolher Voo,200,OK,Teste de Carga - 250 usuarios 1-172,text,true,,7381,250,250,250,https://www.blazedemo.com/reserve.php,2027,0,0
1774386515719,294,1 - Acessar Home,200,OK,Teste de Carga - 250 usuarios 1-3,text,true,,4757,120,250,250,https://www.blazedemo.com/,282,0,0
1774386515650,365,2 - Escolher Voo,200,OK,Teste de Carga - 250 usuarios 1-44,text,true,,7381,250,250,250,https://www.blazedemo.com/reserve.php,344,0,0
1774386515141,874,3 - Comprar Passagem,200,OK,Teste de Carga - 250 usuarios 1-24,text,true,,6719,420,250,250,https://www.blazedemo.com/purchase.php,863,0,0
1774386515518,503,2 - Escolher Voo,200,OK,Teste de Carga - 250 usuarios 1-137,text,true,,7381,250,250,250,https://www.blazedemo.com/reserve.php,484,0,0
1774386515776,247,3 - Comprar Passagem,200,OK,Teste de Carga - 250 usuarios 1-209,text,true,,6719,420,250,250,https://www.blazedemo.com/purchase.php,234,0,0
1774386515726,297,3 - Comprar Passagem,200,OK,Teste de Carga - 250 usuarios 1-238,text,true,,6719,420,250,250,https://www.blazedemo.com/purchase.php,285,0,0
1774386515744,281,1 - Acessar Home,200,OK,Teste de Carga - 250 usuarios 1-98,text,true,,4757,120,250,250,https://www.blazedemo.com/,267,0,0
1774386515741,287,3 - Comprar Passagem,200,OK,Teste de Carga - 250 usuarios 1-53,text,true,,6719,420,250,250,https://www.blazedemo.com/purchase.php,271,0,0
1774386515728,300,1 - Acessar Home,200,OK,Teste de Carga - 250 usuarios 1-63,text,true,,4757,120,250,250,https://www.blazedemo.com/,288,0,0
1774386515542,489,2 - Escolher Voo,200,OK,Teste de Carga - 250 usuarios 1-153,text,true,,7381,250,250,250,https://www.blazedemo.com/reserve.php,469,0,0
1774386515706,327,2 - Escolher Voo,200,OK,Teste de Carga - 250 usuarios 1-160,text,true,,7381,250,250,250,https://www.blazedemo.com/reserve.php,304,0,0
1774386515586,451,3 - Comprar Passagem,200,OK,Teste de Carga - 250 usuarios 1-224,text,true,,6719,420,250,250,https://www.blazedemo.com/purchase.php,439,0,0
1774386515711,327,3 - Comprar Passagem,200,OK,Teste de Carga - 250 usuarios 1-191,text,true,,6719,420,250,250,https://www.blazedemo.com/purchase.php,316,0,0
1774386515797,248,1 - Acessar Home,200,OK,Teste de Carga - 250 usuarios 1-30,text,true,,4757,120,250,250,https://www.blazedemo.com/,236,0,0
1774386515808,238,3 - Comprar Passagem,200,OK,Teste de Carga - 250 usuarios 1-227,text,true,,6719,420,250,250,https://www.blazedemo.com/purchase.php,226,0,0
1774386512178,3874,3 - Comprar Passagem,200,OK,Teste de Carga - 250 usuarios 1-111,text,true,,6719,420,250,250,https://www.blazedemo.com/purchase.php,3862,0,0
1774386515715,343,2 - Escolher Voo,200,OK,Teste de Carga - 250 usuarios 1-230,text,true,,7381,250,250,250,https://www.blazedemo.com/reserve.php,322,0,0
1774386515334,731,2 - Escolher Voo,200,OK,Teste de Carga - 250 usuarios 1-162,text,true,,7385,250,250,250,https://www.blazedemo.com/reserve.php,711,0,0
1774386515760,316,3 - Comprar Passagem,200,OK,Teste de Carga - 250 usuarios 1-9,text,true,,6719,420,250,250,https://www.blazedemo.com/purchase.php,303,0,0
1774386515800,280,1 - Acessar Home,200,OK,Teste de Carga - 250 usuarios 1-243,text,true,,4757,120,250,250,https://www.blazedemo.com/,269,0,0
1774386515667,419,1 - Acessar Home,200,OK,Teste de Carga - 250 usuarios 1-104,text,true,,4757,120,250,250,https://www.blazedemo.com/,407,0,0
1774386513725,2362,3 - Comprar Passagem,200,OK,Teste de Carga - 250 usuarios 1-118,text,true,,6719,420,250,250,https://www.blazedemo.com/purchase.php,2350,0,0
1774386515742,352,3 - Comprar Passagem,200,OK,Teste de Carga - 250 usuarios 1-223,text,true,,6719,420,250,250,https://www.blazedemo.com/purchase.php,338,0,0
1774386515680,417,2 - Escolher Voo,200,OK,Teste de Carga - 250 usuarios 1-70,text,true,,7381,250,250,250,https://www.blazedemo.com/reserve.php,395,0,0
1774386515856,247,1 - Acessar Home,200,OK,Teste de Carga - 250 usuarios 1-178,text,true,,4757,120,250,250,https://www.blazedemo.com/,237,0,0
1774386515693,413,2 - Escolher Voo,200,OK,Teste de Carga - 250 usuarios 1-78,text,true,,7381,250,250,250,https://www.blazedemo.com/reserve.php,393,0,0
1774386514020,2086,3 - Comprar Passagem,200,OK,Teste de Carga - 250 usuarios 1-240,text,true,,6719,420,250,250,https://www.blazedemo.com/purchase.php,2074,0,0
1774386515781,333,1 - Acessar Home,200,OK,Teste de Carga - 250 usuarios 1-85,text,true,,4757,120,250,250,https://www.blazedemo.com/,321,0,0
1774386515584,531,3 - Comprar Passagem,200,OK,Teste de Carga - 250 usuarios 1-49,text,true,,6719,420,250,250,https://www.blazedemo.com/purchase.php,520,0,0
1774386515851,270,1 - Acessar Home,200,OK,Teste de Carga - 250 usuarios 1-146,text,true,,4757,120,250,250,https://www.blazedemo.com/,258,0,0
1774386515846,276,2 - Escolher Voo,200,OK,Teste de Carga - 250 usuarios 1-128,text,true,,7381,250,250,250,https://www.blazedemo.com/reserve.php,257,0,0
1774386515737,388,2 - Escolher Voo,200,OK,Teste de Carga - 250 usuarios 1-204,text,true,,7381,250,250,250,https://www.blazedemo.com/reserve.php,367,0,0
1774386515866,259,3 - Comprar Passagem,200,OK,Teste de Carga - 250 usuarios 1-249,text,true,,6719,420,250,250,https://www.blazedemo.com/purchase.php,246,0,0
1774386515853,284,1 - Acessar Home,200,OK,Teste de Carga - 250 usuarios 1-11,text,true,,4757,120,250,250,https://www.blazedemo.com/,272,0,0
1774386515765,376,2 - Escolher Voo,200,OK,Teste de Carga - 250 usuarios 1-94,text,true,,7381,250,250,250,https://www.blazedemo.com/reserve.php,356,0,0
1774386515259,888,3 - Comprar Passagem,200,OK,Teste de Carga - 250 usuarios 1-184,text,true,,6719,420,250,250,https://www.blazedemo.com/purchase.php,871,0,0
1774386512706,3457,1 - Acessar Home,200,OK,Teste de Carga - 250 usuarios 1-18,text,true,,4757,120,250,250,https://www.blazedemo.com/,3443,0,0
1774386515906,264,1 - Acessar Home,200,OK,Teste de Carga - 250 usuarios 1-15,text,true,,4757,120,250,250,https://www.blazedemo.com/,251,0,0
1774386515793,393,3 - Comprar Passagem,200,OK,Teste de Carga - 250 usuarios 1-58,text,true,,6719,420,250,250,https://www.blazedemo.com/purchase.php,380,0,0
1774386515472,726,2 - Escolher Voo,200,OK,Teste de Carga - 250 usuarios 1-151,text,true,,7381,250,250,250,https://www.blazedemo.com/reserve.php,709,0,0
1774386515925,277,3 - Comprar Passagem,200,OK,Teste de Carga - 250 usuarios 1-56,text,true,,6719,420,250,250,https://www.blazedemo.com/purchase.php,263,0,0
1774386515742,460,2 - Escolher Voo,200,OK,Teste de Carga - 250 usuarios 1-6,text,true,,7381,250,250,250,https://www.blazedemo.com/reserve.php,441,0,0
1774386515935,272,3 - Comprar Passagem,200,OK,Teste de Carga - 250 usuarios 1-165,text,true,,6719,420,250,250,https://www.blazedemo.com/purchase.php,261,0,0
1774386512105,4106,3 - Comprar Passagem,200,OK,Teste de Carga - 250 usuarios 1-138,text,true,,6719,420,250,250,https://www.blazedemo.com/purchase.php,4094,0,0
1774386513861,2350,1 - Acessar Home,200,OK,Teste de Carga - 250 usuarios 1-194,text,true,,4757,120,250,250,https://www.blazedemo.com/,2338,0,0
1774386515906,308,1 - Acessar Home,200,OK,Teste de Carga - 250 usuarios 1-77,text,true,,4757,120,250,250,https://www.blazedemo.com/,297,0,0
1774386512165,4049,1 - Acessar Home,200,OK,Teste de Carga - 250 usuarios 1-161,text,true,,4757,120,250,250,https://www.blazedemo.com/,4036,0,0
1774386515693,522,2 - Escolher Voo,200,OK,Teste de Carga - 250 usuarios 1-140,text,true,,7381,250,250,250,https://www.blazedemo.com/reserve.php,503,0,0
1774386515926,296,3 - Comprar Passagem,200,OK,Teste de Carga - 250 usuarios 1-110,text,true,,6719,420,250,250,https://www.blazedemo.com/purchase.php,283,0,0
1774386515941,288,1 - Acessar Home,200,OK,Teste de Carga - 250 usuarios 1-239,text,true,,4757,120,250,250,https://www.blazedemo.com/,278,0,0
1774386515904,331,3 - Comprar Passagem,200,OK,Teste de Carga - 250 usuarios 1-188,text,true,,6719,420,250,250,https://www.blazedemo.com/purchase.php,313,0,0
1774386515963,275,3 - Comprar Passagem,200,OK,Teste de Carga - 250 usuarios 1-14,text,true,,6719,420,250,250,https://www.blazedemo.com/purchase.php,258,0,0
1774386512652,3588,1 - Acessar Home,200,OK,Teste de Carga - 250 usuarios 1-12,text,true,,4757,120,250,250,https://www.blazedemo.com/,3573,0,0
1774386515970,286,2 - Escolher Voo,200,OK,Teste de Carga - 250 usuarios 1-168,text,true,,7381,250,250,250,https://www.blazedemo.com/reserve.php,266,0,0
1774386515818,439,2 - Escolher Voo,200,OK,Teste de Carga - 250 usuarios 1-236,text,true,,7381,250,250,250,https://www.blazedemo.com/reserve.php,419,0,0
1774386515913,348,1 - Acessar Home,200,OK,Teste de Carga - 250 usuarios 1-50,text,true,,4757,120,250,250,https://www.blazedemo.com/,343,0,0
1774386515854,414,3 - Comprar Passagem,200,OK,Teste de Carga - 250 usuarios 1-200,text,true,,6719,420,250,250,https://www.blazedemo.com/purchase.php,402,0,0
1774386515851,423,3 - Comprar Passagem,200,OK,Teste de Carga - 250 usuarios 1-211,text,true,,6719,420,250,250,https://www.blazedemo.com/purchase.php,408,0,0
1774386515909,367,2 - Escolher Voo,200,OK,Teste de Carga - 250 usuarios 1-232,text,true,,7381,250,250,250,https://www.blazedemo.com/reserve.php,347,0,0
1774386512699,3587,3 - Comprar Passagem,200,OK,Teste de Carga - 250 usuarios 1-237,text,true,,6719,420,250,250,https://www.blazedemo.com/purchase.php,3575,0,0
1774386515969,325,2 - Escolher Voo,200,OK,Teste de Carga - 250 usuarios 1-216,text,true,,7381,250,250,250,https://www.blazedemo.com/reserve.php,305,0,0
1774386516028,271,1 - Acessar Home,200,OK,Teste de Carga - 250 usuarios 1-53,text,true,,4757,120,250,250,https://www.blazedemo.com/,257,0,0
1774386515634,669,1 - Acessar Home,200,OK,Teste de Carga - 250 usuarios 1-32,text,true,,4757,120,250,250,https://www.blazedemo.com/,656,0,0
1774386514076,2235,1 - Acessar Home,200,OK,Teste de Carga - 250 usuarios 1-119,text,true,,4757,120,250,250,https://www.blazedemo.com/,2224,0,0
1774386515611,702,1 - Acessar Home,200,OK,Teste de Carga - 250 usuarios 1-100,text,true,,4757,120,250,250,https://www.blazedemo.com/,690,0,0
1774386516065,249,3 - Comprar Passagem,200,OK,Teste de Carga - 250 usuarios 1-162,text,true,,6719,420,250,250,https://www.blazedemo.com/purchase.php,237,0,0
1774386515996,323,3 - Comprar Passagem,200,OK,Teste de Carga - 250 usuarios 1-193,text,true,,6719,420,250,250,https://www.blazedemo.com/purchase.php,311,0,0
1774386515615,707,1 - Acessar Home,200,OK,Teste de Carga - 250 usuarios 1-43,text,true,,4757,120,250,250,https://www.blazedemo.com/,694,0,0
1774386513893,2430,2 - Escolher Voo,200,OK,Teste de Carga - 250 usuarios 1-132,text,true,,7381,250,250,250,https://www.blazedemo.com/reserve.php,2414,0,0
1774386516059,266,3 - Comprar Passagem,200,OK,Teste de Carga - 250 usuarios 1-230,text,true,,6719,420,250,250,https://www.blazedemo.com/purchase.php,250,0,0
1774386516023,305,1 - Acessar Home,200,OK,Teste de Carga - 250 usuarios 1-209,text,true,,4757,120,250,250,https://www.blazedemo.com/,293,0,0
1774386512323,4012,2 - Escolher Voo,200,OK,Teste de Carga - 250 usuarios 1-55,text,true,,7381,250,250,250,https://www.blazedemo.com/reserve.php,3993,0,0
1774386516001,341,1 - Acessar Home,200,OK,Teste de Carga - 250 usuarios 1-198,text,true,,4757,120,250,250,https://www.blazedemo.com/,324,0,0
1774386515737,608,3 - Comprar Passagem,200,OK,Teste de Carga - 250 usuarios 1-234,text,true,,6719,420,250,250,https://www.blazedemo.com/purchase.php,596,0,0
1774386516025,322,2 - Escolher Voo,200,OK,Teste de Carga - 250 usuarios 1-98,text,true,,7381,250,250,250,https://www.blazedemo.com/reserve.php,303,0,0
1774386512313,4039,1 - Acessar Home,200,OK,Teste de Carga - 250 usuarios 1-185,text,true,,4757,120,250,250,https://www.blazedemo.com/,4026,0,0
1774386515922,433,3 - Comprar Passagem,200,OK,Teste de Carga - 250 usuarios 1-154,text,true,,6719,420,250,250,https://www.blazedemo.com/purchase.php,421,0,0
1774386515953,411,2 - Escolher Voo,200,OK,Teste de Carga - 250 usuarios 1-13,text,true,,7381,250,250,250,https://www.blazedemo.com/reserve.php,391,0,0
1774386516015,353,3 - Comprar Passagem,200,OK,Teste de Carga - 250 usuarios 1-44,text,true,,6719,420,250,250,https://www.blazedemo.com/purchase.php,340,0,0
1774386516122,247,3 - Comprar Passagem,200,OK,Teste de Carga - 250 usuarios 1-128,text,true,,6719,420,250,250,https://www.blazedemo.com/purchase.php,236,0,0
1774386515966,408,3 - Comprar Passagem,200,OK,Teste de Carga - 250 usuarios 1-141,text,true,,6719,420,250,250,https://www.blazedemo.com/purchase.php,397,0,0
1774386516114,262,2 - Escolher Voo,200,OK,Teste de Carga - 250 usuarios 1-85,text,true,,7381,250,250,250,https://www.blazedemo.com/reserve.php,241,0,0
1774386515645,733,1 - Acessar Home,200,OK,Teste de Carga - 250 usuarios 1-235,text,true,,4757,120,250,250,https://www.blazedemo.com/,720,0,0
1774386515991,389,2 - Escolher Voo,200,OK,Teste de Carga - 250 usuarios 1-247,text,true,,7381,250,250,250,https://www.blazedemo.com/reserve.php,367,0,0
1774386515997,387,1 - Acessar Home,200,OK,Teste de Carga - 250 usuarios 1-87,text,true,,4757,120,250,250,https://www.blazedemo.com/,376,0,0
1774386512759,3634,1 - Acessar Home,200,OK,Teste de Carga - 250 usuarios 1-10,text,true,,4757,120,250,250,https://www.blazedemo.com/,3623,0,0
1774386516076,328,1 - Acessar Home,200,OK,Teste de Carga - 250 usuarios 1-9,text,true,,4757,120,250,250,https://www.blazedemo.com/,316,0,0
1774386513967,2455,3 - Comprar Passagem,200,OK,Teste de Carga - 250 usuarios 1-134,text,true,,6719,420,250,250,https://www.blazedemo.com/purchase.php,2444,0,0
1774386512908,3517,3 - Comprar Passagem,200,OK,Teste de Carga - 250 usuarios 1-171,text,true,,6719,420,250,250,https://www.blazedemo.com/purchase.php,3505,0,0
1774386515927,505,2 - Escolher Voo,200,OK,Teste de Carga - 250 usuarios 1-199,text,true,,7381,250,250,250,https://www.blazedemo.com/reserve.php,485,0,0
1774386514076,2357,3 - Comprar Passagem,200,OK,Teste de Carga - 250 usuarios 1-106,text,true,,6719,420,250,250,https://www.blazedemo.com/purchase.php,2344,0,0
1774386516164,273,2 - Escolher Voo,200,OK,Teste de Carga - 250 usuarios 1-18,text,true,,7381,250,250,250,https://www.blazedemo.com/reserve.php,253,0,0
1774386516098,342,3 - Comprar Passagem,200,OK,Teste de Carga - 250 usuarios 1-70,text,true,,6719,420,250,250,https://www.blazedemo.com/purchase.php,331,0,0
1774386515741,702,3 - Comprar Passagem,200,OK,Teste de Carga - 250 usuarios 1-92,text,true,,6719,420,250,250,https://www.blazedemo.com/purchase.php,690,0,0
1774386516023,421,1 - Acessar Home,200,OK,Teste de Carga - 250 usuarios 1-238,text,true,,4757,120,250,250,https://www.blazedemo.com/,409,0,0
1774386515647,801,3 - Comprar Passagem,200,OK,Teste de Carga - 250 usuarios 1-64,text,true,,6719,420,250,250,https://www.blazedemo.com/purchase.php,789,0,0
1774386516046,407,1 - Acessar Home,200,OK,Teste de Carga - 250 usuarios 1-227,text,true,,4757,120,250,250,https://www.blazedemo.com/,395,0,0
1774386516214,241,2 - Escolher Voo,200,OK,Teste de Carga - 250 usuarios 1-161,text,true,,7381,250,250,250,https://www.blazedemo.com/reserve.php,220,0,0
1774386512380,4076,1 - Acessar Home,200,OK,Teste de Carga - 250 usuarios 1-22,text,true,,4757,120,250,250,https://www.blazedemo.com/,4064,0,0
1774386516211,246,1 - Acessar Home,200,OK,Teste de Carga - 250 usuarios 1-138,text,true,,4757,120,250,250,https://www.blazedemo.com/,235,0,0
1774386515774,689,2 - Escolher Voo,200,OK,Teste de Carga - 250 usuarios 1-101,text,true,,7381,250,250,250,https://www.blazedemo.com/reserve.php,669,0,0
1774386515786,679,1 - Acessar Home,200,OK,Teste de Carga - 250 usuarios 1-39,text,true,,4757,120,250,250,https://www.blazedemo.com/,667,0,0
1774386516028,441,2 - Escolher Voo,200,OK,Teste de Carga - 250 usuarios 1-63,text,true,,7381,250,250,250,https://www.blazedemo.com/reserve.php,420,0,0
1774386516125,345,1 - Acessar Home,200,OK,Teste de Carga - 250 usuarios 1-249,text,true,,4757,120,250,250,https://www.blazedemo.com/,333,0,0
1774386516207,271,1 - Acessar Home,200,OK,Teste de Carga - 250 usuarios 1-165,text,true,,4757,120,250,250,https://www.blazedemo.com/,260,0,0
1774386515818,661,3 - Comprar Passagem,200,OK,Teste de Carga - 250 usuarios 1-164,text,true,,6719,420,250,250,https://www.blazedemo.com/purchase.php,644,0,0
1774386516186,296,1 - Acessar Home,200,OK,Teste de Carga - 250 usuarios 1-58,text,true,,4757,120,250,250,https://www.blazedemo.com/,284,0,0
1774386515857,628,1 - Acessar Home,200,OK,Teste de Carga - 250 usuarios 1-123,text,true,,4757,120,250,250,https://www.blazedemo.com/,618,0,0
1774386516033,465,3 - Comprar Passagem,200,OK,Teste de Carga - 250 usuarios 1-160,text,true,,6719,420,250,250,https://www.blazedemo.com/purchase.php,453,0,0
1774386512840,3658,2 - Escolher Voo,200,OK,Teste de Carga - 250 usuarios 1-177,text,true,,7381,250,250,250,https://www.blazedemo.com/reserve.php,3638,0,0
1774386516214,295,2 - Escolher Voo,200,OK,Teste de Carga - 250 usuarios 1-77,text,true,,7381,250,250,250,https://www.blazedemo.com/reserve.php,278,0,0
1774386515685,833,1 - Acessar Home,200,OK,Teste de Carga - 250 usuarios 1-131,text,true,,4757,120,250,250,https://www.blazedemo.com/,821,0,0
1774386516236,282,1 - Acessar Home,200,OK,Teste de Carga - 250 usuarios 1-188,text,true,,4757,120,250,250,https://www.blazedemo.com/,270,0,0
1774386516007,514,3 - Comprar Passagem,200,OK,Teste de Carga - 250 usuarios 1-172,text,true,,6719,420,250,250,https://www.blazedemo.com/purchase.php,502,0,0
1774386512916,3610,1 - Acessar Home,200,OK,Teste de Carga - 250 usuarios 1-139,text,true,,4757,120,250,250,https://www.blazedemo.com/,3599,0,0
1774386515982,555,1 - Acessar Home,200,OK,Teste de Carga - 250 usuarios 1-229,text,true,,4757,120,250,250,https://www.blazedemo.com/,543,0,0
1774386516286,252,1 - Acessar Home,200,OK,Teste de Carga - 250 usuarios 1-237,text,true,,4757,120,250,250,https://www.blazedemo.com/,240,0,0
1774386516203,338,1 - Acessar Home,200,OK,Teste de Carga - 250 usuarios 1-56,text,true,,4757,120,250,250,https://www.blazedemo.com/,326,0,0
1774386514010,2540,2 - Escolher Voo,200,OK,Teste de Carga - 250 usuarios 1-115,text,true,,7381,250,250,250,https://www.blazedemo.com/reserve.php,2520,0,0
1774386516125,426,3 - Comprar Passagem,200,OK,Teste de Carga - 250 usuarios 1-204,text,true,,6719,420,250,250,https://www.blazedemo.com/purchase.php,414,0,0
1774386516080,472,2 - Escolher Voo,200,OK,Teste de Carga - 250 usuarios 1-243,text,true,,7381,250,250,250,https://www.blazedemo.com/reserve.php,452,0,0
1774386512942,3611,1 - Acessar Home,200,OK,Teste de Carga - 250 usuarios 1-33,text,true,,4757,120,250,250,https://www.blazedemo.com/,3599,0,0
1774386516313,251,2 - Escolher Voo,200,OK,Teste de Carga - 250 usuarios 1-100,text,true,,7381,250,250,250,https://www.blazedemo.com/reserve.php,230,0,0
1774386516328,243,2 - Escolher Voo,200,OK,Teste de Carga - 250 usuarios 1-209,text,true,,7381,250,250,250,https://www.blazedemo.com/reserve.php,226,0,0
1774386515850,725,1 - Acessar Home,200,OK,Teste de Carga - 250 usuarios 1-244,text,true,,4757,120,250,250,https://www.blazedemo.com/,715,0,0
1774386516211,366,2 - Escolher Voo,200,OK,Teste de Carga - 250 usuarios 1-194,text,true,,7381,250,250,250,https://www.blazedemo.com/reserve.php,346,0,0
1774386516115,428,1 - Acessar Home,200,OK,Teste de Carga - 250 usuarios 1-49,text,true,,4757,120,250,250,https://www.blazedemo.com/,416,0,0
1774386516295,289,3 - Comprar Passagem,200,OK,Teste de Carga - 250 usuarios 1-216,text,true,,6719,420,250,250,https://www.blazedemo.com/purchase.php,276,0,0
1774386512579,4020,1 - Acessar Home,200,OK,Teste de Carga - 250 usuarios 1-102,text,true,,4757,120,250,250,https://www.blazedemo.com/,4006,0,0
1774386516022,579,3 - Comprar Passagem,200,OK,Teste de Carga - 250 usuarios 1-137,text,true,,6719,420,250,250,https://www.blazedemo.com/purchase.php,568,0,0
1774386512909,3693,2 - Escolher Voo,200,OK,Teste de Carga - 250 usuarios 1-45,text,true,,7381,250,250,250,https://www.blazedemo.com/reserve.php,3673,0,0
1774386516222,391,1 - Acessar Home,200,OK,Teste de Carga - 250 usuarios 1-110,text,true,,4757,120,250,250,https://www.blazedemo.com/,378,0,0
1774386516015,599,1 - Acessar Home,200,OK,Teste de Carga - 250 usuarios 1-24,text,true,,4757,120,250,250,https://www.blazedemo.com/,587,0,0
1774386516230,387,2 - Escolher Voo,200,OK,Teste de Carga - 250 usuarios 1-239,text,true,,7381,250,250,250,https://www.blazedemo.com/reserve.php,367,0,0
1774386516369,248,1 - Acessar Home,200,OK,Teste de Carga - 250 usuarios 1-128,text,true,,4757,120,250,250,https://www.blazedemo.com/,236,0,0
1774386516240,379,2 - Escolher Voo,200,OK,Teste de Carga - 250 usuarios 1-12,text,true,,7381,250,250,250,https://www.blazedemo.com/reserve.php,359,0,0
1774386516380,242,3 - Comprar Passagem,200,OK,Teste de Carga - 250 usuarios 1-247,text,true,,6719,420,250,250,https://www.blazedemo.com/purchase.php,226,0,0
1774386516257,366,3 - Comprar Passagem,200,OK,Teste de Carga - 250 usuarios 1-168,text,true,,6719,420,250,250,https://www.blazedemo.com/purchase.php,350,0,0
1774386516086,538,2 - Escolher Voo,200,OK,Teste de Carga - 250 usuarios 1-104,text,true,,7381,250,250,250,https://www.blazedemo.com/reserve.php,519,0,0
1774386513149,3479,2 - Escolher Voo,200,OK,Teste de Carga - 250 usuarios 1-207,text,true,,7381,250,250,250,https://www.blazedemo.com/reserve.php,3462,0,0
1774386516014,617,2 - Escolher Voo,200,OK,Teste de Carga - 250 usuarios 1-3,text,true,,7381,250,250,250,https://www.blazedemo.com/reserve.php,597,0,0
1774386516087,545,1 - Acessar Home,200,OK,Teste de Carga - 250 usuarios 1-118,text,true,,4757,120,250,250,https://www.blazedemo.com/,533,0,0
1774386514082,2554,1 - Acessar Home,200,OK,Teste de Carga - 250 usuarios 1-174,text,true,,4757,120,250,250,https://www.blazedemo.com/,2542,0,0
1774386516198,452,3 - Comprar Passagem,200,OK,Teste de Carga - 250 usuarios 1-151,text,true,,6719,420,250,250,https://www.blazedemo.com/purchase.php,440,0,0
1774386516052,600,1 - Acessar Home,200,OK,Teste de Carga - 250 usuarios 1-111,text,true,,4757,120,250,250,https://www.blazedemo.com/,589,0,0
1774386516425,243,1 - Acessar Home,200,OK,Teste de Carga - 250 usuarios 1-171,text,true,,4757,120,250,250,https://www.blazedemo.com/,230,0,0
1774386513193,3479,3 - Comprar Passagem,200,OK,Teste de Carga - 250 usuarios 1-96,text,true,,6719,420,250,250,https://www.blazedemo.com/purchase.php,3467,0,0
1774386516311,361,2 - Escolher Voo,200,OK,Teste de Carga - 250 usuarios 1-119,text,true,,7381,250,250,250,https://www.blazedemo.com/reserve.php,341,0,0
1774386514083,2591,2 - Escolher Voo,200,OK,Teste de Carga - 250 usuarios 1-159,text,true,,7381,250,250,250,https://www.blazedemo.com/reserve.php,2571,0,0
1774386515873,804,1 - Acessar Home,200,OK,Teste de Carga - 250 usuarios 1-169,text,true,,4757,120,250,250,https://www.blazedemo.com/,793,0,0
1774386516142,539,3 - Comprar Passagem,200,OK,Teste de Carga - 250 usuarios 1-94,text,true,,6719,420,250,250,https://www.blazedemo.com/purchase.php,526,0,0
1774386516433,251,3 - Comprar Passagem,200,OK,Teste de Carga - 250 usuarios 1-199,text,true,,6719,420,250,250,https://www.blazedemo.com/purchase.php,236,0,0
1774386516404,282,2 - Escolher Voo,200,OK,Teste de Carga - 250 usuarios 1-9,text,true,,7381,250,250,250,https://www.blazedemo.com/reserve.php,264,0,0
1774386512673,4014,1 - Acessar Home,200,OK,Teste de Carga - 250 usuarios 1-68,text,true,,4757,120,250,250,https://www.blazedemo.com/,4002,0,0
1774386516147,544,1 - Acessar Home,200,OK,Teste de Carga - 250 usuarios 1-184,text,true,,4757,120,250,250,https://www.blazedemo.com/,534,0,0
1774386512707,3990,1 - Acessar Home,200,OK,Teste de Carga - 250 usuarios 1-155,text,true,,4757,120,250,250,https://www.blazedemo.com/,3978,0,0
1774386516443,261,1 - Acessar Home,200,OK,Teste de Carga - 250 usuarios 1-92,text,true,,4757,120,250,250,https://www.blazedemo.com/,252,0,0
1774386516364,345,3 - Comprar Passagem,200,OK,Teste de Carga - 250 usuarios 1-13,text,true,,6719,420,250,250,https://www.blazedemo.com/purchase.php,333,0,0
1774386516319,397,1 - Acessar Home,200,OK,Teste de Carga - 250 usuarios 1-193,text,true,,4757,120,250,250,https://www.blazedemo.com/,384,0,0
1774386516453,268,2 - Escolher Voo,200,OK,Teste de Carga - 250 usuarios 1-227,text,true,,7381,250,250,250,https://www.blazedemo.com/reserve.php,248,0,0
1774386513263,3459,1 - Acessar Home,200,OK,Teste de Carga - 250 usuarios 1-212,text,true,,4757,120,250,250,https://www.blazedemo.com/,3446,0,0
1774386514178,2550,3 - Comprar Passagem,200,OK,Teste de Carga - 250 usuarios 1-19,text,true,,6719,420,250,250,https://www.blazedemo.com/purchase.php,2539,0,0
1774386513045,3685,2 - Escolher Voo,200,OK,Teste de Carga - 250 usuarios 1-136,text,true,,7381,250,250,250,https://www.blazedemo.com/reserve.php,3664,0,0
1774386516352,386,2 - Escolher Voo,200,OK,Teste de Carga - 250 usuarios 1-185,text,true,,7381,250,250,250,https://www.blazedemo.com/reserve.php,366,0,0
1774386516325,415,1 - Acessar Home,200,OK,Teste de Carga - 250 usuarios 1-230,text,true,,4757,120,250,250,https://www.blazedemo.com/,402,0,0
1774386516121,624,2 - Escolher Voo,200,OK,Teste de Carga - 250 usuarios 1-146,text,true,,7381,250,250,250,https://www.blazedemo.com/reserve.php,604,0,0
1774386516323,435,3 - Comprar Passagem,200,OK,Teste de Carga - 250 usuarios 1-132,text,true,,6719,420,250,250,https://www.blazedemo.com/purchase.php,422,0,0
1774386515893,870,2 - Escolher Voo,200,OK,Teste de Carga - 250 usuarios 1-144,text,true,,7381,250,250,250,https://www.blazedemo.com/reserve.php,851,0,0
1774386516456,313,2 - Escolher Voo,200,OK,Teste de Carga - 250 usuarios 1-22,text,true,,7381,250,250,250,https://www.blazedemo.com/reserve.php,290,0,0
1774386516170,602,2 - Escolher Voo,200,OK,Teste de Carga - 250 usuarios 1-15,text,true,,7381,250,250,250,https://www.blazedemo.com/reserve.php,582,0,0
1774386516444,330,2 - Escolher Voo,200,OK,Teste de Carga - 250 usuarios 1-238,text,true,,7381,250,250,250,https://www.blazedemo.com/reserve.php,310,0,0
1774386516485,290,2 - Escolher Voo,200,OK,Teste de Carga - 250 usuarios 1-123,text,true,,7381,250,250,250,https://www.blazedemo.com/reserve.php,269,0,0
1774386513333,3442,1 - Acessar Home,200,OK,Teste de Carga - 250 usuarios 1-179,text,true,,4757,120,250,250,https://www.blazedemo.com/,3430,0,0
1774386516470,306,2 - Escolher Voo,200,OK,Teste de Carga - 250 usuarios 1-249,text,true,,7381,250,250,250,https://www.blazedemo.com/reserve.php,285,0,0
1774386516238,543,1 - Acessar Home,200,OK,Teste de Carga - 250 usuarios 1-14,text,true,,4757,120,250,250,https://www.blazedemo.com/,531,0,0
1774386514297,2491,3 - Comprar Passagem,200,OK,Teste de Carga - 250 usuarios 1-31,text,true,,6719,420,250,250,https://www.blazedemo.com/purchase.php,2479,0,0
1774386516551,237,1 - Acessar Home,200,OK,Teste de Carga - 250 usuarios 1-204,text,true,,4757,120,250,250,https://www.blazedemo.com/,225,0,0
1774386516537,257,2 - Escolher Voo,200,OK,Teste de Carga - 250 usuarios 1-229,text,true,,7381,250,250,250,https://www.blazedemo.com/reserve.php,237,0,0
1774386512689,4119,3 - Comprar Passagem,200,OK,Teste de Carga - 250 usuarios 1-79,text,true,,6719,420,250,250,https://www.blazedemo.com/purchase.php,4107,0,0
1774386516482,328,2 - Escolher Voo,200,OK,Teste de Carga - 250 usuarios 1-58,text,true,,7381,250,250,250,https://www.blazedemo.com/reserve.php,308,0,0
1774386516550,269,3 - Comprar Passagem,200,OK,Teste de Carga - 250 usuarios 1-115,text,true,,6719,420,250,250,https://www.blazedemo.com/purchase.php,257,0,0
1774386513376,3443,1 - Acessar Home,200,OK,Teste de Carga - 250 usuarios 1-5,text,true,,4757,120,250,250,https://www.blazedemo.com/,3431,0,0
1774386512840,3979,3 - Comprar Passagem,200,OK,Teste de Carga - 250 usuarios 1-181,text,true,,6719,420,250,250,https://www.blazedemo.com/purchase.php,3968,0,0
1774386516521,301,1 - Acessar Home,200,OK,Teste de Carga - 250 usuarios 1-172,text,true,,4757,120,250,250,https://www.blazedemo.com/,290,0,0
1774386516262,563,2 - Escolher Voo,200,OK,Teste de Carga - 250 usuarios 1-50,text,true,,7381,250,250,250,https://www.blazedemo.com/reserve.php,544,0,0
1774386514186,2643,2 - Escolher Voo,200,OK,Teste de Carga - 250 usuarios 1-250,text,true,,7381,250,250,250,https://www.blazedemo.com/reserve.php,2623,0,0
1774386516463,371,3 - Comprar Passagem,200,OK,Teste de Carga - 250 usuarios 1-101,text,true,,6719,420,250,250,https://www.blazedemo.com/purchase.php,359,0,0
1774386516564,277,3 - Comprar Passagem,200,OK,Teste de Carga - 250 usuarios 1-100,text,true,,6719,420,250,250,https://www.blazedemo.com/purchase.php,265,0,0
1774386516203,640,3 - Comprar Passagem,200,OK,Teste de Carga - 250 usuarios 1-6,text,true,,6719,420,250,250,https://www.blazedemo.com/purchase.php,628,0,0
1774386516478,367,2 - Escolher Voo,200,OK,Teste de Carga - 250 usuarios 1-165,text,true,,7381,250,250,250,https://www.blazedemo.com/reserve.php,347,0,0
1774386516601,259,1 - Acessar Home,200,OK,Teste de Carga - 250 usuarios 1-137,text,true,,4757,120,250,250,https://www.blazedemo.com/,248,0,0
1774386516538,324,2 - Escolher Voo,200,OK,Teste de Carga - 250 usuarios 1-237,text,true,,7381,250,250,250,https://www.blazedemo.com/reserve.php,303,0,0
1774386516137,729,2 - Escolher Voo,200,OK,Teste de Carga - 250 usuarios 1-11,text,true,,7381,250,250,250,https://www.blazedemo.com/reserve.php,709,0,0
1774386516526,340,2 - Escolher Voo,200,OK,Teste de Carga - 250 usuarios 1-139,text,true,,7381,250,250,250,https://www.blazedemo.com/reserve.php,320,0,0
1774386516623,246,1 - Acessar Home,200,OK,Teste de Carga - 250 usuarios 1-168,text,true,,4757,120,250,250,https://www.blazedemo.com/,234,0,0
1774386516378,493,2 - Escolher Voo,200,OK,Teste de Carga - 250 usuarios 1-235,text,true,,7381,250,250,250,https://www.blazedemo.com/reserve.php,476,0,0
1774386516274,600,1 - Acessar Home,200,OK,Teste de Carga - 250 usuarios 1-211,text,true,,4757,120,250,250,https://www.blazedemo.com/,588,0,0
1774386513401,3476,1 - Acessar Home,200,OK,Teste de Carga - 250 usuarios 1-84,text,true,,4757,120,250,250,https://www.blazedemo.com/,3464,0,0
1774386516602,278,3 - Comprar Passagem,200,OK,Teste de Carga - 250 usuarios 1-45,text,true,,6719,420,250,250,https://www.blazedemo.com/purchase.php,261,0,0
1774386516650,240,1 - Acessar Home,200,OK,Teste de Carga - 250 usuarios 1-151,text,true,,4757,120,250,250,https://www.blazedemo.com/,228,0,0
1774386516617,273,3 - Comprar Passagem,200,OK,Teste de Carga - 250 usuarios 1-239,text,true,,6719,420,250,250,https://www.blazedemo.com/purchase.php,258,0,0
1774386516614,280,2 - Escolher Voo,200,OK,Teste de Carga - 250 usuarios 1-24,text,true,,7381,250,250,250,https://www.blazedemo.com/reserve.php,260,0,0
1774386516553,345,2 - Escolher Voo,200,OK,Teste de Carga - 250 usuarios 1-33,text,true,,7381,250,250,250,https://www.blazedemo.com/reserve.php,325,0,0
1774386514260,2647,1 - Acessar Home,200,OK,Teste de Carga - 250 usuarios 1-57,text,true,,4757,120,250,250,https://www.blazedemo.com/,2636,0,0
1774386516628,289,3 - Comprar Passagem,200,OK,Teste de Carga - 250 usuarios 1-207,text,true,,6719,420,250,250,https://www.blazedemo.com/purchase.php,276,0,0
1774386516622,299,1 - Acessar Home,200,OK,Teste de Carga - 250 usuarios 1-247,text,true,,4757,120,250,250,https://www.blazedemo.com/,286,0,0
1774386516323,601,2 - Escolher Voo,200,OK,Teste de Carga - 250 usuarios 1-43,text,true,,7381,250,250,250,https://www.blazedemo.com/reserve.php,580,0,0
1774386514315,2614,3 - Comprar Passagem,200,OK,Teste de Carga - 250 usuarios 1-20,text,true,,6719,420,250,250,https://www.blazedemo.com/purchase.php,2600,0,0
1774386516215,720,3 - Comprar Passagem,200,OK,Teste de Carga - 250 usuarios 1-140,text,true,,6719,420,250,250,https://www.blazedemo.com/purchase.php,709,0,0
1774386516498,439,1 - Acessar Home,200,OK,Teste de Carga - 250 usuarios 1-160,text,true,,4757,120,250,250,https://www.blazedemo.com/,428,0,0
1774386516498,441,3 - Comprar Passagem,200,OK,Teste de Carga - 250 usuarios 1-177,text,true,,6719,420,250,250,https://www.blazedemo.com/purchase.php,429,0,0
1774386516672,267,1 - Acessar Home,200,OK,Teste de Carga - 250 usuarios 1-96,text,true,,4757,120,250,250,https://www.blazedemo.com/,255,0,0
1774386516636,305,2 - Escolher Voo,200,OK,Teste de Carga - 250 usuarios 1-174,text,true,,7381,250,250,250,https://www.blazedemo.com/reserve.php,284,0,0
1774386516571,378,3 - Comprar Passagem,200,OK,Teste de Carga - 250 usuarios 1-209,text,true,,6719,420,250,250,https://www.blazedemo.com/purchase.php,365,0,0
1774386513498,3455,2 - Escolher Voo,200,OK,Teste de Carga - 250 usuarios 1-156,text,true,,7381,250,250,250,https://www.blazedemo.com/reserve.php,3435,0,0
1774386516619,335,3 - Comprar Passagem,200,OK,Teste de Carga - 250 usuarios 1-12,text,true,,6719,420,250,250,https://www.blazedemo.com/purchase.php,323,0,0
1774386512973,3985,3 - Comprar Passagem,200,OK,Teste de Carga - 250 usuarios 1-225,text,true,,6719,420,250,250,https://www.blazedemo.com/purchase.php,3973,0,0
1774386516682,276,1 - Acessar Home,200,OK,Teste de Carga - 250 usuarios 1-94,text,true,,4757,120,250,250,https://www.blazedemo.com/,265,0,0
1774386513146,3812,2 - Escolher Voo,200,OK,Teste de Carga - 250 usuarios 1-8,text,true,,7381,250,250,250,https://www.blazedemo.com/reserve.php,3792,0,0
1774386516257,708,3 - Comprar Passagem,200,OK,Teste de Carga - 250 usuarios 1-236,text,true,,6719,420,250,250,https://www.blazedemo.com/purchase.php,697,0,0
1774386516672,299,3 - Comprar Passagem,200,OK,Teste de Carga - 250 usuarios 1-119,text,true,,6719,420,250,250,https://www.blazedemo.com/purchase.php,287,0,0
1774386516345,627,1 - Acessar Home,200,OK,Teste de Carga - 250 usuarios 1-234,text,true,,4757,120,250,250,https://www.blazedemo.com/,615,0,0
1774386513152,3822,3 - Comprar Passagem,200,OK,Teste de Carga - 250 usuarios 1-125,text,true,,6719,420,250,250,https://www.blazedemo.com/purchase.php,3811,0,0
1774386516687,295,2 - Escolher Voo,200,OK,Teste de Carga - 250 usuarios 1-68,text,true,,7381,250,250,250,https://www.blazedemo.com/reserve.php,275,0,0
1774386516584,401,1 - Acessar Home,200,OK,Teste de Carga - 250 usuarios 1-216,text,true,,4757,120,250,250,https://www.blazedemo.com/,390,0,0
1774386516314,675,1 - Acessar Home,200,OK,Teste de Carga - 250 usuarios 1-162,text,true,,4757,120,250,250,https://www.blazedemo.com/,663,0,0
1774386516437,567,3 - Comprar Passagem,200,OK,Teste de Carga - 250 usuarios 1-18,text,true,,6719,420,250,250,https://www.blazedemo.com/purchase.php,552,0,0
1774386516709,296,1 - Acessar Home,200,OK,Teste de Carga - 250 usuarios 1-13,text,true,,4757,120,250,250,https://www.blazedemo.com/,285,0,0
1774386516509,498,3 - Comprar Passagem,200,OK,Teste de Carga - 250 usuarios 1-77,text,true,,6719,420,250,250,https://www.blazedemo.com/purchase.php,485,0,0
1774386516716,294,2 - Escolher Voo,200,OK,Teste de Carga - 250 usuarios 1-193,text,true,,7381,250,250,250,https://www.blazedemo.com/reserve.php,278,0,0
1774386516653,360,2 - Escolher Voo,200,OK,Teste de Carga - 250 usuarios 1-111,text,true,,7381,250,250,250,https://www.blazedemo.com/reserve.php,338,0,0
1774386516769,247,3 - Comprar Passagem,200,OK,Teste de Carga - 250 usuarios 1-22,text,true,,6719,420,250,250,https://www.blazedemo.com/purchase.php,234,0,0
1774386516376,647,3 - Comprar Passagem,200,OK,Teste de Carga - 250 usuarios 1-85,text,true,,6719,420,250,250,https://www.blazedemo.com/purchase.php,633,0,0
1774386516269,759,1 - Acessar Home,200,OK,Teste de Carga - 250 usuarios 1-200,text,true,,4757,120,250,250,https://www.blazedemo.com/,747,0,0
1774386516617,422,2 - Escolher Voo,200,OK,Teste de Carga - 250 usuarios 1-128,text,true,,7381,250,250,250,https://www.blazedemo.com/reserve.php,399,0,0
1774386516775,264,3 - Comprar Passagem,200,OK,Teste de Carga - 250 usuarios 1-123,text,true,,6719,420,250,250,https://www.blazedemo.com/purchase.php,250,0,0
1774386513637,3405,2 - Escolher Voo,200,OK,Teste de Carga - 250 usuarios 1-143,text,true,,7381,250,250,250,https://www.blazedemo.com/reserve.php,3382,0,0
1774386516738,304,3 - Comprar Passagem,200,OK,Teste de Carga - 250 usuarios 1-185,text,true,,6719,420,250,250,https://www.blazedemo.com/purchase.php,290,0,0
1774386516740,311,2 - Escolher Voo,200,OK,Teste de Carga - 250 usuarios 1-230,text,true,,7381,250,250,250,https://www.blazedemo.com/reserve.php,291,0,0
1774386516704,349,2 - Escolher Voo,200,OK,Teste de Carga - 250 usuarios 1-92,text,true,,7381,250,250,250,https://www.blazedemo.com/reserve.php,335,0,0
1774386516722,337,2 - Escolher Voo,200,OK,Teste de Carga - 250 usuarios 1-212,text,true,,7381,250,250,250,https://www.blazedemo.com/reserve.php,317,0,0
1774386516775,291,2 - Escolher Voo,200,OK,Teste de Carga - 250 usuarios 1-179,text,true,,7381,250,250,250,https://www.blazedemo.com/reserve.php,272,0,0
1774386514383,2685,2 - Escolher Voo,200,OK,Teste de Carga - 250 usuarios 1-26,text,true,,7381,250,250,250,https://www.blazedemo.com/reserve.php,2664,0,0
1774386516368,703,1 - Acessar Home,200,OK,Teste de Carga - 250 usuarios 1-44,text,true,,4757,120,250,250,https://www.blazedemo.com/,691,0,0
1774386516745,330,3 - Comprar Passagem,200,OK,Teste de Carga - 250 usuarios 1-146,text,true,,6719,420,250,250,https://www.blazedemo.com/purchase.php,318,0,0
1774386516772,303,3 - Comprar Passagem,200,OK,Teste de Carga - 250 usuarios 1-15,text,true,,6719,420,250,250,https://www.blazedemo.com/purchase.php,291,0,0
1774386516433,642,1 - Acessar Home,200,OK,Teste de Carga - 250 usuarios 1-106,text,true,,4757,120,250,250,https://www.blazedemo.com/,630,0,0
1774386516422,659,1 - Acessar Home,200,OK,Teste de Carga - 250 usuarios 1-134,text,true,,4757,120,250,250,https://www.blazedemo.com/,646,0,0
1774386516788,296,2 - Escolher Voo,200,OK,Teste de Carga - 250 usuarios 1-204,text,true,,7381,250,250,250,https://www.blazedemo.com/reserve.php,276,0,0
1774386516781,307,2 - Escolher Voo,200,OK,Teste de Carga - 250 usuarios 1-14,text,true,,7381,250,250,250,https://www.blazedemo.com/reserve.php,292,0,0
1774386516820,268,1 - Acessar Home,200,OK,Teste de Carga - 250 usuarios 1-181,text,true,,4757,120,250,250,https://www.blazedemo.com/,257,0,0
1774386516826,265,3 - Comprar Passagem,200,OK,Teste de Carga - 250 usuarios 1-50,text,true,,6719,420,250,250,https://www.blazedemo.com/purchase.php,257,0,0
1774386516810,289,3 - Comprar Passagem,200,OK,Teste de Carga - 250 usuarios 1-58,text,true,,6719,420,250,250,https://www.blazedemo.com/purchase.php,277,0,0
1774386516819,297,1 - Acessar Home,200,OK,Teste de Carga - 250 usuarios 1-115,text,true,,4757,120,250,250,https://www.blazedemo.com/,285,0,0
1774386513851,3267,3 - Comprar Passagem,200,OK,Teste de Carga - 250 usuarios 1-60,text,true,,6719,420,250,250,https://www.blazedemo.com/purchase.php,3251,0,0
1774386514279,2841,1 - Acessar Home,200,OK,Teste de Carga - 250 usuarios 1-81,text,true,,4757,120,250,250,https://www.blazedemo.com/,2829,0,0
1774386516686,434,3 - Comprar Passagem,200,OK,Teste de Carga - 250 usuarios 1-9,text,true,,6719,420,250,250,https://www.blazedemo.com/purchase.php,422,0,0
1774386516304,817,2 - Escolher Voo,200,OK,Teste de Carga - 250 usuarios 1-32,text,true,,7381,250,250,250,https://www.blazedemo.com/reserve.php,797,0,0
1774386513647,3478,2 - Escolher Voo,200,OK,Teste de Carga - 250 usuarios 1-180,text,true,,7381,250,250,250,https://www.blazedemo.com/reserve.php,3456,0,0
1774386516834,296,1 - Acessar Home,200,OK,Teste de Carga - 250 usuarios 1-101,text,true,,4757,120,250,250,https://www.blazedemo.com/,284,0,0
1774386516845,296,3 - Comprar Passagem,200,OK,Teste de Carga - 250 usuarios 1-165,text,true,,6719,420,250,250,https://www.blazedemo.com/purchase.php,283,0,0
1774386516808,333,1 - Acessar Home,200,OK,Teste de Carga - 250 usuarios 1-79,text,true,,4757,120,250,250,https://www.blazedemo.com/,323,0,0
1774386516880,261,1 - Acessar Home,200,OK,Teste de Carga - 250 usuarios 1-45,text,true,,4757,120,250,250,https://www.blazedemo.com/,249,0,0
1774386516844,299,1 - Acessar Home,200,OK,Teste de Carga - 250 usuarios 1-6,text,true,,4757,120,250,250,https://www.blazedemo.com/,287,0,0
1774386516788,358,1 - Acessar Home,200,OK,Teste de Carga - 250 usuarios 1-31,text,true,,4757,120,250,250,https://www.blazedemo.com/,346,0,0
1774386516829,319,3 - Comprar Passagem,200,OK,Teste de Carga - 250 usuarios 1-250,text,true,,6719,420,250,250,https://www.blazedemo.com/purchase.php,306,0,0
1774386516841,314,1 - Acessar Home,200,OK,Teste de Carga - 250 usuarios 1-100,text,true,,4757,120,250,250,https://www.blazedemo.com/,302,0,0
1774386516871,285,3 - Comprar Passagem,200,OK,Teste de Carga - 250 usuarios 1-235,text,true,,6719,420,250,250,https://www.blazedemo.com/purchase.php,270,0,0
1774386516794,366,3 - Comprar Passagem,200,OK,Teste de Carga - 250 usuarios 1-229,text,true,,6719,420,250,250,https://www.blazedemo.com/purchase.php,354,0,0
1774386516774,386,3 - Comprar Passagem,200,OK,Teste de Carga - 250 usuarios 1-238,text,true,,6719,420,250,250,https://www.blazedemo.com/purchase.php,374,0,0
1774386516866,295,3 - Comprar Passagem,200,OK,Teste de Carga - 250 usuarios 1-139,text,true,,6719,420,250,250,https://www.blazedemo.com/purchase.php,283,0,0
1774386516458,717,2 - Escolher Voo,200,OK,Teste de Carga - 250 usuarios 1-138,text,true,,7381,250,250,250,https://www.blazedemo.com/reserve.php,696,0,0
1774386516479,697,1 - Acessar Home,200,OK,Teste de Carga - 250 usuarios 1-164,text,true,,4757,120,250,250,https://www.blazedemo.com/,685,0,0
1774386516730,456,3 - Comprar Passagem,200,OK,Teste de Carga - 250 usuarios 1-136,text,true,,6719,420,250,250,https://www.blazedemo.com/purchase.php,439,0,0
1774386516890,298,2 - Escolher Voo,200,OK,Teste de Carga - 250 usuarios 1-151,text,true,,7381,250,250,250,https://www.blazedemo.com/reserve.php,278,0,0
1774386513842,3350,1 - Acessar Home,200,OK,Teste de Carga - 250 usuarios 1-202,text,true,,4757,120,250,250,https://www.blazedemo.com/,3337,0,0
1774386516874,326,2 - Escolher Voo,200,OK,Teste de Carga - 250 usuarios 1-211,text,true,,7381,250,250,250,https://www.blazedemo.com/reserve.php,305,0,0
1774386516866,335,3 - Comprar Passagem,200,OK,Teste de Carga - 250 usuarios 1-11,text,true,,6719,420,250,250,https://www.blazedemo.com/purchase.php,323,0,0
1774386516939,270,1 - Acessar Home,200,OK,Teste de Carga - 250 usuarios 1-177,text,true,,4757,120,250,250,https://www.blazedemo.com/,259,0,0
1774386516953,258,3 - Comprar Passagem,200,OK,Teste de Carga - 250 usuarios 1-156,text,true,,6719,420,250,250,https://www.blazedemo.com/purchase.php,245,0,0
1774386514364,2848,1 - Acessar Home,200,OK,Teste de Carga - 250 usuarios 1-246,text,true,,4757,120,250,250,https://www.blazedemo.com/,2836,0,0
1774386516898,327,3 - Comprar Passagem,200,OK,Teste de Carga - 250 usuarios 1-33,text,true,,6719,420,250,250,https://www.blazedemo.com/purchase.php,315,0,0
1774386516958,269,1 - Acessar Home,200,OK,Teste de Carga - 250 usuarios 1-225,text,true,,4757,120,250,250,https://www.blazedemo.com/,257,0,0
1774386516465,763,2 - Escolher Voo,200,OK,Teste de Carga - 250 usuarios 1-39,text,true,,7381,250,250,250,https://www.blazedemo.com/reserve.php,742,0,0
1774386513228,4009,3 - Comprar Passagem,200,OK,Teste de Carga - 250 usuarios 1-83,text,true,,6719,420,250,250,https://www.blazedemo.com/purchase.php,3997,0,0
1774386516862,381,3 - Comprar Passagem,200,OK,Teste de Carga - 250 usuarios 1-237,text,true,,6719,420,250,250,https://www.blazedemo.com/purchase.php,367,0,0
1774386513229,4014,3 - Comprar Passagem,200,OK,Teste de Carga - 250 usuarios 1-103,text,true,,6719,420,250,250,https://www.blazedemo.com/purchase.php,4000,0,0
1774386516958,286,3 - Comprar Passagem,200,OK,Teste de Carga - 250 usuarios 1-8,text,true,,6719,420,250,250,https://www.blazedemo.com/purchase.php,273,0,0
1774386516924,320,3 - Comprar Passagem,200,OK,Teste de Carga - 250 usuarios 1-43,text,true,,6719,420,250,250,https://www.blazedemo.com/purchase.php,307,0,0
1774386516921,326,2 - Escolher Voo,200,OK,Teste de Carga - 250 usuarios 1-247,text,true,,7381,250,250,250,https://www.blazedemo.com/reserve.php,306,0,0
1774386516581,667,2 - Escolher Voo,200,OK,Teste de Carga - 250 usuarios 1-49,text,true,,7381,250,250,250,https://www.blazedemo.com/reserve.php,647,0,0
1774386513309,3941,1 - Acessar Home,200,OK,Teste de Carga - 250 usuarios 1-69,text,true,,4757,120,250,250,https://www.blazedemo.com/,3929,0,0
1774386516972,285,2 - Escolher Voo,200,OK,Teste de Carga - 250 usuarios 1-234,text,true,,7381,250,250,250,https://www.blazedemo.com/reserve.php,265,0,0
1774386513863,3394,3 - Comprar Passagem,200,OK,Teste de Carga - 250 usuarios 1-114,text,true,,6719,420,250,250,https://www.blazedemo.com/purchase.php,3383,0,0
1774386516518,744,2 - Escolher Voo,200,OK,Teste de Carga - 250 usuarios 1-131,text,true,,7381,250,250,250,https://www.blazedemo.com/reserve.php,722,0,0
1774386514415,2858,1 - Acessar Home,200,OK,Teste de Carga - 250 usuarios 1-122,text,true,,4757,120,250,250,https://www.blazedemo.com/,2847,0,0
1774386516937,337,2 - Escolher Voo,200,OK,Teste de Carga - 250 usuarios 1-160,text,true,,7381,250,250,250,https://www.blazedemo.com/reserve.php,317,0,0
1774386517005,272,2 - Escolher Voo,200,OK,Teste de Carga - 250 usuarios 1-13,text,true,,7381,250,250,250,https://www.blazedemo.com/reserve.php,254,0,0
1774386516939,338,2 - Escolher Voo,200,OK,Teste de Carga - 250 usuarios 1-96,text,true,,7381,250,250,250,https://www.blazedemo.com/reserve.php,317,0,0
1774386516552,726,3 - Comprar Passagem,200,OK,Teste de Carga - 250 usuarios 1-243,text,true,,6719,420,250,250,https://www.blazedemo.com/purchase.php,710,0,0
1774386516958,321,2 - Escolher Voo,200,OK,Teste de Carga - 250 usuarios 1-94,text,true,,7381,250,250,250,https://www.blazedemo.com/reserve.php,301,0,0
1774386517039,241,1 - Acessar Home,200,OK,Teste de Carga - 250 usuarios 1-123,text,true,,4757,120,250,250,https://www.blazedemo.com/,229,0,0
1774386516989,291,2 - Escolher Voo,200,OK,Teste de Carga - 250 usuarios 1-162,text,true,,7381,250,250,250,https://www.blazedemo.com/reserve.php,270,0,0
1774386516982,300,3 - Comprar Passagem,200,OK,Teste de Carga - 250 usuarios 1-68,text,true,,6719,420,250,250,https://www.blazedemo.com/purchase.php,288,0,0
1774386517010,275,3 - Comprar Passagem,200,OK,Teste de Carga - 250 usuarios 1-193,text,true,,6719,420,250,250,https://www.blazedemo.com/purchase.php,257,0,0
1774386513863,3426,3 - Comprar Passagem,200,OK,Teste de Carga - 250 usuarios 1-130,text,true,,6719,420,250,250,https://www.blazedemo.com/purchase.php,3413,0,0
1774386516941,348,3 - Comprar Passagem,200,OK,Teste de Carga - 250 usuarios 1-174,text,true,,6719,420,250,250,https://www.blazedemo.com/purchase.php,330,0,0
1774386517007,293,1 - Acessar Home,200,OK,Teste de Carga - 250 usuarios 1-77,text,true,,4757,120,250,250,https://www.blazedemo.com/,282,0,0
1774386516759,557,1 - Acessar Home,200,OK,Teste de Carga - 250 usuarios 1-132,text,true,,4757,120,250,250,https://www.blazedemo.com/,545,0,0
1774386514378,2948,3 - Comprar Passagem,200,OK,Teste de Carga - 250 usuarios 1-152,text,true,,6719,420,250,250,https://www.blazedemo.com/purchase.php,2936,0,0
1774386517053,282,3 - Comprar Passagem,200,OK,Teste de Carga - 250 usuarios 1-92,text,true,,6719,420,250,250,https://www.blazedemo.com/purchase.php,270,0,0
1774386516891,450,1 - Acessar Home,200,OK,Teste de Carga - 250 usuarios 1-239,text,true,,4757,120,250,250,https://www.blazedemo.com/,439,0,0
1774386517017,325,1 - Acessar Home,200,OK,Teste de Carga - 250 usuarios 1-22,text,true,,4757,120,250,250,https://www.blazedemo.com/,315,0,0
1774386517051,295,3 - Comprar Passagem,200,OK,Teste de Carga - 250 usuarios 1-230,text,true,,6719,420,250,250,https://www.blazedemo.com/purchase.php,278,0,0
1774386517075,271,1 - Acessar Home,200,OK,Teste de Carga - 250 usuarios 1-146,text,true,,4757,120,250,250,https://www.blazedemo.com/,259,0,0
1774386517071,282,2 - Escolher Voo,200,OK,Teste de Carga - 250 usuarios 1-44,text,true,,7381,250,250,250,https://www.blazedemo.com/reserve.php,262,0,0
1774386517088,268,2 - Escolher Voo,200,OK,Teste de Carga - 250 usuarios 1-181,text,true,,7381,250,250,250,https://www.blazedemo.com/reserve.php,247,0,0
1774386517081,275,2 - Escolher Voo,200,OK,Teste de Carga - 250 usuarios 1-134,text,true,,7381,250,250,250,https://www.blazedemo.com/reserve.php,254,0,0
1774386517068,290,3 - Comprar Passagem,200,OK,Teste de Carga - 250 usuarios 1-26,text,true,,6719,420,250,250,https://www.blazedemo.com/purchase.php,278,0,0
1774386516542,816,2 - Escolher Voo,200,OK,Teste de Carga - 250 usuarios 1-56,text,true,,7381,250,250,250,https://www.blazedemo.com/reserve.php,796,0,0
1774386516917,443,1 - Acessar Home,200,OK,Teste de Carga - 250 usuarios 1-207,text,true,,4757,120,250,250,https://www.blazedemo.com/,431,0,0
1774386517075,286,2 - Escolher Voo,200,OK,Teste de Carga - 250 usuarios 1-106,text,true,,7381,250,250,250,https://www.blazedemo.com/reserve.php,265,0,0
1774386513491,3871,1 - Acessar Home,200,OK,Teste de Carga - 250 usuarios 1-221,text,true,,4757,120,250,250,https://www.blazedemo.com/,3859,0,0
1774386516776,588,3 - Comprar Passagem,200,OK,Teste de Carga - 250 usuarios 1-249,text,true,,6719,420,250,250,https://www.blazedemo.com/purchase.php,576,0,0
1774386513374,3990,2 - Escolher Voo,200,OK,Teste de Carga - 250 usuarios 1-66,text,true,,7381,250,250,250,https://www.blazedemo.com/reserve.php,3968,0,0
1774386517099,270,1 - Acessar Home,200,OK,Teste de Carga - 250 usuarios 1-58,text,true,,4757,120,250,250,https://www.blazedemo.com/,257,0,0
1774386517084,286,3 - Comprar Passagem,200,OK,Teste de Carga - 250 usuarios 1-204,text,true,,6719,420,250,250,https://www.blazedemo.com/purchase.php,275,0,0
1774386516691,686,2 - Escolher Voo,200,OK,Teste de Carga - 250 usuarios 1-184,text,true,,7381,250,250,250,https://www.blazedemo.com/reserve.php,667,0,0
1774386517125,258,3 - Comprar Passagem,200,OK,Teste de Carga - 250 usuarios 1-180,text,true,,6719,420,250,250,https://www.blazedemo.com/purchase.php,240,0,0
1774386517120,264,1 - Acessar Home,200,OK,Teste de Carga - 250 usuarios 1-9,text,true,,4757,120,250,250,https://www.blazedemo.com/,252,0,0
1774386517130,265,2 - Escolher Voo,200,OK,Teste de Carga - 250 usuarios 1-101,text,true,,7381,250,250,250,https://www.blazedemo.com/reserve.php,244,0,0
1774386516895,506,3 - Comprar Passagem,200,OK,Teste de Carga - 250 usuarios 1-24,text,true,,6719,420,250,250,https://www.blazedemo.com/purchase.php,492,0,0
1774386517141,260,2 - Escolher Voo,200,OK,Teste de Carga - 250 usuarios 1-79,text,true,,7381,250,250,250,https://www.blazedemo.com/reserve.php,239,0,0
1774386513920,3487,2 - Escolher Voo,200,OK,Teste de Carga - 250 usuarios 1-72,text,true,,7381,250,250,250,https://www.blazedemo.com/reserve.php,3468,0,0
1774386517120,290,2 - Escolher Voo,200,OK,Teste de Carga - 250 usuarios 1-81,text,true,,7381,250,250,250,https://www.blazedemo.com/reserve.php,269,0,0
1774386517160,250,1 - Acessar Home,200,OK,Teste de Carga - 250 usuarios 1-238,text,true,,4757,120,250,250,https://www.blazedemo.com/,239,0,0
1774386517059,353,3 - Comprar Passagem,200,OK,Teste de Carga - 250 usuarios 1-212,text,true,,6719,420,250,250,https://www.blazedemo.com/purchase.php,340,0,0
1774386517148,272,1 - Acessar Home,200,OK,Teste de Carga - 250 usuarios 1-250,text,true,,4757,120,250,250,https://www.blazedemo.com/,263,0,0
1774386516935,487,1 - Acessar Home,200,OK,Teste de Carga - 250 usuarios 1-140,text,true,,4757,120,250,250,https://www.blazedemo.com/,475,0,0
1774386513561,3862,3 - Comprar Passagem,200,OK,Teste de Carga - 250 usuarios 1-127,text,true,,6719,420,250,250,https://www.blazedemo.com/purchase.php,3850,0,0
1774386517088,337,3 - Comprar Passagem,200,OK,Teste de Carga - 250 usuarios 1-14,text,true,,6719,420,250,250,https://www.blazedemo.com/purchase.php,325,0,0
1774386516965,468,1 - Acessar Home,200,OK,Teste de Carga - 250 usuarios 1-236,text,true,,4757,120,250,250,https://www.blazedemo.com/,455,0,0
1774386517141,295,1 - Acessar Home,200,OK,Teste de Carga - 250 usuarios 1-165,text,true,,4757,120,250,250,https://www.blazedemo.com/,283,0,0
1774386517066,385,3 - Comprar Passagem,200,OK,Teste de Carga - 250 usuarios 1-179,text,true,,6719,420,250,250,https://www.blazedemo.com/purchase.php,369,0,0
1774386517201,250,1 - Acessar Home,200,OK,Teste de Carga - 250 usuarios 1-11,text,true,,4757,120,250,250,https://www.blazedemo.com/,238,0,0
1774386517013,441,3 - Comprar Passagem,200,OK,Teste de Carga - 250 usuarios 1-111,text,true,,6719,420,250,250,https://www.blazedemo.com/purchase.php,428,0,0
1774386516823,635,2 - Escolher Voo,200,OK,Teste de Carga - 250 usuarios 1-172,text,true,,7381,250,250,250,https://www.blazedemo.com/reserve.php,614,0,0
1774386517176,283,2 - Escolher Voo,200,OK,Teste de Carga - 250 usuarios 1-164,text,true,,7381,250,250,250,https://www.blazedemo.com/reserve.php,263,0,0
1774386517091,381,1 - Acessar Home,200,OK,Teste de Carga - 250 usuarios 1-50,text,true,,4757,120,250,250,https://www.blazedemo.com/,369,0,0
1774386517186,290,1 - Acessar Home,200,OK,Teste de Carga - 250 usuarios 1-136,text,true,,4757,120,250,250,https://www.blazedemo.com/,278,0,0
1774386513502,3975,1 - Acessar Home,200,OK,Teste de Carga - 250 usuarios 1-59,text,true,,4757,120,250,250,https://www.blazedemo.com/,3963,0,0
1774386513569,3909,3 - Comprar Passagem,200,OK,Teste de Carga - 250 usuarios 1-233,text,true,,6719,420,250,250,https://www.blazedemo.com/purchase.php,3892,0,0
1774386517189,292,3 - Comprar Passagem,200,OK,Teste de Carga - 250 usuarios 1-151,text,true,,6719,420,250,250,https://www.blazedemo.com/purchase.php,281,0,0
1774386517227,261,2 - Escolher Voo,200,OK,Teste de Carga - 250 usuarios 1-225,text,true,,7381,250,250,250,https://www.blazedemo.com/reserve.php,241,0,0
1774386517116,385,2 - Escolher Voo,200,OK,Teste de Carga - 250 usuarios 1-115,text,true,,7381,250,250,250,https://www.blazedemo.com/reserve.php,363,0,0
1774386517245,256,1 - Acessar Home,200,OK,Teste de Carga - 250 usuarios 1-43,text,true,,4757,120,250,250,https://www.blazedemo.com/,244,0,0
1774386517212,292,2 - Escolher Voo,200,OK,Teste de Carga - 250 usuarios 1-246,text,true,,7381,250,250,250,https://www.blazedemo.com/reserve.php,272,0,0
1774386517209,300,2 - Escolher Voo,200,OK,Teste de Carga - 250 usuarios 1-177,text,true,,7381,250,250,250,https://www.blazedemo.com/reserve.php,279,0,0
1774386517146,364,2 - Escolher Voo,200,OK,Teste de Carga - 250 usuarios 1-31,text,true,,7381,250,250,250,https://www.blazedemo.com/reserve.php,343,0,0
1774386517226,285,1 - Acessar Home,200,OK,Teste de Carga - 250 usuarios 1-33,text,true,,4757,120,250,250,https://www.blazedemo.com/,273,0,0
1774386517156,358,1 - Acessar Home,200,OK,Teste de Carga - 250 usuarios 1-235,text,true,,4757,120,250,250,https://www.blazedemo.com/,343,0,0
1774386513575,3941,1 - Acessar Home,200,OK,Teste de Carga - 250 usuarios 1-48,text,true,,4757,120,250,250,https://www.blazedemo.com/,3926,0,0
1774386517258,262,1 - Acessar Home,200,OK,Teste de Carga - 250 usuarios 1-114,text,true,,4757,120,250,250,https://www.blazedemo.com/,251,0,0
1774386517248,276,3 - Comprar Passagem,200,OK,Teste de Carga - 250 usuarios 1-49,text,true,,6719,420,250,250,https://www.blazedemo.com/purchase.php,264,0,0
1774386516985,540,2 - Escolher Voo,200,OK,Teste de Carga - 250 usuarios 1-216,text,true,,7381,250,250,250,https://www.blazedemo.com/reserve.php,520,0,0
1774386517280,246,3 - Comprar Passagem,200,OK,Teste de Carga - 250 usuarios 1-162,text,true,,6719,420,250,250,https://www.blazedemo.com/purchase.php,234,0,0
1774386513971,3563,2 - Escolher Voo,200,OK,Teste de Carga - 250 usuarios 1-40,text,true,,7381,250,250,250,https://www.blazedemo.com/reserve.php,3543,0,0
1774386517042,492,1 - Acessar Home,200,OK,Teste de Carga - 250 usuarios 1-185,text,true,,4757,120,250,250,https://www.blazedemo.com/,479,0,0
1774386517250,293,2 - Escolher Voo,200,OK,Teste de Carga - 250 usuarios 1-69,text,true,,7381,250,250,250,https://www.blazedemo.com/reserve.php,272,0,0
1774386516861,683,2 - Escolher Voo,200,OK,Teste de Carga - 250 usuarios 1-137,text,true,,7381,250,250,250,https://www.blazedemo.com/reserve.php,663,0,0
1774386517028,518,2 - Escolher Voo,200,OK,Teste de Carga - 250 usuarios 1-200,text,true,,7381,250,250,250,https://www.blazedemo.com/reserve.php,498,0,0
1774386517075,472,1 - Acessar Home,200,OK,Teste de Carga - 250 usuarios 1-15,text,true,,4757,120,250,250,https://www.blazedemo.com/,460,0,0
1774386517039,510,3 - Comprar Passagem,200,OK,Teste de Carga - 250 usuarios 1-128,text,true,,6719,420,250,250,https://www.blazedemo.com/purchase.php,496,0,0
1774386517289,268,1 - Acessar Home,200,OK,Teste de Carga - 250 usuarios 1-174,text,true,,4757,120,250,250,https://www.blazedemo.com/,257,0,0
1774386517243,320,1 - Acessar Home,200,OK,Teste de Carga - 250 usuarios 1-237,text,true,,4757,120,250,250,https://www.blazedemo.com/,309,0,0
1774386517274,290,2 - Escolher Voo,200,OK,Teste de Carga - 250 usuarios 1-122,text,true,,7381,250,250,250,https://www.blazedemo.com/reserve.php,270,0,0
1774386517277,289,3 - Comprar Passagem,200,OK,Teste de Carga - 250 usuarios 1-96,text,true,,6719,420,250,250,https://www.blazedemo.com/purchase.php,277,0,0
1774386514631,2935,2 - Escolher Voo,200,OK,Teste de Carga - 250 usuarios 1-75,text,true,,7381,250,250,250,https://www.blazedemo.com/reserve.php,2915,0,0
1774386514643,2926,3 - Comprar Passagem,200,OK,Teste de Carga - 250 usuarios 1-91,text,true,,6719,420,250,250,https://www.blazedemo.com/purchase.php,2916,0,0
1774386517243,329,1 - Acessar Home,200,OK,Teste de Carga - 250 usuarios 1-103,text,true,,4757,120,250,250,https://www.blazedemo.com/,318,0,0
1774386517247,328,3 - Comprar Passagem,200,OK,Teste de Carga - 250 usuarios 1-247,text,true,,6719,420,250,250,https://www.blazedemo.com/purchase.php,315,0,0
1774386517237,343,1 - Acessar Home,200,OK,Teste de Carga - 250 usuarios 1-83,text,true,,4757,120,250,250,https://www.blazedemo.com/,331,0,0
1774386517280,305,2 - Escolher Voo,200,OK,Teste de Carga - 250 usuarios 1-123,text,true,,7381,250,250,250,https://www.blazedemo.com/reserve.php,285,0,0
1774386517300,292,2 - Escolher Voo,200,OK,Teste de Carga - 250 usuarios 1-77,text,true,,7381,250,250,250,https://www.blazedemo.com/reserve.php,271,0,0
1774386517353,248,3 - Comprar Passagem,200,OK,Teste de Carga - 250 usuarios 1-44,text,true,,6719,420,250,250,https://www.blazedemo.com/purchase.php,236,0,0
1774386513717,3884,3 - Comprar Passagem,200,OK,Teste de Carga - 250 usuarios 1-27,text,true,,6719,420,250,250,https://www.blazedemo.com/purchase.php,3872,0,0
1774386514059,3542,3 - Comprar Passagem,200,OK,Teste de Carga - 250 usuarios 1-142,text,true,,6719,420,250,250,https://www.blazedemo.com/purchase.php,3526,0,0
1774386513598,4004,1 - Acessar Home,200,OK,Teste de Carga - 250 usuarios 1-16,text,true,,4757,120,250,250,https://www.blazedemo.com/,3993,0,0
1774386517274,335,3 - Comprar Passagem,200,OK,Teste de Carga - 250 usuarios 1-160,text,true,,6719,420,250,250,https://www.blazedemo.com/purchase.php,323,0,0
1774386517358,260,1 - Acessar Home,200,OK,Teste de Carga - 250 usuarios 1-26,text,true,,4757,120,250,250,https://www.blazedemo.com/,249,0,0
1774386517162,459,1 - Acessar Home,200,OK,Teste de Carga - 250 usuarios 1-139,text,true,,4757,120,250,250,https://www.blazedemo.com/,446,0,0
1774386514485,3138,3 - Comprar Passagem,200,OK,Teste de Carga - 250 usuarios 1-74,text,true,,6719,420,250,250,https://www.blazedemo.com/purchase.php,3128,0,0
1774386517228,397,3 - Comprar Passagem,200,OK,Teste de Carga - 250 usuarios 1-39,text,true,,6719,420,250,250,https://www.blazedemo.com/purchase.php,385,0,0
1774386514065,3561,1 - Acessar Home,200,OK,Teste de Carga - 250 usuarios 1-205,text,true,,4757,120,250,250,https://www.blazedemo.com/,3549,0,0
1774386517245,385,1 - Acessar Home,200,OK,Teste de Carga - 250 usuarios 1-8,text,true,,4757,120,250,250,https://www.blazedemo.com/,373,0,0
1774386517156,484,2 - Escolher Voo,200,OK,Teste de Carga - 250 usuarios 1-100,text,true,,7381,250,250,250,https://www.blazedemo.com/reserve.php,463,0,0
1774386517346,295,1 - Acessar Home,200,OK,Teste de Carga - 250 usuarios 1-230,text,true,,4757,120,250,250,https://www.blazedemo.com/,284,0,0
1774386517143,500,2 - Escolher Voo,200,OK,Teste de Carga - 250 usuarios 1-6,text,true,,7381,250,250,250,https://www.blazedemo.com/reserve.php,483,0,0
1774386517316,330,2 - Escolher Voo,200,OK,Teste de Carga - 250 usuarios 1-132,text,true,,7381,250,250,250,https://www.blazedemo.com/reserve.php,314,0,0
1774386517257,402,3 - Comprar Passagem,200,OK,Teste de Carga - 250 usuarios 1-234,text,true,,6719,420,250,250,https://www.blazedemo.com/purchase.php,385,0,0
1774386517378,286,3 - Comprar Passagem,200,OK,Teste de Carga - 250 usuarios 1-184,text,true,,6719,420,250,250,https://www.blazedemo.com/purchase.php,274,0,0
1774386513823,3847,1 - Acessar Home,200,OK,Teste de Carga - 250 usuarios 1-28,text,true,,4757,120,250,250,https://www.blazedemo.com/,3835,0,0
1774386517361,309,3 - Comprar Passagem,200,OK,Teste de Carga - 250 usuarios 1-106,text,true,,6719,420,250,250,https://www.blazedemo.com/purchase.php,297,0,0
1774386517358,319,3 - Comprar Passagem,200,OK,Teste de Carga - 250 usuarios 1-56,text,true,,6719,420,250,250,https://www.blazedemo.com/purchase.php,309,0,0
1774386517289,391,1 - Acessar Home,200,OK,Teste de Carga - 250 usuarios 1-130,text,true,,4757,120,250,250,https://www.blazedemo.com/,379,0,0
1774386513621,4068,3 - Comprar Passagem,200,OK,Teste de Carga - 250 usuarios 1-241,text,true,,6719,420,250,250,https://www.blazedemo.com/purchase.php,4056,0,0
1774386517412,278,1 - Acessar Home,200,OK,Teste de Carga - 250 usuarios 1-212,text,true,,4757,120,250,250,https://www.blazedemo.com/,267,0,0
1774386517192,499,2 - Escolher Voo,200,OK,Teste de Carga - 250 usuarios 1-202,text,true,,7381,250,250,250,https://www.blazedemo.com/reserve.php,479,0,0
1774386517326,365,1 - Acessar Home,200,OK,Teste de Carga - 250 usuarios 1-152,text,true,,4757,120,250,250,https://www.blazedemo.com/,353,0,0
1774386517422,277,2 - Escolher Voo,200,OK,Teste de Carga - 250 usuarios 1-140,text,true,,7381,250,250,250,https://www.blazedemo.com/reserve.php,257,0,0
1774386517279,420,3 - Comprar Passagem,200,OK,Teste de Carga - 250 usuarios 1-94,text,true,,6719,420,250,250,https://www.blazedemo.com/purchase.php,409,0,0
1774386517362,338,2 - Escolher Voo,200,OK,Teste de Carga - 250 usuarios 1-221,text,true,,7381,250,250,250,https://www.blazedemo.com/reserve.php,318,0,0
1774386517433,271,2 - Escolher Voo,200,OK,Teste de Carga - 250 usuarios 1-236,text,true,,7381,250,250,250,https://www.blazedemo.com/reserve.php,251,0,0
1774386517342,364,2 - Escolher Voo,200,OK,Teste de Carga - 250 usuarios 1-22,text,true,,7381,250,250,250,https://www.blazedemo.com/reserve.php,344,0,0
1774386514868,2838,2 - Escolher Voo,200,OK,Teste de Carga - 250 usuarios 1-203,text,true,,7381,250,250,250,https://www.blazedemo.com/reserve.php,2818,0,0
1774386515155,2557,3 - Comprar Passagem,200,OK,Teste de Carga - 250 usuarios 1-196,text,true,,6719,420,250,250,https://www.blazedemo.com/purchase.php,2545,0,0
1774386517277,437,3 - Comprar Passagem,200,OK,Teste de Carga - 250 usuarios 1-13,text,true,,6719,420,250,250,https://www.blazedemo.com/purchase.php,426,0,0
1774386517360,357,2 - Escolher Voo,200,OK,Teste de Carga - 250 usuarios 1-207,text,true,,7381,250,250,250,https://www.blazedemo.com/reserve.php,337,0,0
1774386517356,362,3 - Comprar Passagem,200,OK,Teste de Carga - 250 usuarios 1-134,text,true,,6719,420,250,250,https://www.blazedemo.com/purchase.php,351,0,0
1774386517451,275,1 - Acessar Home,200,OK,Teste de Carga - 250 usuarios 1-179,text,true,,4757,120,250,250,https://www.blazedemo.com/,262,0,0
1774386517425,301,1 - Acessar Home,200,OK,Teste de Carga - 250 usuarios 1-14,text,true,,4757,120,250,250,https://www.blazedemo.com/,289,0,0
1774386517369,359,2 - Escolher Voo,200,OK,Teste de Carga - 250 usuarios 1-58,text,true,,7381,250,250,250,https://www.blazedemo.com/reserve.php,338,0,0
1774386517384,348,2 - Escolher Voo,200,OK,Teste de Carga - 250 usuarios 1-9,text,true,,7381,250,250,250,https://www.blazedemo.com/reserve.php,328,0,0
1774386517356,378,3 - Comprar Passagem,200,OK,Teste de Carga - 250 usuarios 1-181,text,true,,6719,420,250,250,https://www.blazedemo.com/purchase.php,365,0,0
1774386517460,281,3 - Comprar Passagem,200,OK,Teste de Carga - 250 usuarios 1-164,text,true,,6719,420,250,250,https://www.blazedemo.com/purchase.php,268,0,0
1774386517346,395,2 - Escolher Voo,200,OK,Teste de Carga - 250 usuarios 1-146,text,true,,7381,250,250,250,https://www.blazedemo.com/reserve.php,373,0,0
1774386514564,3191,2 - Escolher Voo,200,OK,Teste de Carga - 250 usuarios 1-89,text,true,,7381,250,250,250,https://www.blazedemo.com/reserve.php,3171,0,0
1774386517285,475,1 - Acessar Home,200,OK,Teste de Carga - 250 usuarios 1-193,text,true,,4757,120,250,250,https://www.blazedemo.com/,464,0,0
1774386514582,3188,3 - Comprar Passagem,200,OK,Teste de Carga - 250 usuarios 1-166,text,true,,6719,420,250,250,https://www.blazedemo.com/purchase.php,3175,0,0
1774386517477,302,2 - Escolher Voo,200,OK,Teste de Carga - 250 usuarios 1-136,text,true,,7381,250,250,250,https://www.blazedemo.com/reserve.php,281,0,0
1774386514150,3630,3 - Comprar Passagem,200,OK,Teste de Carga - 250 usuarios 1-186,text,true,,6719,420,250,250,https://www.blazedemo.com/purchase.php,3619,0,0
1774386517401,380,1 - Acessar Home,200,OK,Teste de Carga - 250 usuarios 1-24,text,true,,4757,120,250,250,https://www.blazedemo.com/,369,0,0
1774386517370,418,1 - Acessar Home,200,OK,Teste de Carga - 250 usuarios 1-204,text,true,,4757,120,250,250,https://www.blazedemo.com/,406,0,0
1774386517401,387,3 - Comprar Passagem,200,OK,Teste de Carga - 250 usuarios 1-79,text,true,,6719,420,250,250,https://www.blazedemo.com/purchase.php,375,0,0
1774386517534,255,3 - Comprar Passagem,200,OK,Teste de Carga - 250 usuarios 1-40,text,true,,6719,420,250,250,https://www.blazedemo.com/purchase.php,244,0,0
1774386513701,4088,2 - Escolher Voo,200,OK,Teste de Carga - 250 usuarios 1-37,text,true,,7381,250,250,250,https://www.blazedemo.com/reserve.php,4067,0,0
1774386514031,3764,2 - Escolher Voo,200,OK,Teste de Carga - 250 usuarios 1-120,text,true,,7381,250,250,250,https://www.blazedemo.com/reserve.php,3744,0,0
1774386517525,271,3 - Comprar Passagem,200,OK,Teste de Carga - 250 usuarios 1-216,text,true,,6719,420,250,250,https://www.blazedemo.com/purchase.php,259,0,0
1774386517383,418,1 - Acessar Home,200,OK,Teste de Carga - 250 usuarios 1-180,text,true,,4757,120,250,250,https://www.blazedemo.com/,405,0,0
1774386517526,275,1 - Acessar Home,200,OK,Teste de Carga - 250 usuarios 1-162,text,true,,4757,120,250,250,https://www.blazedemo.com/,265,0,0
1774386517550,253,1 - Acessar Home,200,OK,Teste de Carga - 250 usuarios 1-128,text,true,,4757,120,250,250,https://www.blazedemo.com/,242,0,0
1774386517395,418,3 - Comprar Passagem,200,OK,Teste de Carga - 250 usuarios 1-101,text,true,,6719,420,250,250,https://www.blazedemo.com/purchase.php,407,0,0
1774386517563,252,2 - Escolher Voo,200,OK,Teste de Carga - 250 usuarios 1-237,text,true,,7381,250,250,250,https://www.blazedemo.com/reserve.php,232,0,0
1774386517423,392,1 - Acessar Home,200,OK,Teste de Carga - 250 usuarios 1-127,text,true,,4757,120,250,250,https://www.blazedemo.com/,378,0,0
1774386517501,318,3 - Comprar Passagem,200,OK,Teste de Carga - 250 usuarios 1-115,text,true,,6719,420,250,250,https://www.blazedemo.com/purchase.php,306,0,0
1774386517520,303,2 - Escolher Voo,200,OK,Teste de Carga - 250 usuarios 1-114,text,true,,7381,250,250,250,https://www.blazedemo.com/reserve.php,286,0,0
1774386517509,314,3 - Comprar Passagem,200,OK,Teste de Carga - 250 usuarios 1-177,text,true,,6719,420,250,250,https://www.blazedemo.com/purchase.php,302,0,0
1774386517511,315,2 - Escolher Voo,200,OK,Teste de Carga - 250 usuarios 1-33,text,true,,7381,250,250,250,https://www.blazedemo.com/reserve.php,295,0,0
1774386514173,3653,2 - Escolher Voo,200,OK,Teste de Carga - 250 usuarios 1-38,text,true,,7381,250,250,250,https://www.blazedemo.com/reserve.php,3633,0,0
1774386517534,300,2 - Escolher Voo,200,OK,Teste de Carga - 250 usuarios 1-185,text,true,,7381,250,250,250,https://www.blazedemo.com/reserve.php,279,0,0
1774386517580,262,2 - Escolher Voo,200,OK,Teste de Carga - 250 usuarios 1-83,text,true,,7381,250,250,250,https://www.blazedemo.com/reserve.php,243,0,0
1774386517458,390,3 - Comprar Passagem,200,OK,Teste de Carga - 250 usuarios 1-172,text,true,,6719,420,250,250,https://www.blazedemo.com/purchase.php,375,0,0
1774386515268,2592,1 - Acessar Home,200,OK,Teste de Carga - 250 usuarios 1-133,text,true,,4757,120,250,250,https://www.blazedemo.com/,2580,0,0
1774386517477,383,2 - Escolher Voo,200,OK,Teste de Carga - 250 usuarios 1-59,text,true,,7381,250,250,250,https://www.blazedemo.com/reserve.php,363,0,0
1774386515273,2587,2 - Escolher Voo,200,OK,Teste de Carga - 250 usuarios 1-93,text,true,,7381,250,250,250,https://www.blazedemo.com/reserve.php,2567,0,0
1774386514023,3841,3 - Comprar Passagem,200,OK,Teste de Carga - 250 usuarios 1-219,text,true,,6719,420,250,250,https://www.blazedemo.com/purchase.php,3829,0,0
1774386514176,3696,3 - Comprar Passagem,200,OK,Teste de Carga - 250 usuarios 1-189,text,true,,6719,420,250,250,https://www.blazedemo.com/purchase.php,3685,0,0
1774386517569,304,1 - Acessar Home,200,OK,Teste de Carga - 250 usuarios 1-91,text,true,,4757,120,250,250,https://www.blazedemo.com/,292,0,0
1774386517501,378,2 - Escolher Voo,200,OK,Teste de Carga - 250 usuarios 1-43,text,true,,7381,250,250,250,https://www.blazedemo.com/reserve.php,362,0,0
1774386517609,271,1 - Acessar Home,200,OK,Teste de Carga - 250 usuarios 1-160,text,true,,4757,120,250,250,https://www.blazedemo.com/,260,0,0
1774386517511,370,3 - Comprar Passagem,200,OK,Teste de Carga - 250 usuarios 1-31,text,true,,6719,420,250,250,https://www.blazedemo.com/purchase.php,358,0,0
1774386517451,430,2 - Escolher Voo,200,OK,Teste de Carga - 250 usuarios 1-11,text,true,,7381,250,250,250,https://www.blazedemo.com/reserve.php,410,0,0
1774386517585,297,3 - Comprar Passagem,200,OK,Teste de Carga - 250 usuarios 1-123,text,true,,6719,420,250,250,https://www.blazedemo.com/purchase.php,286,0,0
1774386513758,4126,2 - Escolher Voo,200,OK,Teste de Carga - 250 usuarios 1-226,text,true,,7381,250,250,250,https://www.blazedemo.com/reserve.php,4106,0,0
1774386517601,294,1 - Acessar Home,200,OK,Teste de Carga - 250 usuarios 1-44,text,true,,4757,120,250,250,https://www.blazedemo.com/,282,0,0
1774386517640,257,3 - Comprar Passagem,200,OK,Teste de Carga - 250 usuarios 1-100,text,true,,6719,420,250,250,https://www.blazedemo.com/purchase.php,240,0,0
1774386517643,259,3 - Comprar Passagem,200,OK,Teste de Carga - 250 usuarios 1-6,text,true,,6719,420,250,250,https://www.blazedemo.com/purchase.php,247,0,0
1774386517564,338,3 - Comprar Passagem,200,OK,Teste de Carga - 250 usuarios 1-122,text,true,,6719,420,250,250,https://www.blazedemo.com/purchase.php,325,0,0
1774386517514,388,2 - Escolher Voo,200,OK,Teste de Carga - 250 usuarios 1-235,text,true,,7381,250,250,250,https://www.blazedemo.com/reserve.php,357,0,0
1774386514582,3320,3 - Comprar Passagem,200,OK,Teste de Carga - 250 usuarios 1-183,text,true,,6719,420,250,250,https://www.blazedemo.com/purchase.php,3308,0,0
1774386517659,250,1 - Acessar Home,200,OK,Teste de Carga - 250 usuarios 1-234,text,true,,4757,120,250,250,https://www.blazedemo.com/,238,0,0
1774386517544,368,3 - Comprar Passagem,200,OK,Teste de Carga - 250 usuarios 1-137,text,true,,6719,420,250,250,https://www.blazedemo.com/purchase.php,356,0,0
1774386517642,272,2 - Escolher Voo,200,OK,Teste de Carga - 250 usuarios 1-230,text,true,,7381,250,250,250,https://www.blazedemo.com/reserve.php,257,0,0
1774386517525,391,1 - Acessar Home,200,OK,Teste de Carga - 250 usuarios 1-49,text,true,,4757,120,250,250,https://www.blazedemo.com/,379,0,0
1774386517516,402,2 - Escolher Voo,200,OK,Teste de Carga - 250 usuarios 1-48,text,true,,7381,250,250,250,https://www.blazedemo.com/reserve.php,381,0,0
1774386517624,296,1 - Acessar Home,200,OK,Teste de Carga - 250 usuarios 1-74,text,true,,4757,120,250,250,https://www.blazedemo.com/,287,0,0
1774386517488,435,3 - Comprar Passagem,200,OK,Teste de Carga - 250 usuarios 1-225,text,true,,6719,420,250,250,https://www.blazedemo.com/purchase.php,423,0,0
1774386514266,3661,3 - Comprar Passagem,200,OK,Teste de Carga - 250 usuarios 1-208,text,true,,6719,420,250,250,https://www.blazedemo.com/purchase.php,3649,0,0
1774386517664,267,1 - Acessar Home,200,OK,Teste de Carga - 250 usuarios 1-184,text,true,,4757,120,250,250,https://www.blazedemo.com/,254,0,0
1774386517546,390,3 - Comprar Passagem,200,OK,Teste de Carga - 250 usuarios 1-200,text,true,,6719,420,250,250,https://www.blazedemo.com/purchase.php,378,0,0
1774386514381,3558,1 - Acessar Home,200,OK,Teste de Carga - 250 usuarios 1-231,text,true,,4757,120,250,250,https://www.blazedemo.com/,3546,0,0
1774386517572,368,2 - Escolher Voo,200,OK,Teste de Carga - 250 usuarios 1-103,text,true,,7381,250,250,250,https://www.blazedemo.com/reserve.php,352,0,0
1774386517670,282,2 - Escolher Voo,200,OK,Teste de Carga - 250 usuarios 1-28,text,true,,7381,250,250,250,https://www.blazedemo.com/reserve.php,262,0,0
1774386514653,3302,3 - Comprar Passagem,200,OK,Teste de Carga - 250 usuarios 1-117,text,true,,6719,420,250,250,https://www.blazedemo.com/purchase.php,3288,0,0
1774386517626,336,2 - Escolher Voo,200,OK,Teste de Carga - 250 usuarios 1-205,text,true,,7381,250,250,250,https://www.blazedemo.com/reserve.php,315,0,0
1774386514417,3548,2 - Escolher Voo,200,OK,Teste de Carga - 250 usuarios 1-35,text,true,,7381,250,250,250,https://www.blazedemo.com/reserve.php,3531,0,0
1774386513779,4188,2 - Escolher Voo,200,OK,Teste de Carga - 250 usuarios 1-90,text,true,,7381,250,250,250,https://www.blazedemo.com/reserve.php,4168,0,0
1774386517734,240,1 - Acessar Home,200,OK,Teste de Carga - 250 usuarios 1-181,text,true,,4757,120,250,250,https://www.blazedemo.com/,228,0,0
1774386517706,268,3 - Comprar Passagem,200,OK,Teste de Carga - 250 usuarios 1-22,text,true,,6719,420,250,250,https://www.blazedemo.com/purchase.php,256,0,0
1774386517602,375,1 - Acessar Home,200,OK,Teste de Carga - 250 usuarios 1-142,text,true,,4757,120,250,250,https://www.blazedemo.com/,363,0,0
1774386517566,419,3 - Comprar Passagem,200,OK,Teste de Carga - 250 usuarios 1-75,text,true,,6719,420,250,250,https://www.blazedemo.com/purchase.php,406,0,0
1774386517630,365,2 - Escolher Voo,200,OK,Teste de Carga - 250 usuarios 1-8,text,true,,7381,250,250,250,https://www.blazedemo.com/reserve.php,344,0,0
1774386517592,408,3 - Comprar Passagem,200,OK,Teste de Carga - 250 usuarios 1-77,text,true,,6719,420,250,250,https://www.blazedemo.com/purchase.php,397,0,0
1774386517704,298,3 - Comprar Passagem,200,OK,Teste de Carga - 250 usuarios 1-236,text,true,,6719,420,250,250,https://www.blazedemo.com/purchase.php,287,0,0
1774386517602,400,2 - Escolher Voo,200,OK,Teste de Carga - 250 usuarios 1-16,text,true,,7381,250,250,250,https://www.blazedemo.com/reserve.php,379,0,0
1774386517680,322,2 - Escolher Voo,200,OK,Teste de Carga - 250 usuarios 1-130,text,true,,7381,250,250,250,https://www.blazedemo.com/reserve.php,301,0,0
1774386517728,274,3 - Comprar Passagem,200,OK,Teste de Carga - 250 usuarios 1-58,text,true,,6719,420,250,250,https://www.blazedemo.com/purchase.php,262,0,0
1774386517566,439,1 - Acessar Home,200,OK,Teste de Carga - 250 usuarios 1-96,text,true,,4757,120,250,250,https://www.blazedemo.com/,427,0,0
1774386517700,305,1 - Acessar Home,200,OK,Teste de Carga - 250 usuarios 1-94,text,true,,4757,120,250,250,https://www.blazedemo.com/,294,0,0
1774386517543,468,3 - Comprar Passagem,200,OK,Teste de Carga - 250 usuarios 1-69,text,true,,6719,420,250,250,https://www.blazedemo.com/purchase.php,451,0,0
1774386514501,3517,1 - Acessar Home,200,OK,Teste de Carga - 250 usuarios 1-135,text,true,,4757,120,250,250,https://www.blazedemo.com/,3506,0,0
1774386517621,401,2 - Escolher Voo,200,OK,Teste de Carga - 250 usuarios 1-139,text,true,,7381,250,250,250,https://www.blazedemo.com/reserve.php,379,0,0
1774386517691,331,3 - Comprar Passagem,200,OK,Teste de Carga - 250 usuarios 1-202,text,true,,6719,420,250,250,https://www.blazedemo.com/purchase.php,319,0,0
1774386517732,299,3 - Comprar Passagem,200,OK,Teste de Carga - 250 usuarios 1-9,text,true,,6719,420,250,250,https://www.blazedemo.com/purchase.php,284,0,0
1774386517761,273,2 - Escolher Voo,200,OK,Teste de Carga - 250 usuarios 1-193,text,true,,7381,250,250,250,https://www.blazedemo.com/reserve.php,256,0,0
1774386517779,260,3 - Comprar Passagem,200,OK,Teste de Carga - 250 usuarios 1-136,text,true,,6719,420,250,250,https://www.blazedemo.com/purchase.php,243,0,0
1774386515570,2469,2 - Escolher Voo,200,OK,Teste de Carga - 250 usuarios 1-34,text,true,,7381,250,250,250,https://www.blazedemo.com/reserve.php,2448,0,0
1774386517790,250,3 - Comprar Passagem,200,OK,Teste de Carga - 250 usuarios 1-37,text,true,,6719,420,250,250,https://www.blazedemo.com/purchase.php,238,0,0
1774386517790,254,1 - Acessar Home,200,OK,Teste de Carga - 250 usuarios 1-40,text,true,,4757,120,250,250,https://www.blazedemo.com/,242,0,0
1774386517755,295,3 - Comprar Passagem,200,OK,Teste de Carga - 250 usuarios 1-89,text,true,,6719,420,250,250,https://www.blazedemo.com/purchase.php,283,0,0
1774386517700,353,3 - Comprar Passagem,200,OK,Teste de Carga - 250 usuarios 1-140,text,true,,6719,420,250,250,https://www.blazedemo.com/purchase.php,341,0,0
1774386514447,3609,3 - Comprar Passagem,200,OK,Teste de Carga - 250 usuarios 1-109,text,true,,6719,420,250,250,https://www.blazedemo.com/purchase.php,3597,0,0
1774386517788,271,1 - Acessar Home,200,OK,Teste de Carga - 250 usuarios 1-79,text,true,,4757,120,250,250,https://www.blazedemo.com/,258,0,0
1774386517712,347,1 - Acessar Home,200,OK,Teste de Carga - 250 usuarios 1-196,text,true,,4757,120,250,250,https://www.blazedemo.com/,336,0,0
1774386514087,3972,2 - Escolher Voo,200,OK,Teste de Carga - 250 usuarios 1-121,text,true,,7381,250,250,250,https://www.blazedemo.com/reserve.php,3952,0,0
1774386514694,3371,1 - Acessar Home,200,OK,Teste de Carga - 250 usuarios 1-195,text,true,,4757,120,250,250,https://www.blazedemo.com/,3359,0,0
1774386517646,423,3 - Comprar Passagem,200,OK,Teste de Carga - 250 usuarios 1-132,text,true,,6719,420,250,250,https://www.blazedemo.com/purchase.php,410,0,0
1774386517717,369,3 - Comprar Passagem,200,OK,Teste de Carga - 250 usuarios 1-207,text,true,,6719,420,250,250,https://www.blazedemo.com/purchase.php,356,0,0
1774386517677,410,1 - Acessar Home,200,OK,Teste de Carga - 250 usuarios 1-56,text,true,,4757,120,250,250,https://www.blazedemo.com/,396,0,0
1774386517741,349,1 - Acessar Home,200,OK,Teste de Carga - 250 usuarios 1-164,text,true,,4757,120,250,250,https://www.blazedemo.com/,337,0,0
1774386517823,268,1 - Acessar Home,200,OK,Teste de Carga - 250 usuarios 1-177,text,true,,4757,120,250,250,https://www.blazedemo.com/,258,0,0
1774386517718,387,1 - Acessar Home,200,OK,Teste de Carga - 250 usuarios 1-134,text,true,,4757,120,250,250,https://www.blazedemo.com/,374,0,0
1774386517618,492,2 - Escolher Voo,200,OK,Teste de Carga - 250 usuarios 1-26,text,true,,7381,250,250,250,https://www.blazedemo.com/reserve.php,476,0,0
1774386517781,331,2 - Escolher Voo,200,OK,Teste de Carga - 250 usuarios 1-24,text,true,,7381,250,250,250,https://www.blazedemo.com/reserve.php,311,0,0
1774386517547,568,2 - Escolher Voo,200,OK,Teste de Carga - 250 usuarios 1-15,text,true,,7381,250,250,250,https://www.blazedemo.com/reserve.php,551,0,0
1774386517796,330,1 - Acessar Home,200,OK,Teste de Carga - 250 usuarios 1-216,text,true,,4757,120,250,250,https://www.blazedemo.com/,318,0,0
1774386517671,456,1 - Acessar Home,200,OK,Teste de Carga - 250 usuarios 1-106,text,true,,4757,120,250,250,https://www.blazedemo.com/,445,0,0
1774386517861,267,3 - Comprar Passagem,200,OK,Teste de Carga - 250 usuarios 1-93,text,true,,6719,420,250,250,https://www.blazedemo.com/purchase.php,254,0,0
1774386517801,328,2 - Escolher Voo,200,OK,Teste de Carga - 250 usuarios 1-180,text,true,,7381,250,250,250,https://www.blazedemo.com/reserve.php,305,0,0
1774386517897,239,1 - Acessar Home,200,OK,Teste de Carga - 250 usuarios 1-100,text,true,,4757,120,250,250,https://www.blazedemo.com/,226,0,0
1774386517884,253,3 - Comprar Passagem,200,OK,Teste de Carga - 250 usuarios 1-226,text,true,,6719,420,250,250,https://www.blazedemo.com/purchase.php,241,0,0
1774386517780,359,1 - Acessar Home,200,OK,Teste de Carga - 250 usuarios 1-186,text,true,,4757,120,250,250,https://www.blazedemo.com/,347,0,0
1774386517848,294,1 - Acessar Home,200,OK,Teste de Carga - 250 usuarios 1-172,text,true,,4757,120,250,250,https://www.blazedemo.com/,282,0,0
1774386514540,3602,3 - Comprar Passagem,200,OK,Teste de Carga - 250 usuarios 1-61,text,true,,6719,420,250,250,https://www.blazedemo.com/purchase.php,3583,0,0
1774386514611,3533,1 - Acessar Home,200,OK,Teste de Carga - 250 usuarios 1-245,text,true,,4757,120,250,250,https://www.blazedemo.com/,3521,0,0
1774386517815,332,3 - Comprar Passagem,200,OK,Teste de Carga - 250 usuarios 1-237,text,true,,6719,420,250,250,https://www.blazedemo.com/purchase.php,319,0,0
1774386517879,269,3 - Comprar Passagem,200,OK,Teste de Carga - 250 usuarios 1-43,text,true,,6719,420,250,250,https://www.blazedemo.com/purchase.php,257,0,0
1774386514699,3452,2 - Escolher Voo,200,OK,Teste de Carga - 250 usuarios 1-52,text,true,,7381,250,250,250,https://www.blazedemo.com/reserve.php,3431,0,0
1774386514181,3974,2 - Escolher Voo,200,OK,Teste de Carga - 250 usuarios 1-112,text,true,,7381,250,250,250,https://www.blazedemo.com/reserve.php,3954,0,0
1774386517700,459,3 - Comprar Passagem,200,OK,Teste de Carga - 250 usuarios 1-221,text,true,,6719,420,250,250,https://www.blazedemo.com/purchase.php,447,0,0
1774386517916,245,2 - Escolher Voo,200,OK,Teste de Carga - 250 usuarios 1-49,text,true,,7381,250,250,250,https://www.blazedemo.com/reserve.php,226,0,0
1774386517902,260,1 - Acessar Home,200,OK,Teste de Carga - 250 usuarios 1-183,text,true,,4757,120,250,250,https://www.blazedemo.com/,248,0,0
1774386514738,3442,3 - Comprar Passagem,200,OK,Teste de Carga - 250 usuarios 1-187,text,true,,6719,420,250,250,https://www.blazedemo.com/purchase.php,3430,0,0
1774386517802,395,2 - Escolher Voo,200,OK,Teste de Carga - 250 usuarios 1-162,text,true,,7381,250,250,250,https://www.blazedemo.com/reserve.php,376,0,0
1774386517872,325,1 - Acessar Home,200,OK,Teste de Carga - 250 usuarios 1-189,text,true,,4757,120,250,250,https://www.blazedemo.com/,314,0,0
1774386517842,359,3 - Comprar Passagem,200,OK,Teste de Carga - 250 usuarios 1-83,text,true,,6719,420,250,250,https://www.blazedemo.com/purchase.php,347,0,0
1774386517902,305,1 - Acessar Home,200,OK,Teste de Carga - 250 usuarios 1-122,text,true,,4757,120,250,250,https://www.blazedemo.com/,294,0,0
1774386517788,421,2 - Escolher Voo,200,OK,Teste de Carga - 250 usuarios 1-204,text,true,,7381,250,250,250,https://www.blazedemo.com/reserve.php,405,0,0
1774386517815,400,2 - Escolher Voo,200,OK,Teste de Carga - 250 usuarios 1-127,text,true,,7381,250,250,250,https://www.blazedemo.com/reserve.php,379,0,0
1774386517873,343,2 - Escolher Voo,200,OK,Teste de Carga - 250 usuarios 1-91,text,true,,7381,250,250,250,https://www.blazedemo.com/reserve.php,323,0,0
1774386517691,530,2 - Escolher Voo,200,OK,Teste de Carga - 250 usuarios 1-152,text,true,,7381,250,250,250,https://www.blazedemo.com/reserve.php,509,0,0
1774386517955,268,1 - Acessar Home,200,OK,Teste de Carga - 250 usuarios 1-117,text,true,,4757,120,250,250,https://www.blazedemo.com/,256,0,0
1774386515820,2403,2 - Escolher Voo,200,OK,Teste de Carga - 250 usuarios 1-167,text,true,,7381,250,250,250,https://www.blazedemo.com/reserve.php,2382,0,0
1774386517880,349,2 - Escolher Voo,200,OK,Teste de Carga - 250 usuarios 1-160,text,true,,7381,250,250,250,https://www.blazedemo.com/reserve.php,329,0,0
1774386518002,229,1 - Acessar Home,200,OK,Teste de Carga - 250 usuarios 1-236,text,true,,4757,120,250,250,https://www.blazedemo.com/,218,0,0
1774386517977,261,2 - Escolher Voo,200,OK,Teste de Carga - 250 usuarios 1-142,text,true,,7381,250,250,250,https://www.blazedemo.com/reserve.php,241,0,0
1774386514187,4051,3 - Comprar Passagem,200,OK,Teste de Carga - 250 usuarios 1-62,text,true,,6719,420,250,250,https://www.blazedemo.com/purchase.php,4034,0,0
1774386517985,255,1 - Acessar Home,200,OK,Teste de Carga - 250 usuarios 1-75,text,true,,4757,120,250,250,https://www.blazedemo.com/,243,0,0
1774386517823,420,3 - Comprar Passagem,200,OK,Teste de Carga - 250 usuarios 1-114,text,true,,6719,420,250,250,https://www.blazedemo.com/purchase.php,408,0,0
1774386517965,278,3 - Comprar Passagem,200,OK,Teste de Carga - 250 usuarios 1-35,text,true,,6719,420,250,250,https://www.blazedemo.com/purchase.php,262,0,0
1774386514742,3504,3 - Comprar Passagem,200,OK,Teste de Carga - 250 usuarios 1-157,text,true,,6719,420,250,250,https://www.blazedemo.com/purchase.php,3492,0,0
1774386517967,285,3 - Comprar Passagem,200,OK,Teste de Carga - 250 usuarios 1-90,text,true,,6719,420,250,250,https://www.blazedemo.com/purchase.php,273,0,0
1774386517826,428,3 - Comprar Passagem,200,OK,Teste de Carga - 250 usuarios 1-33,text,true,,6719,420,250,250,https://www.blazedemo.com/purchase.php,412,0,0
1774386517920,339,2 - Escolher Voo,200,OK,Teste de Carga - 250 usuarios 1-74,text,true,,7381,250,250,250,https://www.blazedemo.com/reserve.php,318,0,0
1774386514731,3540,2 - Escolher Voo,200,OK,Teste de Carga - 250 usuarios 1-41,text,true,,7381,250,250,250,https://www.blazedemo.com/reserve.php,3519,0,0
1774386517860,411,2 - Escolher Voo,200,OK,Teste de Carga - 250 usuarios 1-133,text,true,,7381,250,250,250,https://www.blazedemo.com/reserve.php,393,0,0
1774386516104,2170,2 - Escolher Voo,200,OK,Teste de Carga - 250 usuarios 1-178,text,true,,7381,250,250,250,https://www.blazedemo.com/reserve.php,2149,0,0
1774386514797,3489,3 - Comprar Passagem,200,OK,Teste de Carga - 250 usuarios 1-99,text,true,,6719,420,250,250,https://www.blazedemo.com/purchase.php,3478,0,0
1774386517909,381,2 - Escolher Voo,200,OK,Teste de Carga - 250 usuarios 1-234,text,true,,7381,250,250,250,https://www.blazedemo.com/reserve.php,362,0,0
1774386514717,3575,1 - Acessar Home,200,OK,Teste de Carga - 250 usuarios 1-113,text,true,,4757,120,250,250,https://www.blazedemo.com/,3564,0,0
1774386517881,420,3 - Comprar Passagem,200,OK,Teste de Carga - 250 usuarios 1-11,text,true,,6719,420,250,250,https://www.blazedemo.com/purchase.php,409,0,0
1774386518005,298,2 - Escolher Voo,200,OK,Teste de Carga - 250 usuarios 1-96,text,true,,7381,250,250,250,https://www.blazedemo.com/reserve.php,278,0,0
1774386518002,301,1 - Acessar Home,200,OK,Teste de Carga - 250 usuarios 1-58,text,true,,4757,120,250,250,https://www.blazedemo.com/,289,0,0
1774386514795,3512,2 - Escolher Voo,200,OK,Teste de Carga - 250 usuarios 1-54,text,true,,7381,250,250,250,https://www.blazedemo.com/reserve.php,3490,0,0
1774386518034,276,3 - Comprar Passagem,200,OK,Teste de Carga - 250 usuarios 1-193,text,true,,6719,420,250,250,https://www.blazedemo.com/purchase.php,264,0,0
1774386518002,309,3 - Comprar Passagem,200,OK,Teste de Carga - 250 usuarios 1-130,text,true,,6719,420,250,250,https://www.blazedemo.com/purchase.php,297,0,0
1774386517690,623,2 - Escolher Voo,200,OK,Teste de Carga - 250 usuarios 1-212,text,true,,7381,250,250,250,https://www.blazedemo.com/reserve.php,602,0,0
1774386517912,406,1 - Acessar Home,200,OK,Teste de Carga - 250 usuarios 1-137,text,true,,4757,120,250,250,https://www.blazedemo.com/,394,0,0
1774386518011,315,1 - Acessar Home,200,OK,Teste de Carga - 250 usuarios 1-69,text,true,,4757,120,250,250,https://www.blazedemo.com/,304,0,0
1774386518019,314,2 - Escolher Voo,200,OK,Teste de Carga - 250 usuarios 1-135,text,true,,7381,250,250,250,https://www.blazedemo.com/reserve.php,293,0,0
1774386518005,330,2 - Escolher Voo,200,OK,Teste de Carga - 250 usuarios 1-94,text,true,,7381,250,250,250,https://www.blazedemo.com/reserve.php,310,0,0
1774386514343,3994,2 - Escolher Voo,200,OK,Teste de Carga - 250 usuarios 1-175,text,true,,7381,250,250,250,https://www.blazedemo.com/reserve.php,3975,0,0
1774386517902,437,1 - Acessar Home,200,OK,Teste de Carga - 250 usuarios 1-6,text,true,,4757,120,250,250,https://www.blazedemo.com/,425,0,0
1774386518086,259,1 - Acessar Home,200,OK,Teste de Carga - 250 usuarios 1-207,text,true,,4757,120,250,250,https://www.blazedemo.com/,247,0,0
1774386514925,3422,1 - Acessar Home,200,OK,Teste de Carga - 250 usuarios 1-215,text,true,,4757,120,250,250,https://www.blazedemo.com/,3408,0,0
1774386514923,3424,3 - Comprar Passagem,200,OK,Teste de Carga - 250 usuarios 1-105,text,true,,6719,420,250,250,https://www.blazedemo.com/purchase.php,3412,0,0
1774386514819,3533,2 - Escolher Voo,200,OK,Teste de Carga - 250 usuarios 1-206,text,true,,7385,250,250,250,https://www.blazedemo.com/reserve.php,3513,0,0
1774386518053,299,1 - Acessar Home,200,OK,Teste de Carga - 250 usuarios 1-140,text,true,,4757,120,250,250,https://www.blazedemo.com/,288,0,0
1774386517952,413,3 - Comprar Passagem,200,OK,Teste de Carga - 250 usuarios 1-28,text,true,,6719,420,250,250,https://www.blazedemo.com/purchase.php,400,0,0
1774386518022,346,1 - Acessar Home,200,OK,Teste de Carga - 250 usuarios 1-202,text,true,,4757,120,250,250,https://www.blazedemo.com/,334,0,0
1774386518087,283,2 - Escolher Voo,200,OK,Teste de Carga - 250 usuarios 1-56,text,true,,7381,250,250,250,https://www.blazedemo.com/reserve.php,263,0,0
1774386518110,272,3 - Comprar Passagem,200,OK,Teste de Carga - 250 usuarios 1-26,text,true,,6719,420,250,250,https://www.blazedemo.com/purchase.php,260,0,0
1774386514947,3445,3 - Comprar Passagem,200,OK,Teste de Carga - 250 usuarios 1-163,text,true,,6719,420,250,250,https://www.blazedemo.com/purchase.php,3432,0,0
1774386518059,336,2 - Escolher Voo,200,OK,Teste de Carga - 250 usuarios 1-79,text,true,,7381,250,250,250,https://www.blazedemo.com/reserve.php,316,0,0
1774386518144,252,2 - Escolher Voo,200,OK,Teste de Carga - 250 usuarios 1-245,text,true,,7381,250,250,250,https://www.blazedemo.com/reserve.php,232,0,0
1774386517974,423,2 - Escolher Voo,200,OK,Teste de Carga - 250 usuarios 1-181,text,true,,7381,250,250,250,https://www.blazedemo.com/reserve.php,401,0,0
1774386518022,380,3 - Comprar Passagem,200,OK,Teste de Carga - 250 usuarios 1-139,text,true,,6719,420,250,250,https://www.blazedemo.com/purchase.php,368,0,0
1774386518112,290,3 - Comprar Passagem,200,OK,Teste de Carga - 250 usuarios 1-24,text,true,,6719,420,250,250,https://www.blazedemo.com/purchase.php,277,0,0
1774386518039,365,3 - Comprar Passagem,200,OK,Teste de Carga - 250 usuarios 1-34,text,true,,6719,420,250,250,https://www.blazedemo.com/purchase.php,353,0,0
1774386518162,245,3 - Comprar Passagem,200,OK,Teste de Carga - 250 usuarios 1-49,text,true,,6719,420,250,250,https://www.blazedemo.com/purchase.php,232,0,0
1774386516094,2318,1 - Acessar Home,200,OK,Teste de Carga - 250 usuarios 1-223,text,true,,4757,120,250,250,https://www.blazedemo.com/,2307,0,0
1774386518160,253,1 - Acessar Home,200,OK,Teste de Carga - 250 usuarios 1-221,text,true,,4757,120,250,250,https://www.blazedemo.com/,241,0,0
1774386514516,3900,1 - Acessar Home,200,OK,Teste de Carga - 250 usuarios 1-201,text,true,,4757,120,250,250,https://www.blazedemo.com/,3888,0,0
1774386518115,302,3 - Comprar Passagem,200,OK,Teste de Carga - 250 usuarios 1-15,text,true,,6719,420,250,250,https://www.blazedemo.com/purchase.php,286,0,0
1774386518090,330,2 - Escolher Voo,200,OK,Teste de Carga - 250 usuarios 1-164,text,true,,7381,250,250,250,https://www.blazedemo.com/reserve.php,309,0,0
1774386518142,279,1 - Acessar Home,200,OK,Teste de Carga - 250 usuarios 1-61,text,true,,4757,120,250,250,https://www.blazedemo.com/,267,0,0
1774386518137,287,1 - Acessar Home,200,OK,Teste de Carga - 250 usuarios 1-226,text,true,,4757,120,250,250,https://www.blazedemo.com/,275,0,0
1774386518151,276,3 - Comprar Passagem,200,OK,Teste de Carga - 250 usuarios 1-52,text,true,,6719,420,250,250,https://www.blazedemo.com/purchase.php,263,0,0
1774386518040,407,1 - Acessar Home,200,OK,Teste de Carga - 250 usuarios 1-37,text,true,,4757,120,250,250,https://www.blazedemo.com/,395,0,0
1774386516342,2110,2 - Escolher Voo,200,OK,Teste de Carga - 250 usuarios 1-198,text,true,,7381,250,250,250,https://www.blazedemo.com/reserve.php,2089,0,0
1774386514897,3557,1 - Acessar Home,200,OK,Teste de Carga - 250 usuarios 1-51,text,true,,4757,120,250,250,https://www.blazedemo.com/,3546,0,0
1774386518180,277,1 - Acessar Home,200,OK,Teste de Carga - 250 usuarios 1-187,text,true,,4757,120,250,250,https://www.blazedemo.com/,267,0,0
1774386515066,3398,1 - Acessar Home,200,OK,Teste de Carga - 250 usuarios 1-197,text,true,,4757,120,250,250,https://www.blazedemo.com/,3384,0,0
1774386518128,343,1 - Acessar Home,200,OK,Teste de Carga - 250 usuarios 1-93,text,true,,4757,120,250,250,https://www.blazedemo.com/,331,0,0
1774386518162,310,2 - Escolher Voo,200,OK,Teste de Carga - 250 usuarios 1-183,text,true,,7381,250,250,250,https://www.blazedemo.com/reserve.php,289,0,0
1774386518039,443,1 - Acessar Home,200,OK,Teste de Carga - 250 usuarios 1-136,text,true,,4757,120,250,250,https://www.blazedemo.com/,431,0,0
1774386518207,277,2 - Escolher Voo,200,OK,Teste de Carga - 250 usuarios 1-122,text,true,,7381,250,250,250,https://www.blazedemo.com/reserve.php,255,0,0
1774386518221,267,3 - Comprar Passagem,200,OK,Teste de Carga - 250 usuarios 1-152,text,true,,6719,420,250,250,https://www.blazedemo.com/purchase.php,256,0,0
1774386515141,3348,2 - Escolher Voo,200,OK,Teste de Carga - 250 usuarios 1-73,text,true,,7381,250,250,250,https://www.blazedemo.com/reserve.php,3326,0,0
1774386515111,3378,1 - Acessar Home,200,OK,Teste de Carga - 250 usuarios 1-47,text,true,,4757,120,250,250,https://www.blazedemo.com/,3366,0,0
1774386518223,268,2 - Escolher Voo,200,OK,Teste de Carga - 250 usuarios 1-117,text,true,,7381,250,250,250,https://www.blazedemo.com/reserve.php,248,0,0
1774386518142,354,2 - Escolher Voo,200,OK,Teste de Carga - 250 usuarios 1-172,text,true,,7381,250,250,250,https://www.blazedemo.com/reserve.php,333,0,0
1774386518201,296,1 - Acessar Home,200,OK,Teste de Carga - 250 usuarios 1-83,text,true,,4757,120,250,250,https://www.blazedemo.com/,284,0,0
1774386515002,3499,3 - Comprar Passagem,200,OK,Teste de Carga - 250 usuarios 1-71,text,true,,6719,420,250,250,https://www.blazedemo.com/purchase.php,3487,0,0
1774386518105,396,2 - Escolher Voo,200,OK,Teste de Carga - 250 usuarios 1-134,text,true,,7381,250,250,250,https://www.blazedemo.com/reserve.php,379,0,0
1774386518216,292,3 - Comprar Passagem,200,OK,Teste de Carga - 250 usuarios 1-91,text,true,,6719,420,250,250,https://www.blazedemo.com/purchase.php,280,0,0
1774386518092,416,2 - Escolher Voo,200,OK,Teste de Carga - 250 usuarios 1-177,text,true,,7381,250,250,250,https://www.blazedemo.com/reserve.php,396,0,0
1774386518231,290,2 - Escolher Voo,200,OK,Teste de Carga - 250 usuarios 1-236,text,true,,7381,250,250,250,https://www.blazedemo.com/reserve.php,270,0,0
1774386517803,721,2 - Escolher Voo,200,OK,Teste de Carga - 250 usuarios 1-128,text,true,,7381,250,250,250,https://www.blazedemo.com/reserve.php,700,0,0
1774386518197,328,3 - Comprar Passagem,200,OK,Teste de Carga - 250 usuarios 1-162,text,true,,6719,420,250,250,https://www.blazedemo.com/purchase.php,316,0,0
1774386518240,285,2 - Escolher Voo,200,OK,Teste de Carga - 250 usuarios 1-75,text,true,,7381,250,250,250,https://www.blazedemo.com/reserve.php,265,0,0
1774386518243,290,1 - Acessar Home,200,OK,Teste de Carga - 250 usuarios 1-35,text,true,,4757,120,250,250,https://www.blazedemo.com/,278,0,0
1774386515276,3257,3 - Comprar Passagem,200,OK,Teste de Carga - 250 usuarios 1-108,text,true,,6719,420,250,250,https://www.blazedemo.com/purchase.php,3245,0,0
1774386515090,3443,3 - Comprar Passagem,200,OK,Teste de Carga - 250 usuarios 1-248,text,true,,6719,420,250,250,https://www.blazedemo.com/purchase.php,3432,0,0
1774386518155,381,3 - Comprar Passagem,200,OK,Teste de Carga - 250 usuarios 1-112,text,true,,6719,420,250,250,https://www.blazedemo.com/purchase.php,369,0,0
1774386518290,246,3 - Comprar Passagem,200,OK,Teste de Carga - 250 usuarios 1-234,text,true,,6719,420,250,250,https://www.blazedemo.com/purchase.php,234,0,0
1774386518215,323,3 - Comprar Passagem,200,OK,Teste de Carga - 250 usuarios 1-127,text,true,,6719,420,250,250,https://www.blazedemo.com/purchase.php,311,0,0
1774386518197,346,2 - Escolher Voo,200,OK,Teste de Carga - 250 usuarios 1-189,text,true,,7381,250,250,250,https://www.blazedemo.com/reserve.php,325,0,0
1774386515203,3340,1 - Acessar Home,200,OK,Teste de Carga - 250 usuarios 1-86,text,true,,4757,120,250,250,https://www.blazedemo.com/,3326,0,0
1774386518246,301,1 - Acessar Home,200,OK,Teste de Carga - 250 usuarios 1-157,text,true,,4757,120,250,250,https://www.blazedemo.com/,289,0,0
1774386518310,246,1 - Acessar Home,200,OK,Teste de Carga - 250 usuarios 1-193,text,true,,4757,120,250,250,https://www.blazedemo.com/,234,0,0
1774386518243,319,1 - Acessar Home,200,OK,Teste de Carga - 250 usuarios 1-114,text,true,,4757,120,250,250,https://www.blazedemo.com/,307,0,0
1774386518031,538,1 - Acessar Home,200,OK,Teste de Carga - 250 usuarios 1-9,text,true,,4757,120,250,250,https://www.blazedemo.com/,526,0,0
1774386518292,283,2 - Escolher Voo,200,OK,Teste de Carga - 250 usuarios 1-113,text,true,,7381,250,250,250,https://www.blazedemo.com/reserve.php,266,0,0
1774386518271,309,3 - Comprar Passagem,200,OK,Teste de Carga - 250 usuarios 1-41,text,true,,6719,420,250,250,https://www.blazedemo.com/purchase.php,297,0,0
1774386518318,262,2 - Escolher Voo,200,OK,Teste de Carga - 250 usuarios 1-137,text,true,,7381,250,250,250,https://www.blazedemo.com/reserve.php,242,0,0
1774386517813,773,1 - Acessar Home,200,OK,Teste de Carga - 250 usuarios 1-101,text,true,,4757,120,250,250,https://www.blazedemo.com/,760,0,0
1774386516448,2139,1 - Acessar Home,200,OK,Teste de Carga - 250 usuarios 1-64,text,true,,4757,120,250,250,https://www.blazedemo.com/,2128,0,0
1774386515151,3436,3 - Comprar Passagem,200,OK,Teste de Carga - 250 usuarios 1-228,text,true,,6719,420,250,250,https://www.blazedemo.com/purchase.php,3424,0,0
1774386518238,356,3 - Comprar Passagem,200,OK,Teste de Carga - 250 usuarios 1-142,text,true,,6719,420,250,250,https://www.blazedemo.com/purchase.php,344,0,0
1774386518271,331,3 - Comprar Passagem,200,OK,Teste de Carga - 250 usuarios 1-133,text,true,,6719,420,250,250,https://www.blazedemo.com/purchase.php,319,0,0
1774386518147,459,1 - Acessar Home,200,OK,Teste de Carga - 250 usuarios 1-237,text,true,,4757,120,250,250,https://www.blazedemo.com/,447,0,0
1774386516518,2088,2 - Escolher Voo,200,OK,Teste de Carga - 250 usuarios 1-188,text,true,,7381,250,250,250,https://www.blazedemo.com/reserve.php,2066,0,0
1774386515276,3332,1 - Acessar Home,200,OK,Teste de Carga - 250 usuarios 1-97,text,true,,4757,120,250,250,https://www.blazedemo.com/,3323,0,0
1774386518209,403,3 - Comprar Passagem,200,OK,Teste de Carga - 250 usuarios 1-204,text,true,,6719,420,250,250,https://www.blazedemo.com/purchase.php,391,0,0
1774386517882,739,1 - Acessar Home,200,OK,Teste de Carga - 250 usuarios 1-123,text,true,,4757,120,250,250,https://www.blazedemo.com/,728,0,0
1774386515276,3352,2 - Escolher Voo,200,OK,Teste de Carga - 250 usuarios 1-42,text,true,,7381,250,250,250,https://www.blazedemo.com/reserve.php,3327,0,0
1774386518311,318,1 - Acessar Home,200,OK,Teste de Carga - 250 usuarios 1-130,text,true,,4757,120,250,250,https://www.blazedemo.com/,307,0,0
1774386518326,309,2 - Escolher Voo,200,OK,Teste de Carga - 250 usuarios 1-69,text,true,,7381,250,250,250,https://www.blazedemo.com/reserve.php,289,0,0
1774386514718,3921,1 - Acessar Home,200,OK,Teste de Carga - 250 usuarios 1-176,text,true,,4757,120,250,250,https://www.blazedemo.com/,3910,0,0
1774386518335,305,3 - Comprar Passagem,200,OK,Teste de Carga - 250 usuarios 1-94,text,true,,6719,420,250,250,https://www.blazedemo.com/purchase.php,293,0,0
1774386518059,587,2 - Escolher Voo,200,OK,Teste de Carga - 250 usuarios 1-196,text,true,,7381,250,250,250,https://www.blazedemo.com/reserve.php,567,0,0
1774386518338,309,3 - Comprar Passagem,200,OK,Teste de Carga - 250 usuarios 1-175,text,true,,6719,420,250,250,https://www.blazedemo.com/purchase.php,298,0,0
1774386518365,286,1 - Acessar Home,200,OK,Teste de Carga - 250 usuarios 1-28,text,true,,4757,120,250,250,https://www.blazedemo.com/,274,0,0
1774386518238,421,1 - Acessar Home,200,OK,Teste de Carga - 250 usuarios 1-62,text,true,,4757,120,250,250,https://www.blazedemo.com/,408,0,0
1774386518417,245,1 - Acessar Home,200,OK,Teste de Carga - 250 usuarios 1-15,text,true,,4757,120,250,250,https://www.blazedemo.com/,234,0,0
1774386518402,261,1 - Acessar Home,200,OK,Teste de Carga - 250 usuarios 1-24,text,true,,4757,120,250,250,https://www.blazedemo.com/,249,0,0
1774386518421,245,2 - Escolher Voo,200,OK,Teste de Carga - 250 usuarios 1-61,text,true,,7381,250,250,250,https://www.blazedemo.com/reserve.php,225,0,0
1774386518396,276,3 - Comprar Passagem,200,OK,Teste de Carga - 250 usuarios 1-245,text,true,,6719,420,250,250,https://www.blazedemo.com/purchase.php,263,0,0
1774386518303,375,3 - Comprar Passagem,200,OK,Teste de Carga - 250 usuarios 1-96,text,true,,6719,420,250,250,https://www.blazedemo.com/purchase.php,363,0,0
1774386518223,463,3 - Comprar Passagem,200,OK,Teste de Carga - 250 usuarios 1-167,text,true,,6719,420,250,250,https://www.blazedemo.com/purchase.php,451,0,0
1774386518412,274,2 - Escolher Voo,200,OK,Teste de Carga - 250 usuarios 1-223,text,true,,7381,250,250,250,https://www.blazedemo.com/reserve.php,257,0,0
1774386515284,3402,2 - Escolher Voo,200,OK,Teste de Carga - 250 usuarios 1-88,text,true,,7381,250,250,250,https://www.blazedemo.com/reserve.php,3382,0,0
1774386517923,766,1 - Acessar Home,200,OK,Teste de Carga - 250 usuarios 1-225,text,true,,4757,120,250,250,https://www.blazedemo.com/,753,0,0
1774386516599,2092,2 - Escolher Voo,200,OK,Teste de Carga - 250 usuarios 1-102,text,true,,7381,250,250,250,https://www.blazedemo.com/reserve.php,2071,0,0
1774386518352,343,2 - Escolher Voo,200,OK,Teste de Carga - 250 usuarios 1-140,text,true,,7381,250,250,250,https://www.blazedemo.com/reserve.php,326,0,0
1774386518347,349,1 - Acessar Home,200,OK,Teste de Carga - 250 usuarios 1-105,text,true,,4757,120,250,250,https://www.blazedemo.com/,335,0,0
1774386518140,575,2 - Escolher Voo,200,OK,Teste de Carga - 250 usuarios 1-186,text,true,,7381,250,250,250,https://www.blazedemo.com/reserve.php,555,0,0
1774386518402,314,1 - Acessar Home,200,OK,Teste de Carga - 250 usuarios 1-139,text,true,,4757,120,250,250,https://www.blazedemo.com/,302,0,0
1774386518404,317,1 - Acessar Home,200,OK,Teste de Carga - 250 usuarios 1-34,text,true,,4757,120,250,250,https://www.blazedemo.com/,305,0,0
1774386517939,784,2 - Escolher Voo,200,OK,Teste de Carga - 250 usuarios 1-231,text,true,,7381,250,250,250,https://www.blazedemo.com/reserve.php,763,0,0
1774386518333,398,3 - Comprar Passagem,200,OK,Teste de Carga - 250 usuarios 1-135,text,true,,6719,420,250,250,https://www.blazedemo.com/purchase.php,386,0,0
1774386518352,379,3 - Comprar Passagem,200,OK,Teste de Carga - 250 usuarios 1-206,text,true,,6719,420,250,250,https://www.blazedemo.com/purchase.php,367,0,0
1774386518447,287,2 - Escolher Voo,200,OK,Teste de Carga - 250 usuarios 1-37,text,true,,7381,250,250,250,https://www.blazedemo.com/reserve.php,267,0,0
1774386518452,294,3 - Comprar Passagem,200,OK,Teste de Carga - 250 usuarios 1-198,text,true,,6719,420,250,250,https://www.blazedemo.com/purchase.php,281,0,0
1774386518368,379,2 - Escolher Voo,200,OK,Teste de Carga - 250 usuarios 1-202,text,true,,7381,250,250,250,https://www.blazedemo.com/reserve.php,359,0,0
1774386515474,3273,2 - Escolher Voo,200,OK,Teste de Carga - 250 usuarios 1-150,text,true,,7381,250,250,250,https://www.blazedemo.com/reserve.php,3253,0,0
1774386518397,352,3 - Comprar Passagem,200,OK,Teste de Carga - 250 usuarios 1-181,text,true,,6719,420,250,250,https://www.blazedemo.com/purchase.php,340,0,0
1774386515304,3446,2 - Escolher Voo,200,OK,Teste de Carga - 250 usuarios 1-190,text,true,,7381,250,250,250,https://www.blazedemo.com/reserve.php,3427,0,0
1774386515303,3448,2 - Escolher Voo,200,OK,Teste de Carga - 250 usuarios 1-145,text,true,,7381,250,250,250,https://www.blazedemo.com/reserve.php,3427,0,0
1774386518407,348,1 - Acessar Home,200,OK,Teste de Carga - 250 usuarios 1-49,text,true,,4757,120,250,250,https://www.blazedemo.com/,336,0,0
1774386518420,337,3 - Comprar Passagem,200,OK,Teste de Carga - 250 usuarios 1-164,text,true,,6719,420,250,250,https://www.blazedemo.com/purchase.php,325,0,0
1774386518274,487,3 - Comprar Passagem,200,OK,Teste de Carga - 250 usuarios 1-178,text,true,,6719,420,250,250,https://www.blazedemo.com/purchase.php,467,0,0
1774386518534,230,1 - Acessar Home,200,OK,Teste de Carga - 250 usuarios 1-248,text,true,,4757,120,250,250,https://www.blazedemo.com/,220,0,0
1774386518489,278,2 - Escolher Voo,200,OK,Teste de Carga - 250 usuarios 1-47,text,true,,7381,250,250,250,https://www.blazedemo.com/reserve.php,257,0,0
1774386518484,290,3 - Comprar Passagem,200,OK,Teste de Carga - 250 usuarios 1-122,text,true,,6719,420,250,250,https://www.blazedemo.com/purchase.php,278,0,0
1774386518050,733,1 - Acessar Home,200,OK,Teste de Carga - 250 usuarios 1-89,text,true,,4757,120,250,250,https://www.blazedemo.com/,722,0,0
1774386518287,504,1 - Acessar Home,200,OK,Teste de Carga - 250 usuarios 1-99,text,true,,4757,120,250,250,https://www.blazedemo.com/,492,0,0
1774386516685,2118,1 - Acessar Home,200,OK,Teste de Carga - 250 usuarios 1-199,text,true,,4757,120,250,250,https://www.blazedemo.com/,2105,0,0
1774386518464,341,2 - Escolher Voo,200,OK,Teste de Carga - 250 usuarios 1-197,text,true,,7381,250,250,250,https://www.blazedemo.com/reserve.php,321,0,0
1774386518497,311,2 - Escolher Voo,200,OK,Teste de Carga - 250 usuarios 1-83,text,true,,7381,250,250,250,https://www.blazedemo.com/reserve.php,290,0,0
1774386518472,346,3 - Comprar Passagem,200,OK,Teste de Carga - 250 usuarios 1-183,text,true,,6719,420,250,250,https://www.blazedemo.com/purchase.php,334,0,0
1774386518471,354,2 - Escolher Voo,200,OK,Teste de Carga - 250 usuarios 1-93,text,true,,7381,250,250,250,https://www.blazedemo.com/reserve.php,333,0,0
1774386518129,698,3 - Comprar Passagem,200,OK,Teste de Carga - 250 usuarios 1-180,text,true,,6719,420,250,250,https://www.blazedemo.com/purchase.php,686,0,0
1774386518454,373,2 - Escolher Voo,200,OK,Teste de Carga - 250 usuarios 1-51,text,true,,7381,250,250,250,https://www.blazedemo.com/reserve.php,353,0,0
1774386518501,329,1 - Acessar Home,200,OK,Teste de Carga - 250 usuarios 1-71,text,true,,4757,120,250,250,https://www.blazedemo.com/,314,0,0
1774386518482,348,2 - Escolher Voo,200,OK,Teste de Carga - 250 usuarios 1-136,text,true,,7381,250,250,250,https://www.blazedemo.com/reserve.php,330,0,0
1774386518491,343,3 - Comprar Passagem,200,OK,Teste de Carga - 250 usuarios 1-117,text,true,,6719,420,250,250,https://www.blazedemo.com/purchase.php,331,0,0
1774386518533,307,1 - Acessar Home,200,OK,Teste de Carga - 250 usuarios 1-108,text,true,,4757,120,250,250,https://www.blazedemo.com/,295,0,0
1774386515622,3234,1 - Acessar Home,200,OK,Teste de Carga - 250 usuarios 1-220,text,true,,4757,120,250,250,https://www.blazedemo.com/,3222,0,0
1774386518580,281,3 - Comprar Passagem,200,OK,Teste de Carga - 250 usuarios 1-137,text,true,,6719,420,250,250,https://www.blazedemo.com/purchase.php,264,0,0
1774386515468,3393,3 - Comprar Passagem,200,OK,Teste de Carga - 250 usuarios 1-4,text,true,,6719,420,250,250,https://www.blazedemo.com/purchase.php,3381,0,0
1774386518301,562,1 - Acessar Home,200,OK,Teste de Carga - 250 usuarios 1-11,text,true,,4757,120,250,250,https://www.blazedemo.com/,549,0,0
1774386514842,4022,1 - Acessar Home,200,OK,Teste de Carga - 250 usuarios 1-222,text,true,,4757,120,250,250,https://www.blazedemo.com/,4010,0,0
1774386518602,263,1 - Acessar Home,200,OK,Teste de Carga - 250 usuarios 1-133,text,true,,4757,120,250,250,https://www.blazedemo.com/,252,0,0
1774386515386,3485,1 - Acessar Home,200,OK,Teste de Carga - 250 usuarios 1-148,text,true,,4757,120,250,250,https://www.blazedemo.com/,3474,0,0
1774386518587,285,2 - Escolher Voo,200,OK,Teste de Carga - 250 usuarios 1-64,text,true,,7381,250,250,250,https://www.blazedemo.com/reserve.php,264,0,0
1774386518536,336,1 - Acessar Home,200,OK,Teste de Carga - 250 usuarios 1-234,text,true,,4757,120,250,250,https://www.blazedemo.com/,324,0,0
1774386518525,353,3 - Comprar Passagem,200,OK,Teste de Carga - 250 usuarios 1-75,text,true,,6719,420,250,250,https://www.blazedemo.com/purchase.php,341,0,0
1774386518488,395,1 - Acessar Home,200,OK,Teste de Carga - 250 usuarios 1-152,text,true,,4757,120,250,250,https://www.blazedemo.com/,382,0,0
1774386518547,336,2 - Escolher Voo,200,OK,Teste de Carga - 250 usuarios 1-157,text,true,,7381,250,250,250,https://www.blazedemo.com/reserve.php,316,0,0
1774386518525,361,1 - Acessar Home,200,OK,Teste de Carga - 250 usuarios 1-162,text,true,,4757,120,250,250,https://www.blazedemo.com/,350,0,0
1774386518303,587,2 - Escolher Voo,200,OK,Teste de Carga - 250 usuarios 1-58,text,true,,7381,250,250,250,https://www.blazedemo.com/reserve.php,567,0,0
1774386518630,261,2 - Escolher Voo,200,OK,Teste de Carga - 250 usuarios 1-130,text,true,,7381,250,250,250,https://www.blazedemo.com/reserve.php,240,0,0
1774386518635,263,3 - Comprar Passagem,200,OK,Teste de Carga - 250 usuarios 1-69,text,true,,6719,420,250,250,https://www.blazedemo.com/purchase.php,251,0,0
1774386515334,3566,1 - Acessar Home,200,OK,Teste de Carga - 250 usuarios 1-82,text,true,,4757,120,250,250,https://www.blazedemo.com/,3554,0,0
1774386518586,320,2 - Escolher Voo,200,OK,Teste de Carga - 250 usuarios 1-101,text,true,,7381,250,250,250,https://www.blazedemo.com/reserve.php,299,0,0
1774386516729,2178,1 - Acessar Home,200,OK,Teste de Carga - 250 usuarios 1-19,text,true,,4757,120,250,250,https://www.blazedemo.com/,2165,0,0
1774386518543,367,3 - Comprar Passagem,200,OK,Teste de Carga - 250 usuarios 1-189,text,true,,6719,420,250,250,https://www.blazedemo.com/purchase.php,355,0,0
1774386518339,573,2 - Escolher Voo,200,OK,Teste de Carga - 250 usuarios 1-6,text,true,,7381,250,250,250,https://www.blazedemo.com/reserve.php,553,0,0
1774386518533,380,2 - Escolher Voo,200,OK,Teste de Carga - 250 usuarios 1-35,text,true,,7381,250,250,250,https://www.blazedemo.com/reserve.php,360,0,0
1774386518640,273,1 - Acessar Home,200,OK,Teste de Carga - 250 usuarios 1-94,text,true,,4757,120,250,250,https://www.blazedemo.com/,262,0,0
1774386518370,553,3 - Comprar Passagem,200,OK,Teste de Carga - 250 usuarios 1-56,text,true,,6719,420,250,250,https://www.blazedemo.com/purchase.php,537,0,0
1774386515389,3543,1 - Acessar Home,200,OK,Teste de Carga - 250 usuarios 1-149,text,true,,4757,120,250,250,https://www.blazedemo.com/,3530,0,0
1774386518672,262,1 - Acessar Home,200,OK,Teste de Carga - 250 usuarios 1-245,text,true,,4757,120,250,250,https://www.blazedemo.com/,250,0,0
1774386518543,396,2 - Escolher Voo,200,OK,Teste de Carga - 250 usuarios 1-86,text,true,,7381,250,250,250,https://www.blazedemo.com/reserve.php,375,0,0
1774386517042,1900,3 - Comprar Passagem,200,OK,Teste de Carga - 250 usuarios 1-143,text,true,,6719,420,250,250,https://www.blazedemo.com/purchase.php,1887,0,0
1774386515347,3603,1 - Acessar Home,200,OK,Teste de Carga - 250 usuarios 1-95,text,true,,4757,120,250,250,https://www.blazedemo.com/,3591,0,0
1774386518609,344,2 - Escolher Voo,200,OK,Teste de Carga - 250 usuarios 1-97,text,true,,7381,250,250,250,https://www.blazedemo.com/reserve.php,327,0,0
1774386518628,334,3 - Comprar Passagem,200,OK,Teste de Carga - 250 usuarios 1-42,text,true,,6719,420,250,250,https://www.blazedemo.com/purchase.php,322,0,0
1774386518606,367,3 - Comprar Passagem,200,OK,Teste de Carga - 250 usuarios 1-188,text,true,,6719,420,250,250,https://www.blazedemo.com/purchase.php,355,0,0
1774386518524,450,3 - Comprar Passagem,200,OK,Teste de Carga - 250 usuarios 1-128,text,true,,6719,420,250,250,https://www.blazedemo.com/purchase.php,437,0,0
1774386518646,329,3 - Comprar Passagem,200,OK,Teste de Carga - 250 usuarios 1-196,text,true,,6719,420,250,250,https://www.blazedemo.com/purchase.php,318,0,0
1774386518662,318,2 - Escolher Voo,200,OK,Teste de Carga - 250 usuarios 1-15,text,true,,7381,250,250,250,https://www.blazedemo.com/reserve.php,297,0,0
1774386515787,3203,3 - Comprar Passagem,200,OK,Teste de Carga - 250 usuarios 1-29,text,true,,6719,420,250,250,https://www.blazedemo.com/purchase.php,3191,0,0
1774386518501,493,3 - Comprar Passagem,200,OK,Teste de Carga - 250 usuarios 1-134,text,true,,6719,420,250,250,https://www.blazedemo.com/purchase.php,481,0,0
1774386518731,264,1 - Acessar Home,200,OK,Teste de Carga - 250 usuarios 1-135,text,true,,4757,120,250,250,https://www.blazedemo.com/,251,0,0
1774386518721,276,2 - Escolher Voo,200,OK,Teste de Carga - 250 usuarios 1-34,text,true,,7381,250,250,250,https://www.blazedemo.com/reserve.php,255,0,0
1774386518382,615,1 - Acessar Home,200,OK,Teste de Carga - 250 usuarios 1-26,text,true,,4757,120,250,250,https://www.blazedemo.com/,604,0,0
1774386518750,252,3 - Comprar Passagem,200,OK,Teste de Carga - 250 usuarios 1-190,text,true,,6719,420,250,250,https://www.blazedemo.com/purchase.php,240,0,0
1774386518556,448,2 - Escolher Voo,200,OK,Teste de Carga - 250 usuarios 1-193,text,true,,7381,250,250,250,https://www.blazedemo.com/reserve.php,428,0,0
1774386518659,348,2 - Escolher Voo,200,OK,Teste de Carga - 250 usuarios 1-62,text,true,,7381,250,250,250,https://www.blazedemo.com/reserve.php,327,0,0
1774386518774,243,1 - Acessar Home,200,OK,Teste de Carga - 250 usuarios 1-122,text,true,,4757,120,250,250,https://www.blazedemo.com/,230,0,0
1774386518413,607,2 - Escolher Voo,200,OK,Teste de Carga - 250 usuarios 1-221,text,true,,7381,250,250,250,https://www.blazedemo.com/reserve.php,586,0,0
1774386518536,494,1 - Acessar Home,200,OK,Teste de Carga - 250 usuarios 1-112,text,true,,4757,120,250,250,https://www.blazedemo.com/,484,0,0
1774386518749,283,1 - Acessar Home,200,OK,Teste de Carga - 250 usuarios 1-181,text,true,,4757,120,250,250,https://www.blazedemo.com/,273,0,0
1774386518716,323,2 - Escolher Voo,200,OK,Teste de Carga - 250 usuarios 1-139,text,true,,7381,250,250,250,https://www.blazedemo.com/reserve.php,304,0,0
1774386518651,393,2 - Escolher Voo,200,OK,Teste de Carga - 250 usuarios 1-28,text,true,,7381,250,250,250,https://www.blazedemo.com/reserve.php,380,0,0
1774386518764,286,2 - Escolher Voo,200,OK,Teste de Carga - 250 usuarios 1-248,text,true,,7381,250,250,250,https://www.blazedemo.com/reserve.php,266,0,0
1774386518784,272,2 - Escolher Voo,200,OK,Teste de Carga - 250 usuarios 1-89,text,true,,7381,250,250,250,https://www.blazedemo.com/reserve.php,251,0,0
1774386517118,1938,1 - Acessar Home,200,OK,Teste de Carga - 250 usuarios 1-60,text,true,,4757,120,250,250,https://www.blazedemo.com/,1926,0,0
1774386515402,3654,1 - Acessar Home,200,OK,Teste de Carga - 250 usuarios 1-129,text,true,,4757,120,250,250,https://www.blazedemo.com/,3642,0,0
1774386518687,377,3 - Comprar Passagem,200,OK,Teste de Carga - 250 usuarios 1-88,text,true,,6719,420,250,250,https://www.blazedemo.com/purchase.php,365,0,0
1774386514971,4094,2 - Escolher Voo,200,OK,Teste de Carga - 250 usuarios 1-218,text,true,,7381,250,250,250,https://www.blazedemo.com/reserve.php,4078,0,0
1774386518808,262,3 - Comprar Passagem,200,OK,Teste de Carga - 250 usuarios 1-83,text,true,,6719,420,250,250,https://www.blazedemo.com/purchase.php,250,0,0
1774386518747,329,3 - Comprar Passagem,200,OK,Teste de Carga - 250 usuarios 1-150,text,true,,6719,420,250,250,https://www.blazedemo.com/purchase.php,317,0,0
1774386515462,3621,2 - Escolher Voo,200,OK,Teste de Carga - 250 usuarios 1-46,text,true,,7381,250,250,250,https://www.blazedemo.com/reserve.php,3601,0,0
1774386518792,301,2 - Escolher Voo,200,OK,Teste de Carga - 250 usuarios 1-99,text,true,,7381,250,250,250,https://www.blazedemo.com/reserve.php,284,0,0
1774386517282,1814,1 - Acessar Home,200,OK,Teste de Carga - 250 usuarios 1-68,text,true,,4757,120,250,250,https://www.blazedemo.com/,1803,0,0
1774386518716,388,3 - Comprar Passagem,200,OK,Teste de Carga - 250 usuarios 1-186,text,true,,6719,420,250,250,https://www.blazedemo.com/purchase.php,376,0,0
1774386518575,529,3 - Comprar Passagem,200,OK,Teste de Carga - 250 usuarios 1-113,text,true,,6719,420,250,250,https://www.blazedemo.com/purchase.php,517,0,0
1774386518761,356,1 - Acessar Home,200,OK,Teste de Carga - 250 usuarios 1-178,text,true,,4757,120,250,250,https://www.blazedemo.com/,343,0,0
1774386518695,426,3 - Comprar Passagem,200,OK,Teste de Carga - 250 usuarios 1-140,text,true,,6719,420,250,250,https://www.blazedemo.com/purchase.php,409,0,0
1774386518863,258,2 - Escolher Voo,200,OK,Teste de Carga - 250 usuarios 1-11,text,true,,7381,250,250,250,https://www.blazedemo.com/reserve.php,238,0,0
1774386518689,438,2 - Escolher Voo,200,OK,Teste de Carga - 250 usuarios 1-225,text,true,,7381,250,250,250,https://www.blazedemo.com/reserve.php,419,0,0
1774386518872,260,3 - Comprar Passagem,200,OK,Teste de Carga - 250 usuarios 1-64,text,true,,6719,420,250,250,https://www.blazedemo.com/purchase.php,249,0,0
1774386518751,382,3 - Comprar Passagem,200,OK,Teste de Carga - 250 usuarios 1-145,text,true,,6719,420,250,250,https://www.blazedemo.com/purchase.php,370,0,0
1774386518883,252,3 - Comprar Passagem,200,OK,Teste de Carga - 250 usuarios 1-157,text,true,,6719,420,250,250,https://www.blazedemo.com/purchase.php,241,0,0
1774386518827,312,3 - Comprar Passagem,200,OK,Teste de Carga - 250 usuarios 1-51,text,true,,6719,420,250,250,https://www.blazedemo.com/purchase.php,300,0,0
1774386518395,744,3 - Comprar Passagem,200,OK,Teste de Carga - 250 usuarios 1-79,text,true,,6719,420,250,250,https://www.blazedemo.com/purchase.php,732,0,0
1774386515925,3215,1 - Acessar Home,200,OK,Teste de Carga - 250 usuarios 1-7,text,true,,4757,120,250,250,https://www.blazedemo.com/,3203,0,0
1774386518878,268,1 - Acessar Home,200,OK,Teste de Carga - 250 usuarios 1-75,text,true,,4757,120,250,250,https://www.blazedemo.com/,255,0,0
1774386518687,467,1 - Acessar Home,200,OK,Teste de Carga - 250 usuarios 1-167,text,true,,4757,120,250,250,https://www.blazedemo.com/,456,0,0
1774386515503,3658,3 - Comprar Passagem,200,OK,Teste de Carga - 250 usuarios 1-182,text,true,,6719,420,250,250,https://www.blazedemo.com/purchase.php,3646,0,0
1774386518747,414,3 - Comprar Passagem,200,OK,Teste de Carga - 250 usuarios 1-202,text,true,,6719,420,250,250,https://www.blazedemo.com/purchase.php,402,0,0
1774386518734,429,3 - Comprar Passagem,200,OK,Teste de Carga - 250 usuarios 1-37,text,true,,6719,420,250,250,https://www.blazedemo.com/purchase.php,417,0,0
1774386515027,4140,1 - Acessar Home,200,OK,Teste de Carga - 250 usuarios 1-17,text,true,,4757,120,250,250,https://www.blazedemo.com/,4127,0,0
1774386518890,281,3 - Comprar Passagem,200,OK,Teste de Carga - 250 usuarios 1-58,text,true,,6719,420,250,250,https://www.blazedemo.com/purchase.php,269,0,0
1774386518723,454,3 - Comprar Passagem,200,OK,Teste de Carga - 250 usuarios 1-231,text,true,,6719,420,250,250,https://www.blazedemo.com/purchase.php,438,0,0
1774386518595,595,1 - Acessar Home,200,OK,Teste de Carga - 250 usuarios 1-142,text,true,,4757,120,250,250,https://www.blazedemo.com/,582,0,0
1774386518891,306,3 - Comprar Passagem,200,OK,Teste de Carga - 250 usuarios 1-130,text,true,,6719,420,250,250,https://www.blazedemo.com/purchase.php,294,0,0
1774386518416,783,2 - Escolher Voo,200,OK,Teste de Carga - 250 usuarios 1-201,text,true,,7381,250,250,250,https://www.blazedemo.com/reserve.php,762,0,0
1774386518923,278,1 - Acessar Home,200,OK,Teste de Carga - 250 usuarios 1-56,text,true,,4757,120,250,250,https://www.blazedemo.com/,266,0,0
1774386518827,375,1 - Acessar Home,200,OK,Teste de Carga - 250 usuarios 1-180,text,true,,4757,120,250,250,https://www.blazedemo.com/,363,0,0
1774386515683,3524,2 - Escolher Voo,200,OK,Teste de Carga - 250 usuarios 1-23,text,true,,7381,250,250,250,https://www.blazedemo.com/reserve.php,3508,0,0
1774386515470,3737,1 - Acessar Home,200,OK,Teste de Carga - 250 usuarios 1-124,text,true,,4757,120,250,250,https://www.blazedemo.com/,3725,0,0
1774386518898,311,1 - Acessar Home,200,OK,Teste de Carga - 250 usuarios 1-69,text,true,,4757,120,250,250,https://www.blazedemo.com/,298,0,0
1774386518980,231,3 - Comprar Passagem,200,OK,Teste de Carga - 250 usuarios 1-15,text,true,,6719,420,250,250,https://www.blazedemo.com/purchase.php,219,0,0
1774386518913,300,3 - Comprar Passagem,200,OK,Teste de Carga - 250 usuarios 1-35,text,true,,6719,420,250,250,https://www.blazedemo.com/purchase.php,288,0,0
1774386518913,303,2 - Escolher Voo,200,OK,Teste de Carga - 250 usuarios 1-94,text,true,,7381,250,250,250,https://www.blazedemo.com/reserve.php,282,0,0
1774386518953,266,3 - Comprar Passagem,200,OK,Teste de Carga - 250 usuarios 1-97,text,true,,6719,420,250,250,https://www.blazedemo.com/purchase.php,254,0,0
1774386518950,281,2 - Escolher Voo,200,OK,Teste de Carga - 250 usuarios 1-95,text,true,,7381,250,250,250,https://www.blazedemo.com/reserve.php,261,0,0
1774386518696,546,2 - Escolher Voo,200,OK,Teste de Carga - 250 usuarios 1-105,text,true,,7381,250,250,250,https://www.blazedemo.com/reserve.php,526,0,0
1774386517478,1765,1 - Acessar Home,200,OK,Teste de Carga - 250 usuarios 1-233,text,true,,4757,120,250,250,https://www.blazedemo.com/,1753,0,0
1774386515523,3725,3 - Comprar Passagem,200,OK,Teste de Carga - 250 usuarios 1-147,text,true,,6719,420,250,250,https://www.blazedemo.com/purchase.php,3712,0,0
1774386518767,483,3 - Comprar Passagem,200,OK,Teste de Carga - 250 usuarios 1-47,text,true,,6719,420,250,250,https://www.blazedemo.com/purchase.php,471,0,0
1774386518830,422,3 - Comprar Passagem,200,OK,Teste de Carga - 250 usuarios 1-136,text,true,,6719,420,250,250,https://www.blazedemo.com/purchase.php,410,0,0
1774386518803,458,2 - Escolher Voo,200,OK,Teste de Carga - 250 usuarios 1-199,text,true,,7381,250,250,250,https://www.blazedemo.com/reserve.php,443,0,0
1774386519007,259,3 - Comprar Passagem,200,OK,Teste de Carga - 250 usuarios 1-62,text,true,,6719,420,250,250,https://www.blazedemo.com/purchase.php,241,0,0
1774386518865,406,2 - Escolher Voo,200,OK,Teste de Carga - 250 usuarios 1-133,text,true,,7381,250,250,250,https://www.blazedemo.com/reserve.php,386,0,0
1774386518864,413,2 - Escolher Voo,200,OK,Teste de Carga - 250 usuarios 1-222,text,true,,7381,250,250,250,https://www.blazedemo.com/reserve.php,392,0,0
1774386518872,406,2 - Escolher Voo,200,OK,Teste de Carga - 250 usuarios 1-234,text,true,,7381,250,250,250,https://www.blazedemo.com/reserve.php,385,0,0
1774386518509,770,1 - Acessar Home,200,OK,Teste de Carga - 250 usuarios 1-91,text,true,,4757,120,250,250,https://www.blazedemo.com/,758,0,0
1774386518687,596,3 - Comprar Passagem,200,OK,Teste de Carga - 250 usuarios 1-223,text,true,,6719,420,250,250,https://www.blazedemo.com/purchase.php,584,0,0
1774386518975,311,1 - Acessar Home,200,OK,Teste de Carga - 250 usuarios 1-196,text,true,,4757,120,250,250,https://www.blazedemo.com/,299,0,0
1774386518912,380,3 - Comprar Passagem,200,OK,Teste de Carga - 250 usuarios 1-6,text,true,,6719,420,250,250,https://www.blazedemo.com/purchase.php,368,0,0
1774386515033,4260,2 - Escolher Voo,200,OK,Teste de Carga - 250 usuarios 1-36,text,true,,7381,250,250,250,https://www.blazedemo.com/reserve.php,4240,0,0
1774386518840,456,2 - Escolher Voo,200,OK,Teste de Carga - 250 usuarios 1-108,text,true,,7381,250,250,250,https://www.blazedemo.com/reserve.php,435,0,0
1774386518994,304,1 - Acessar Home,200,OK,Teste de Carga - 250 usuarios 1-134,text,true,,4757,120,250,250,https://www.blazedemo.com/,291,0,0
1774386519004,296,3 - Comprar Passagem,200,OK,Teste de Carga - 250 usuarios 1-193,text,true,,6719,420,250,250,https://www.blazedemo.com/purchase.php,283,0,0
1774386516037,3266,1 - Acessar Home,200,OK,Teste de Carga - 250 usuarios 1-224,text,true,,4757,120,250,250,https://www.blazedemo.com/,3254,0,0
1774386518973,331,1 - Acessar Home,200,OK,Teste de Carga - 250 usuarios 1-188,text,true,,4757,120,250,250,https://www.blazedemo.com/,319,0,0
1774386519050,256,3 - Comprar Passagem,200,OK,Teste de Carga - 250 usuarios 1-248,text,true,,6719,420,250,250,https://www.blazedemo.com/purchase.php,243,0,0
1774386519056,255,3 - Comprar Passagem,200,OK,Teste de Carga - 250 usuarios 1-89,text,true,,6719,420,250,250,https://www.blazedemo.com/purchase.php,242,0,0
1774386518995,334,2 - Escolher Voo,200,OK,Teste de Carga - 250 usuarios 1-135,text,true,,7381,250,250,250,https://www.blazedemo.com/reserve.php,315,0,0
1774386518942,393,1 - Acessar Home,200,OK,Teste de Carga - 250 usuarios 1-143,text,true,,4757,120,250,250,https://www.blazedemo.com/,382,0,0
1774386518830,510,2 - Escolher Voo,200,OK,Teste de Carga - 250 usuarios 1-71,text,true,,7381,250,250,250,https://www.blazedemo.com/reserve.php,490,0,0
1774386519083,261,3 - Comprar Passagem,200,OK,Teste de Carga - 250 usuarios 1-46,text,true,,6719,420,250,250,https://www.blazedemo.com/purchase.php,248,0,0
1774386515680,3666,2 - Escolher Voo,200,OK,Teste de Carga - 250 usuarios 1-217,text,true,,7381,250,250,250,https://www.blazedemo.com/reserve.php,3646,0,0
1774386518871,476,2 - Escolher Voo,200,OK,Teste de Carga - 250 usuarios 1-148,text,true,,7381,250,250,250,https://www.blazedemo.com/reserve.php,456,0,0
1774386515712,3636,3 - Comprar Passagem,200,OK,Teste de Carga - 250 usuarios 1-67,text,true,,6719,420,250,250,https://www.blazedemo.com/purchase.php,3624,0,0
1774386518901,456,2 - Escolher Voo,200,OK,Teste de Carga - 250 usuarios 1-82,text,true,,7381,250,250,250,https://www.blazedemo.com/reserve.php,435,0,0
1774386517504,1858,3 - Comprar Passagem,200,OK,Teste de Carga - 250 usuarios 1-246,text,true,,6719,420,250,250,https://www.blazedemo.com/purchase.php,1846,0,0
1774386518906,465,3 - Comprar Passagem,200,OK,Teste de Carga - 250 usuarios 1-101,text,true,,6719,420,250,250,https://www.blazedemo.com/purchase.php,452,0,0
1774386515086,4286,2 - Escolher Voo,200,OK,Teste de Carga - 250 usuarios 1-21,text,true,,7381,250,250,250,https://www.blazedemo.com/reserve.php,4264,0,0
1774386518932,441,2 - Escolher Voo,200,OK,Teste de Carga - 250 usuarios 1-149,text,true,,7381,250,250,250,https://www.blazedemo.com/reserve.php,420,0,0
1774386519056,329,2 - Escolher Voo,200,OK,Teste de Carga - 250 usuarios 1-60,text,true,,7381,250,250,250,https://www.blazedemo.com/reserve.php,310,0,0
1774386517558,1827,2 - Escolher Voo,200,OK,Teste de Carga - 250 usuarios 1-174,text,true,,7381,250,250,250,https://www.blazedemo.com/reserve.php,1806,0,0
1774386515148,4246,1 - Acessar Home,200,OK,Teste de Carga - 250 usuarios 1-126,text,true,,4757,120,250,250,https://www.blazedemo.com/,4233,0,0
1774386519133,264,1 - Acessar Home,200,OK,Teste de Carga - 250 usuarios 1-145,text,true,,4757,120,250,250,https://www.blazedemo.com/,254,0,0
1774386518962,437,1 - Acessar Home,200,OK,Teste de Carga - 250 usuarios 1-42,text,true,,4757,120,250,250,https://www.blazedemo.com/,426,0,0
1774386519104,296,1 - Acessar Home,200,OK,Teste de Carga - 250 usuarios 1-186,text,true,,4757,120,250,250,https://www.blazedemo.com/,284,0,0
1774386519076,329,1 - Acessar Home,200,OK,Teste de Carga - 250 usuarios 1-150,text,true,,4757,120,250,250,https://www.blazedemo.com/,318,0,0
1774386519161,248,1 - Acessar Home,200,OK,Teste de Carga - 250 usuarios 1-182,text,true,,4757,120,250,250,https://www.blazedemo.com/,236,0,0
1774386519163,248,1 - Acessar Home,200,OK,Teste de Carga - 250 usuarios 1-37,text,true,,4757,120,250,250,https://www.blazedemo.com/,236,0,0
1774386518907,504,2 - Escolher Voo,200,OK,Teste de Carga - 250 usuarios 1-19,text,true,,7381,250,250,250,https://www.blazedemo.com/reserve.php,484,0,0
1774386519017,400,2 - Escolher Voo,200,OK,Teste de Carga - 250 usuarios 1-122,text,true,,7381,250,250,250,https://www.blazedemo.com/reserve.php,380,0,0
1774386518818,599,1 - Acessar Home,200,OK,Teste de Carga - 250 usuarios 1-183,text,true,,4757,120,250,250,https://www.blazedemo.com/,588,0,0
1774386519146,284,2 - Escolher Voo,200,OK,Teste de Carga - 250 usuarios 1-75,text,true,,7381,250,250,250,https://www.blazedemo.com/reserve.php,263,0,0
1774386519039,392,3 - Comprar Passagem,200,OK,Teste de Carga - 250 usuarios 1-139,text,true,,6719,420,250,250,https://www.blazedemo.com/purchase.php,381,0,0
1774386515594,3839,1 - Acessar Home,200,OK,Teste de Carga - 250 usuarios 1-192,text,true,,4757,120,250,250,https://www.blazedemo.com/,3827,0,0
1774386519140,293,2 - Escolher Voo,200,OK,Teste de Carga - 250 usuarios 1-7,text,true,,7381,250,250,250,https://www.blazedemo.com/reserve.php,273,0,0
1774386519135,304,1 - Acessar Home,200,OK,Teste de Carga - 250 usuarios 1-157,text,true,,4757,120,250,250,https://www.blazedemo.com/,292,0,0
1774386519020,422,3 - Comprar Passagem,200,OK,Teste de Carga - 250 usuarios 1-221,text,true,,6719,420,250,250,https://www.blazedemo.com/purchase.php,410,0,0
1774386519161,287,1 - Acessar Home,200,OK,Teste de Carga - 250 usuarios 1-202,text,true,,4757,120,250,250,https://www.blazedemo.com/,276,0,0
1774386519121,327,3 - Comprar Passagem,200,OK,Teste de Carga - 250 usuarios 1-11,text,true,,6719,420,250,250,https://www.blazedemo.com/purchase.php,315,0,0
1774386519030,419,2 - Escolher Voo,200,OK,Teste de Carga - 250 usuarios 1-112,text,true,,7381,250,250,250,https://www.blazedemo.com/reserve.php,399,0,0
1774386519190,266,2 - Escolher Voo,200,OK,Teste de Carga - 250 usuarios 1-142,text,true,,7381,250,250,250,https://www.blazedemo.com/reserve.php,250,0,0
1774386518678,783,1 - Acessar Home,200,OK,Teste de Carga - 250 usuarios 1-96,text,true,,4757,120,250,250,https://www.blazedemo.com/,770,0,0
1774386519140,322,1 - Acessar Home,200,OK,Teste de Carga - 250 usuarios 1-51,text,true,,4757,120,250,250,https://www.blazedemo.com/,310,0,0
1774386515195,4272,2 - Escolher Voo,200,OK,Teste de Carga - 250 usuarios 1-65,text,true,,7381,250,250,250,https://www.blazedemo.com/reserve.php,4251,0,0
1774386515841,3633,2 - Escolher Voo,200,OK,Teste de Carga - 250 usuarios 1-2,text,true,,7381,250,250,250,https://www.blazedemo.com/reserve.php,3612,0,0
1774386518990,486,1 - Acessar Home,200,OK,Teste de Carga - 250 usuarios 1-29,text,true,,4757,120,250,250,https://www.blazedemo.com/,473,0,0
1774386519213,275,1 - Acessar Home,200,OK,Teste de Carga - 250 usuarios 1-35,text,true,,4757,120,250,250,https://www.blazedemo.com/,263,0,0
1774386519171,327,1 - Acessar Home,200,OK,Teste de Carga - 250 usuarios 1-58,text,true,,4757,120,250,250,https://www.blazedemo.com/,315,0,0
1774386518861,642,1 - Acessar Home,200,OK,Teste de Carga - 250 usuarios 1-137,text,true,,4757,120,250,250,https://www.blazedemo.com/,630,0,0
1774386515312,4193,2 - Escolher Voo,200,OK,Teste de Carga - 250 usuarios 1-107,text,true,,7381,250,250,250,https://www.blazedemo.com/reserve.php,4173,0,0
1774386519231,274,3 - Comprar Passagem,200,OK,Teste de Carga - 250 usuarios 1-95,text,true,,6719,420,250,250,https://www.blazedemo.com/purchase.php,259,0,0
1774386519140,370,1 - Acessar Home,200,OK,Teste de Carga - 250 usuarios 1-79,text,true,,4757,120,250,250,https://www.blazedemo.com/,359,0,0
1774386519199,319,3 - Comprar Passagem,200,OK,Teste de Carga - 250 usuarios 1-201,text,true,,6719,420,250,250,https://www.blazedemo.com/purchase.php,302,0,0
1774386518746,776,1 - Acessar Home,200,OK,Teste de Carga - 250 usuarios 1-198,text,true,,4757,120,250,250,https://www.blazedemo.com/,764,0,0
1774386519132,390,1 - Acessar Home,200,OK,Teste de Carga - 250 usuarios 1-64,text,true,,4757,120,250,250,https://www.blazedemo.com/,378,0,0
1774386519252,272,1 - Acessar Home,200,OK,Teste de Carga - 250 usuarios 1-136,text,true,,4757,120,250,250,https://www.blazedemo.com/,260,0,0
1774386519097,429,2 - Escolher Voo,200,OK,Teste de Carga - 250 usuarios 1-68,text,true,,7381,250,250,250,https://www.blazedemo.com/reserve.php,408,0,0
1774386516276,3250,3 - Comprar Passagem,200,OK,Teste de Carga - 250 usuarios 1-232,text,true,,6719,420,250,250,https://www.blazedemo.com/purchase.php,3238,0,0
1774386519277,254,3 - Comprar Passagem,200,OK,Teste de Carga - 250 usuarios 1-222,text,true,,6719,420,250,250,https://www.blazedemo.com/purchase.php,242,0,0
1774386519177,358,1 - Acessar Home,200,OK,Teste de Carga - 250 usuarios 1-231,text,true,,4757,120,250,250,https://www.blazedemo.com/,346,0,0
1774386519271,265,3 - Comprar Passagem,200,OK,Teste de Carga - 250 usuarios 1-133,text,true,,6719,420,250,250,https://www.blazedemo.com/purchase.php,253,0,0
1774386519201,336,2 - Escolher Voo,200,OK,Teste de Carga - 250 usuarios 1-56,text,true,,7381,250,250,250,https://www.blazedemo.com/reserve.php,316,0,0
1774386519209,334,2 - Escolher Voo,200,OK,Teste de Carga - 250 usuarios 1-69,text,true,,7381,250,250,250,https://www.blazedemo.com/reserve.php,317,0,0
1774386519261,282,3 - Comprar Passagem,200,OK,Teste de Carga - 250 usuarios 1-199,text,true,,6719,420,250,250,https://www.blazedemo.com/purchase.php,270,0,0
1774386519202,354,2 - Escolher Voo,200,OK,Teste de Carga - 250 usuarios 1-180,text,true,,7381,250,250,250,https://www.blazedemo.com/reserve.php,334,0,0
1774386519294,263,3 - Comprar Passagem,200,OK,Teste de Carga - 250 usuarios 1-36,text,true,,6719,420,250,250,https://www.blazedemo.com/purchase.php,250,0,0
1774386519167,397,2 - Escolher Voo,200,OK,Teste de Carga - 250 usuarios 1-17,text,true,,7381,250,250,250,https://www.blazedemo.com/reserve.php,377,0,0
1774386515445,4123,3 - Comprar Passagem,200,OK,Teste de Carga - 250 usuarios 1-158,text,true,,6719,420,250,250,https://www.blazedemo.com/purchase.php,4110,0,0
1774386519207,362,3 - Comprar Passagem,200,OK,Teste de Carga - 250 usuarios 1-23,text,true,,6719,420,250,250,https://www.blazedemo.com/purchase.php,349,0,0
1774386518974,616,1 - Acessar Home,200,OK,Teste de Carga - 250 usuarios 1-128,text,true,,4757,120,250,250,https://www.blazedemo.com/,604,0,0
1774386519286,308,2 - Escolher Voo,200,OK,Teste de Carga - 250 usuarios 1-196,text,true,,7381,250,250,250,https://www.blazedemo.com/reserve.php,288,0,0
1774386518856,740,2 - Escolher Voo,200,OK,Teste de Carga - 250 usuarios 1-220,text,true,,7381,250,250,250,https://www.blazedemo.com/reserve.php,723,0,0
1774386519248,350,1 - Acessar Home,200,OK,Teste de Carga - 250 usuarios 1-147,text,true,,4757,120,250,250,https://www.blazedemo.com/,339,0,0
1774386519298,304,2 - Escolher Voo,200,OK,Teste de Carga - 250 usuarios 1-134,text,true,,7381,250,250,250,https://www.blazedemo.com/reserve.php,284,0,0
1774386519303,300,2 - Escolher Voo,200,OK,Teste de Carga - 250 usuarios 1-224,text,true,,7381,250,250,250,https://www.blazedemo.com/reserve.php,280,0,0
1774386519311,296,1 - Acessar Home,200,OK,Teste de Carga - 250 usuarios 1-89,text,true,,4757,120,250,250,https://www.blazedemo.com/,283,0,0
1774386515498,4113,2 - Escolher Voo,200,OK,Teste de Carga - 250 usuarios 1-116,text,true,,7381,250,250,250,https://www.blazedemo.com/reserve.php,4092,0,0
1774386519219,393,1 - Acessar Home,200,OK,Teste de Carga - 250 usuarios 1-97,text,true,,4757,120,250,250,https://www.blazedemo.com/,382,0,0
1774386519279,337,2 - Escolher Voo,200,OK,Teste de Carga - 250 usuarios 1-91,text,true,,7381,250,250,250,https://www.blazedemo.com/reserve.php,317,0,0
1774386519347,275,3 - Comprar Passagem,200,OK,Teste de Carga - 250 usuarios 1-148,text,true,,6719,420,250,250,https://www.blazedemo.com/purchase.php,263,0,0
1774386519373,249,3 - Comprar Passagem,200,OK,Teste de Carga - 250 usuarios 1-149,text,true,,6719,420,250,250,https://www.blazedemo.com/purchase.php,233,0,0
1774386518910,714,1 - Acessar Home,200,OK,Teste de Carga - 250 usuarios 1-189,text,true,,4757,120,250,250,https://www.blazedemo.com/,705,0,0
1774386515606,4024,2 - Escolher Voo,200,OK,Teste de Carga - 250 usuarios 1-80,text,true,,7381,250,250,250,https://www.blazedemo.com/reserve.php,4004,0,0
1774386519211,424,1 - Acessar Home,200,OK,Teste de Carga - 250 usuarios 1-15,text,true,,4757,120,250,250,https://www.blazedemo.com/,413,0,0
1774386519344,295,1 - Acessar Home,200,OK,Teste de Carga - 250 usuarios 1-46,text,true,,4757,120,250,250,https://www.blazedemo.com/,283,0,0
1774386519216,429,3 - Comprar Passagem,200,OK,Teste de Carga - 250 usuarios 1-94,text,true,,6719,420,250,250,https://www.blazedemo.com/purchase.php,417,0,0
1774386516355,3291,1 - Acessar Home,200,OK,Teste de Carga - 250 usuarios 1-154,text,true,,4757,120,250,250,https://www.blazedemo.com/,3279,0,0
1774386519385,268,3 - Comprar Passagem,200,OK,Teste de Carga - 250 usuarios 1-174,text,true,,6719,420,250,250,https://www.blazedemo.com/purchase.php,256,0,0
1774386519346,310,3 - Comprar Passagem,200,OK,Teste de Carga - 250 usuarios 1-217,text,true,,6719,420,250,250,https://www.blazedemo.com/purchase.php,298,0,0
1774386519340,322,3 - Comprar Passagem,200,OK,Teste de Carga - 250 usuarios 1-71,text,true,,6719,420,250,250,https://www.blazedemo.com/purchase.php,310,0,0
1774386519397,270,2 - Escolher Voo,200,OK,Teste de Carga - 250 usuarios 1-145,text,true,,7381,250,250,250,https://www.blazedemo.com/reserve.php,250,0,0
1774386519335,333,2 - Escolher Voo,200,OK,Teste de Carga - 250 usuarios 1-143,text,true,,7381,250,250,250,https://www.blazedemo.com/reserve.php,313,0,0
1774386515904,3773,1 - Acessar Home,200,OK,Teste de Carga - 250 usuarios 1-76,text,true,,4757,120,250,250,https://www.blazedemo.com/,3762,0,0
1774386519442,243,1 - Acessar Home,200,OK,Teste de Carga - 250 usuarios 1-221,text,true,,4757,120,250,250,https://www.blazedemo.com/,231,0,0
1774386519306,379,1 - Acessar Home,200,OK,Teste de Carga - 250 usuarios 1-248,text,true,,4757,120,250,250,https://www.blazedemo.com/,376,0,0
1774386519266,420,1 - Acessar Home,200,OK,Teste de Carga - 250 usuarios 1-62,text,true,,4757,120,250,250,https://www.blazedemo.com/,407,0,0
1774386515581,4110,2 - Escolher Voo,200,OK,Teste de Carga - 250 usuarios 1-242,text,true,,7381,250,250,250,https://www.blazedemo.com/reserve.php,4090,0,0
1774386519430,269,3 - Comprar Passagem,200,OK,Teste de Carga - 250 usuarios 1-75,text,true,,6719,420,250,250,https://www.blazedemo.com/purchase.php,257,0,0
1774386517860,1849,3 - Comprar Passagem,200,OK,Teste de Carga - 250 usuarios 1-59,text,true,,6719,420,250,250,https://www.blazedemo.com/purchase.php,1835,0,0
1774386519461,260,2 - Escolher Voo,200,OK,Teste de Carga - 250 usuarios 1-96,text,true,,7381,250,250,250,https://www.blazedemo.com/reserve.php,243,0,0
1774386519474,248,3 - Comprar Passagem,200,OK,Teste de Carga - 250 usuarios 1-2,text,true,,6719,420,250,250,https://www.blazedemo.com/purchase.php,236,0,0
1774386519329,397,3 - Comprar Passagem,200,OK,Teste de Carga - 250 usuarios 1-135,text,true,,6719,420,250,250,https://www.blazedemo.com/purchase.php,385,0,0
1774386519467,263,3 - Comprar Passagem,200,OK,Teste de Carga - 250 usuarios 1-65,text,true,,6719,420,250,250,https://www.blazedemo.com/purchase.php,251,0,0
1774386518997,734,3 - Comprar Passagem,200,OK,Teste de Carga - 250 usuarios 1-34,text,true,,6719,420,250,250,https://www.blazedemo.com/purchase.php,722,0,0
1774386519448,289,2 - Escolher Voo,200,OK,Teste de Carga - 250 usuarios 1-202,text,true,,7381,250,250,250,https://www.blazedemo.com/reserve.php,269,0,0
1774386519357,383,3 - Comprar Passagem,200,OK,Teste de Carga - 250 usuarios 1-82,text,true,,6719,420,250,250,https://www.blazedemo.com/purchase.php,371,0,0
1774386519278,465,3 - Comprar Passagem,200,OK,Teste de Carga - 250 usuarios 1-234,text,true,,6719,420,250,250,https://www.blazedemo.com/purchase.php,452,0,0
1774386515680,4065,3 - Comprar Passagem,200,OK,Teste de Carga - 250 usuarios 1-214,text,true,,6719,420,250,250,https://www.blazedemo.com/purchase.php,4053,0,0
1774386519412,335,3 - Comprar Passagem,200,OK,Teste de Carga - 250 usuarios 1-19,text,true,,6719,420,250,250,https://www.blazedemo.com/purchase.php,319,0,0
1774386519371,379,1 - Acessar Home,200,OK,Teste de Carga - 250 usuarios 1-101,text,true,,4757,120,250,250,https://www.blazedemo.com/,367,0,0
1774386519243,508,2 - Escolher Voo,200,OK,Teste de Carga - 250 usuarios 1-233,text,true,,7381,250,250,250,https://www.blazedemo.com/reserve.php,491,0,0
1774386519064,690,1 - Acessar Home,200,OK,Teste de Carga - 250 usuarios 1-88,text,true,,4757,120,250,250,https://www.blazedemo.com/,678,0,0
1774386519304,458,2 - Escolher Voo,200,OK,Teste de Carga - 250 usuarios 1-188,text,true,,7381,250,250,250,https://www.blazedemo.com/reserve.php,437,0,0
1774386519462,301,2 - Escolher Voo,200,OK,Teste de Carga - 250 usuarios 1-51,text,true,,7381,250,250,250,https://www.blazedemo.com/reserve.php,281,0,0
1774386519498,269,2 - Escolher Voo,200,OK,Teste de Carga - 250 usuarios 1-58,text,true,,7381,250,250,250,https://www.blazedemo.com/reserve.php,248,0,0
1774386515912,3859,1 - Acessar Home,200,OK,Teste de Carga - 250 usuarios 1-170,text,true,,4757,120,250,250,https://www.blazedemo.com/,3847,0,0
1774386519405,368,2 - Escolher Voo,200,OK,Teste de Carga - 250 usuarios 1-150,text,true,,7381,250,250,250,https://www.blazedemo.com/reserve.php,346,0,0
1774386519505,270,3 - Comprar Passagem,200,OK,Teste de Carga - 250 usuarios 1-107,text,true,,6719,420,250,250,https://www.blazedemo.com/purchase.php,258,0,0
1774386519385,395,3 - Comprar Passagem,200,OK,Teste de Carga - 250 usuarios 1-60,text,true,,6719,420,250,250,https://www.blazedemo.com/purchase.php,382,0,0
1774386519531,253,1 - Acessar Home,200,OK,Teste de Carga - 250 usuarios 1-222,text,true,,4757,120,250,250,https://www.blazedemo.com/,242,0,0
1774386515715,4071,1 - Acessar Home,200,OK,Teste de Carga - 250 usuarios 1-213,text,true,,4757,120,250,250,https://www.blazedemo.com/,4059,0,0
1774386519121,666,1 - Acessar Home,200,OK,Teste de Carga - 250 usuarios 1-140,text,true,,4757,120,250,250,https://www.blazedemo.com/,654,0,0
1774386519503,287,2 - Escolher Voo,200,OK,Teste de Carga - 250 usuarios 1-137,text,true,,7381,250,250,250,https://www.blazedemo.com/reserve.php,267,0,0
1774386519522,279,2 - Escolher Voo,200,OK,Teste de Carga - 250 usuarios 1-198,text,true,,7381,250,250,250,https://www.blazedemo.com/reserve.php,262,0,0
1774386519556,247,3 - Comprar Passagem,200,OK,Teste de Carga - 250 usuarios 1-180,text,true,,6719,420,250,250,https://www.blazedemo.com/purchase.php,231,0,0
1774386519535,272,2 - Escolher Voo,200,OK,Teste de Carga - 250 usuarios 1-231,text,true,,7381,250,250,250,https://www.blazedemo.com/reserve.php,251,0,0
1774386519372,438,3 - Comprar Passagem,200,OK,Teste de Carga - 250 usuarios 1-21,text,true,,6719,420,250,250,https://www.blazedemo.com/purchase.php,427,0,0
1774386519065,747,3 - Comprar Passagem,200,OK,Teste de Carga - 250 usuarios 1-218,text,true,,6719,420,250,250,https://www.blazedemo.com/purchase.php,735,0,0
1774386519568,248,1 - Acessar Home,200,OK,Teste de Carga - 250 usuarios 1-158,text,true,,4757,120,250,250,https://www.blazedemo.com/,236,0,0
1774386519417,406,2 - Escolher Voo,200,OK,Teste de Carga - 250 usuarios 1-183,text,true,,7381,250,250,250,https://www.blazedemo.com/reserve.php,389,0,0
1774386517936,1893,1 - Acessar Home,200,OK,Teste de Carga - 250 usuarios 1-200,text,true,,4757,120,250,250,https://www.blazedemo.com/,1880,0,0
1774386519557,277,1 - Acessar Home,200,OK,Teste de Carga - 250 usuarios 1-36,text,true,,4757,120,250,250,https://www.blazedemo.com/,265,0,0
1774386516469,3367,3 - Comprar Passagem,200,OK,Teste de Carga - 250 usuarios 1-63,text,true,,6719,420,250,250,https://www.blazedemo.com/purchase.php,3354,0,0
1774386519510,332,2 - Escolher Voo,200,OK,Teste de Carga - 250 usuarios 1-79,text,true,,7381,250,250,250,https://www.blazedemo.com/reserve.php,315,0,0
1774386519292,554,1 - Acessar Home,200,OK,Teste de Carga - 250 usuarios 1-6,text,true,,4757,120,250,250,https://www.blazedemo.com/,542,0,0
1774386519439,407,2 - Escolher Voo,200,OK,Teste de Carga - 250 usuarios 1-157,text,true,,7381,250,250,250,https://www.blazedemo.com/reserve.php,385,0,0
1774386519524,325,2 - Escolher Voo,200,OK,Teste de Carga - 250 usuarios 1-136,text,true,,7381,250,250,250,https://www.blazedemo.com/reserve.php,304,0,0
1774386515779,4073,1 - Acessar Home,200,OK,Teste de Carga - 250 usuarios 1-1,text,true,,4757,120,250,250,https://www.blazedemo.com/,4060,0,0
1774386515722,4131,3 - Comprar Passagem,200,OK,Teste de Carga - 250 usuarios 1-25,text,true,,6719,420,250,250,https://www.blazedemo.com/purchase.php,4115,0,0
1774386519448,408,1 - Acessar Home,200,OK,Teste de Carga - 250 usuarios 1-11,text,true,,4757,120,250,250,https://www.blazedemo.com/,398,0,0
1774386519155,703,2 - Escolher Voo,200,OK,Teste de Carga - 250 usuarios 1-167,text,true,,7381,250,250,250,https://www.blazedemo.com/reserve.php,684,0,0
1774386519596,269,3 - Comprar Passagem,200,OK,Teste de Carga - 250 usuarios 1-220,text,true,,6719,420,250,250,https://www.blazedemo.com/purchase.php,250,0,0
1774386519518,350,1 - Acessar Home,200,OK,Teste de Carga - 250 usuarios 1-201,text,true,,4757,120,250,250,https://www.blazedemo.com/,338,0,0
1774386519602,272,3 - Comprar Passagem,200,OK,Teste de Carga - 250 usuarios 1-134,text,true,,6719,420,250,250,https://www.blazedemo.com/purchase.php,260,0,0
1774386516032,3844,3 - Comprar Passagem,200,OK,Teste de Carga - 250 usuarios 1-153,text,true,,6719,420,250,250,https://www.blazedemo.com/purchase.php,3832,0,0
1774386519630,248,3 - Comprar Passagem,200,OK,Teste de Carga - 250 usuarios 1-80,text,true,,6719,420,250,250,https://www.blazedemo.com/purchase.php,237,0,0
1774386519526,353,1 - Acessar Home,200,OK,Teste de Carga - 250 usuarios 1-232,text,true,,4757,120,250,250,https://www.blazedemo.com/,342,0,0
1774386519394,485,2 - Escolher Voo,200,OK,Teste de Carga - 250 usuarios 1-126,text,true,,7381,250,250,250,https://www.blazedemo.com/reserve.php,465,0,0
1774386519622,260,1 - Acessar Home,200,OK,Teste de Carga - 250 usuarios 1-148,text,true,,4757,120,250,250,https://www.blazedemo.com/,249,0,0
1774386519612,271,2 - Escolher Voo,200,OK,Teste de Carga - 250 usuarios 1-97,text,true,,7381,250,250,250,https://www.blazedemo.com/reserve.php,250,0,0
1774386519117,770,2 - Escolher Voo,200,OK,Teste de Carga - 250 usuarios 1-178,text,true,,7381,250,250,250,https://www.blazedemo.com/reserve.php,751,0,0
1774386519607,287,2 - Escolher Voo,200,OK,Teste de Carga - 250 usuarios 1-89,text,true,,7381,250,250,250,https://www.blazedemo.com/reserve.php,266,0,0
1774386519283,645,1 - Acessar Home,200,OK,Teste de Carga - 250 usuarios 1-223,text,true,,4757,120,250,250,https://www.blazedemo.com/,633,0,0
1774386517974,1960,1 - Acessar Home,200,OK,Teste de Carga - 250 usuarios 1-22,text,true,,4757,120,250,250,https://www.blazedemo.com/,1949,0,0
1774386519646,289,2 - Escolher Voo,200,OK,Teste de Carga - 250 usuarios 1-154,text,true,,7381,250,250,250,https://www.blazedemo.com/reserve.php,270,0,0
1774386519543,396,1 - Acessar Home,200,OK,Teste de Carga - 250 usuarios 1-199,text,true,,4757,120,250,250,https://www.blazedemo.com/,384,0,0
1774386519348,593,1 - Acessar Home,200,OK,Teste de Carga - 250 usuarios 1-67,text,true,,4757,120,250,250,https://www.blazedemo.com/,582,0,0
1774386516575,3369,2 - Escolher Voo,200,OK,Teste de Carga - 250 usuarios 1-244,text,true,,7381,250,250,250,https://www.blazedemo.com/reserve.php,3348,0,0
1774386519590,357,2 - Escolher Voo,200,OK,Teste de Carga - 250 usuarios 1-128,text,true,,7381,250,250,250,https://www.blazedemo.com/reserve.php,337,0,0
1774386519197,752,1 - Acessar Home,200,OK,Teste de Carga - 250 usuarios 1-130,text,true,,4757,120,250,250,https://www.blazedemo.com/,741,0,0
1774386519622,327,1 - Acessar Home,200,OK,Teste de Carga - 250 usuarios 1-149,text,true,,4757,120,250,250,https://www.blazedemo.com/,316,0,0
1774386515845,4108,1 - Acessar Home,200,OK,Teste de Carga - 250 usuarios 1-210,text,true,,4757,120,250,250,https://www.blazedemo.com/,4097,0,0
1774386519400,556,2 - Escolher Voo,200,OK,Teste de Carga - 250 usuarios 1-186,text,true,,7381,250,250,250,https://www.blazedemo.com/reserve.php,539,0,0
1774386515962,3997,1 - Acessar Home,200,OK,Teste de Carga - 250 usuarios 1-173,text,true,,4757,120,250,250,https://www.blazedemo.com/,3985,0,0
1774386519616,345,3 - Comprar Passagem,200,OK,Teste de Carga - 250 usuarios 1-91,text,true,,6719,420,250,250,https://www.blazedemo.com/purchase.php,334,0,0
1774386519526,441,3 - Comprar Passagem,200,OK,Teste de Carga - 250 usuarios 1-68,text,true,,6719,420,250,250,https://www.blazedemo.com/purchase.php,428,0,0
1774386516299,3676,2 - Escolher Voo,200,OK,Teste de Carga - 250 usuarios 1-53,text,true,,7381,250,250,250,https://www.blazedemo.com/reserve.php,3657,0,0
1774386519645,334,1 - Acessar Home,200,OK,Teste de Carga - 250 usuarios 1-94,text,true,,4757,120,250,250,https://www.blazedemo.com/,322,0,0
1774386519669,314,3 - Comprar Passagem,200,OK,Teste de Carga - 250 usuarios 1-143,text,true,,6719,420,250,250,https://www.blazedemo.com/purchase.php,302,0,0
1774386519565,418,3 - Comprar Passagem,200,OK,Teste de Carga - 250 usuarios 1-17,text,true,,6719,420,250,250,https://www.blazedemo.com/purchase.php,406,0,0
1774386519457,531,3 - Comprar Passagem,200,OK,Teste de Carga - 250 usuarios 1-142,text,true,,6719,420,250,250,https://www.blazedemo.com/purchase.php,518,0,0
1774386519296,699,3 - Comprar Passagem,200,OK,Teste de Carga - 250 usuarios 1-108,text,true,,6719,420,250,250,https://www.blazedemo.com/purchase.php,687,0,0
1774386519686,315,2 - Escolher Voo,200,OK,Teste de Carga - 250 usuarios 1-62,text,true,,7381,250,250,250,https://www.blazedemo.com/reserve.php,297,0,0
1774386516106,3899,1 - Acessar Home,200,OK,Teste de Carga - 250 usuarios 1-240,text,true,,4757,120,250,250,https://www.blazedemo.com/,3887,0,0
1774386519721,288,3 - Comprar Passagem,200,OK,Teste de Carga - 250 usuarios 1-96,text,true,,6719,420,250,250,https://www.blazedemo.com/purchase.php,276,0,0
1774386519743,266,1 - Acessar Home,200,OK,Teste de Carga - 250 usuarios 1-234,text,true,,4757,120,250,250,https://www.blazedemo.com/,254,0,0
1774386519762,250,3 - Comprar Passagem,200,OK,Teste de Carga - 250 usuarios 1-188,text,true,,6719,420,250,250,https://www.blazedemo.com/purchase.php,239,0,0
1774386519691,327,3 - Comprar Passagem,200,OK,Teste de Carga - 250 usuarios 1-242,text,true,,6719,420,250,250,https://www.blazedemo.com/purchase.php,315,0,0
1774386519732,295,1 - Acessar Home,200,OK,Teste de Carga - 250 usuarios 1-34,text,true,,4757,120,250,250,https://www.blazedemo.com/,283,0,0
1774386516624,3410,3 - Comprar Passagem,200,OK,Teste de Carga - 250 usuarios 1-104,text,true,,6719,420,250,250,https://www.blazedemo.com/purchase.php,3398,0,0
1774386519771,269,2 - Escolher Voo,200,OK,Teste de Carga - 250 usuarios 1-170,text,true,,7381,250,250,250,https://www.blazedemo.com/reserve.php,249,0,0
1774386519710,331,1 - Acessar Home,200,OK,Teste de Carga - 250 usuarios 1-59,text,true,,4757,120,250,250,https://www.blazedemo.com/,320,0,0
1774386519432,612,1 - Acessar Home,200,OK,Teste de Carga - 250 usuarios 1-139,text,true,,4757,120,250,250,https://www.blazedemo.com/,600,0,0
1774386519737,311,3 - Comprar Passagem,200,OK,Teste de Carga - 250 usuarios 1-202,text,true,,6719,420,250,250,https://www.blazedemo.com/purchase.php,300,0,0
1774386519786,265,2 - Escolher Voo,200,OK,Teste de Carga - 250 usuarios 1-213,text,true,,7381,250,250,250,https://www.blazedemo.com/reserve.php,245,0,0
1774386519726,335,1 - Acessar Home,200,OK,Teste de Carga - 250 usuarios 1-135,text,true,,4757,120,250,250,https://www.blazedemo.com/,322,0,0
1774386516038,4024,1 - Acessar Home,200,OK,Teste de Carga - 250 usuarios 1-191,text,true,,4757,120,250,250,https://www.blazedemo.com/,4010,0,0
1774386519751,321,2 - Escolher Voo,200,OK,Teste de Carga - 250 usuarios 1-101,text,true,,7381,250,250,250,https://www.blazedemo.com/reserve.php,300,0,0
1774386519784,296,2 - Escolher Voo,200,OK,Teste de Carga - 250 usuarios 1-222,text,true,,7381,250,250,250,https://www.blazedemo.com/reserve.php,276,0,0
1774386519803,284,1 - Acessar Home,200,OK,Teste de Carga - 250 usuarios 1-180,text,true,,4757,120,250,250,https://www.blazedemo.com/,272,0,0
1774386516384,3707,2 - Escolher Voo,200,OK,Teste de Carga - 250 usuarios 1-87,text,true,,7381,250,250,250,https://www.blazedemo.com/reserve.php,3686,0,0
1774386519730,368,1 - Acessar Home,200,OK,Teste de Carga - 250 usuarios 1-65,text,true,,4757,120,250,250,https://www.blazedemo.com/,357,0,0
1774386519812,287,1 - Acessar Home,200,OK,Teste de Carga - 250 usuarios 1-218,text,true,,4757,120,250,250,https://www.blazedemo.com/,275,0,0
1774386519773,330,3 - Comprar Passagem,200,OK,Teste de Carga - 250 usuarios 1-150,text,true,,6719,420,250,250,https://www.blazedemo.com/purchase.php,317,0,0
1774386519476,635,2 - Escolher Voo,200,OK,Teste de Carga - 250 usuarios 1-29,text,true,,7381,250,250,250,https://www.blazedemo.com/reserve.php,614,0,0
1774386519846,266,2 - Escolher Voo,200,OK,Teste de Carga - 250 usuarios 1-6,text,true,,7381,250,250,250,https://www.blazedemo.com/reserve.php,246,0,0
1774386519747,366,1 - Acessar Home,200,OK,Teste de Carga - 250 usuarios 1-19,text,true,,4757,120,250,250,https://www.blazedemo.com/,353,0,0
1774386519823,296,3 - Comprar Passagem,200,OK,Teste de Carga - 250 usuarios 1-183,text,true,,6719,420,250,250,https://www.blazedemo.com/purchase.php,284,0,0
1774386519876,258,1 - Acessar Home,200,OK,Teste de Carga - 250 usuarios 1-153,text,true,,4757,120,250,250,https://www.blazedemo.com/,246,0,0
1774386519603,535,3 - Comprar Passagem,200,OK,Teste de Carga - 250 usuarios 1-224,text,true,,6719,420,250,250,https://www.blazedemo.com/purchase.php,523,0,0
1774386519842,299,3 - Comprar Passagem,200,OK,Teste de Carga - 250 usuarios 1-79,text,true,,6719,420,250,250,https://www.blazedemo.com/purchase.php,282,0,0
1774386516668,3474,2 - Escolher Voo,200,OK,Teste de Carga - 250 usuarios 1-171,text,true,,7381,250,250,250,https://www.blazedemo.com/reserve.php,3451,0,0
1774386519449,694,3 - Comprar Passagem,200,OK,Teste de Carga - 250 usuarios 1-112,text,true,,6719,420,250,250,https://www.blazedemo.com/purchase.php,682,0,0
1774386519787,362,2 - Escolher Voo,200,OK,Teste de Carga - 250 usuarios 1-140,text,true,,7381,250,250,250,https://www.blazedemo.com/reserve.php,342,0,0
1774386519536,627,1 - Acessar Home,200,OK,Teste de Carga - 250 usuarios 1-133,text,true,,4757,120,250,250,https://www.blazedemo.com/,615,0,0
1774386516440,3725,1 - Acessar Home,200,OK,Teste de Carga - 250 usuarios 1-70,text,true,,4757,120,250,250,https://www.blazedemo.com/,3716,0,0
1774386519878,290,1 - Acessar Home,200,OK,Teste de Carga - 250 usuarios 1-80,text,true,,4757,120,250,250,https://www.blazedemo.com/,278,0,0
1774386519505,667,1 - Acessar Home,200,OK,Teste de Carga - 250 usuarios 1-95,text,true,,4757,120,250,250,https://www.blazedemo.com/,655,0,0
1774386518056,2117,1 - Acessar Home,200,OK,Teste de Carga - 250 usuarios 1-109,text,true,,4757,120,250,250,https://www.blazedemo.com/,2105,0,0
1774386519611,562,3 - Comprar Passagem,200,OK,Teste de Carga - 250 usuarios 1-116,text,true,,6719,420,250,250,https://www.blazedemo.com/purchase.php,550,0,0
1774386519882,291,2 - Escolher Voo,200,OK,Teste de Carga - 250 usuarios 1-148,text,true,,7381,250,250,250,https://www.blazedemo.com/reserve.php,271,0,0
1774386516045,4129,2 - Escolher Voo,200,OK,Teste de Carga - 250 usuarios 1-30,text,true,,7381,250,250,250,https://www.blazedemo.com/reserve.php,4108,0,0
1774386519846,335,3 - Comprar Passagem,200,OK,Teste de Carga - 250 usuarios 1-157,text,true,,6719,420,250,250,https://www.blazedemo.com/purchase.php,323,0,0
1774386519887,311,3 - Comprar Passagem,200,OK,Teste de Carga - 250 usuarios 1-178,text,true,,6719,420,250,250,https://www.blazedemo.com/purchase.php,299,0,0
1774386519944,257,3 - Comprar Passagem,200,OK,Teste de Carga - 250 usuarios 1-244,text,true,,6719,420,250,250,https://www.blazedemo.com/purchase.php,244,0,0
1774386516678,3527,2 - Escolher Voo,200,OK,Teste de Carga - 250 usuarios 1-169,text,true,,7381,250,250,250,https://www.blazedemo.com/reserve.php,3507,0,0
1774386519935,274,3 - Comprar Passagem,200,OK,Teste de Carga - 250 usuarios 1-154,text,true,,6719,420,250,250,https://www.blazedemo.com/purchase.php,263,0,0
1774386519834,390,2 - Escolher Voo,200,OK,Teste de Carga - 250 usuarios 1-36,text,true,,7381,250,250,250,https://www.blazedemo.com/reserve.php,370,0,0
1774386519956,271,3 - Comprar Passagem,200,OK,Teste de Carga - 250 usuarios 1-186,text,true,,6719,420,250,250,https://www.blazedemo.com/purchase.php,259,0,0
1774386519816,412,2 - Escolher Voo,200,OK,Teste de Carga - 250 usuarios 1-158,text,true,,7381,250,250,250,https://www.blazedemo.com/reserve.php,392,0,0
1774386516697,3533,2 - Escolher Voo,200,OK,Teste de Carga - 250 usuarios 1-155,text,true,,7381,250,250,250,https://www.blazedemo.com/reserve.php,3512,0,0
1774386519983,252,1 - Acessar Home,200,OK,Teste de Carga - 250 usuarios 1-17,text,true,,4757,120,250,250,https://www.blazedemo.com/,237,0,0
1774386519934,307,2 - Escolher Voo,200,OK,Teste de Carga - 250 usuarios 1-22,text,true,,7381,250,250,250,https://www.blazedemo.com/reserve.php,284,0,0
1774386519780,464,1 - Acessar Home,200,OK,Teste de Carga - 250 usuarios 1-60,text,true,,4757,120,250,250,https://www.blazedemo.com/,452,0,0
1774386519677,569,2 - Escolher Voo,200,OK,Teste de Carga - 250 usuarios 1-76,text,true,,7381,250,250,250,https://www.blazedemo.com/reserve.php,548,0,0
1774386519879,367,2 - Escolher Voo,200,OK,Teste de Carga - 250 usuarios 1-232,text,true,,7381,250,250,250,https://www.blazedemo.com/reserve.php,351,0,0
1774386519947,300,3 - Comprar Passagem,200,OK,Teste de Carga - 250 usuarios 1-128,text,true,,6719,420,250,250,https://www.blazedemo.com/purchase.php,288,0,0
1774386519639,609,2 - Escolher Voo,200,OK,Teste de Carga - 250 usuarios 1-46,text,true,,7381,250,250,250,https://www.blazedemo.com/reserve.php,589,0,0
1774386516455,3797,3 - Comprar Passagem,200,OK,Teste de Carga - 250 usuarios 1-161,text,true,,6719,420,250,250,https://www.blazedemo.com/purchase.php,3786,0,0
1774386519865,400,1 - Acessar Home,200,OK,Teste de Carga - 250 usuarios 1-220,text,true,,4757,120,250,250,https://www.blazedemo.com/,387,0,0
1774386519667,603,3 - Comprar Passagem,200,OK,Teste de Carga - 250 usuarios 1-145,text,true,,6719,420,250,250,https://www.blazedemo.com/purchase.php,591,0,0
1774386519995,275,1 - Acessar Home,200,OK,Teste de Carga - 250 usuarios 1-108,text,true,,4757,120,250,250,https://www.blazedemo.com/,263,0,0
1774386516106,4169,3 - Comprar Passagem,200,OK,Teste de Carga - 250 usuarios 1-78,text,true,,6719,420,250,250,https://www.blazedemo.com/purchase.php,4157,0,0
1774386519979,297,2 - Escolher Voo,200,OK,Teste de Carga - 250 usuarios 1-94,text,true,,7381,250,250,250,https://www.blazedemo.com/reserve.php,278,0,0
1774386519967,315,1 - Acessar Home,200,OK,Teste de Carga - 250 usuarios 1-68,text,true,,4757,120,250,250,https://www.blazedemo.com/,303,0,0
1774386516721,3579,3 - Comprar Passagem,200,OK,Teste de Carga - 250 usuarios 1-227,text,true,,6719,420,250,250,https://www.blazedemo.com/purchase.php,3566,0,0
1774386520012,296,1 - Acessar Home,200,OK,Teste de Carga - 250 usuarios 1-188,text,true,,4757,120,250,250,https://www.blazedemo.com/,285,0,0
1774386519953,355,2 - Escolher Voo,200,OK,Teste de Carga - 250 usuarios 1-210,text,true,,7381,250,250,250,https://www.blazedemo.com/reserve.php,335,0,0
1774386519849,463,3 - Comprar Passagem,200,OK,Teste de Carga - 250 usuarios 1-136,text,true,,6719,420,250,250,https://www.blazedemo.com/purchase.php,445,0,0
1774386519722,592,1 - Acessar Home,200,OK,Teste de Carga - 250 usuarios 1-2,text,true,,4757,120,250,250,https://www.blazedemo.com/,579,0,0
1774386519928,387,2 - Escolher Voo,200,OK,Teste de Carga - 250 usuarios 1-223,text,true,,7381,250,250,250,https://www.blazedemo.com/reserve.php,367,0,0
1774386516877,3448,2 - Escolher Voo,200,OK,Teste de Carga - 250 usuarios 1-84,text,true,,7381,250,250,250,https://www.blazedemo.com/reserve.php,3430,0,0
1774386519939,391,2 - Escolher Voo,200,OK,Teste de Carga - 250 usuarios 1-199,text,true,,7381,250,250,250,https://www.blazedemo.com/reserve.php,372,0,0
1774386519949,381,2 - Escolher Voo,200,OK,Teste de Carga - 250 usuarios 1-149,text,true,,7381,250,250,250,https://www.blazedemo.com/reserve.php,361,0,0
1774386519983,347,1 - Acessar Home,200,OK,Teste de Carga - 250 usuarios 1-143,text,true,,4757,120,250,250,https://www.blazedemo.com/,335,0,0
1774386519836,498,1 - Acessar Home,200,OK,Teste de Carga - 250 usuarios 1-63,text,true,,4757,120,250,250,https://www.blazedemo.com/,487,0,0
1774386519988,346,1 - Acessar Home,200,OK,Teste de Carga - 250 usuarios 1-142,text,true,,4757,120,250,250,https://www.blazedemo.com/,334,0,0
1774386520080,257,3 - Comprar Passagem,200,OK,Teste de Carga - 250 usuarios 1-222,text,true,,6719,420,250,250,https://www.blazedemo.com/purchase.php,245,0,0
1774386519975,365,3 - Comprar Passagem,200,OK,Teste de Carga - 250 usuarios 1-53,text,true,,6719,420,250,250,https://www.blazedemo.com/purchase.php,353,0,0
1774386519894,448,3 - Comprar Passagem,200,OK,Teste de Carga - 250 usuarios 1-89,text,true,,6719,420,250,250,https://www.blazedemo.com/purchase.php,435,0,0
1774386516613,3731,2 - Escolher Voo,200,OK,Teste de Carga - 250 usuarios 1-110,text,true,,7381,250,250,250,https://www.blazedemo.com/reserve.php,3710,0,0
1774386520099,249,2 - Escolher Voo,200,OK,Teste de Carga - 250 usuarios 1-218,text,true,,7381,250,250,250,https://www.blazedemo.com/reserve.php,229,0,0
1774386520009,343,1 - Acessar Home,200,OK,Teste de Carga - 250 usuarios 1-96,text,true,,4757,120,250,250,https://www.blazedemo.com/,331,0,0
1774386520009,356,2 - Escolher Voo,200,OK,Teste de Carga - 250 usuarios 1-234,text,true,,7381,250,250,250,https://www.blazedemo.com/reserve.php,335,0,0
1774386520119,255,1 - Acessar Home,200,OK,Teste de Carga - 250 usuarios 1-183,text,true,,4757,120,250,250,https://www.blazedemo.com/,243,0,0
1774386519740,639,1 - Acessar Home,200,OK,Teste de Carga - 250 usuarios 1-82,text,true,,4757,120,250,250,https://www.blazedemo.com/,627,0,0
1774386519961,420,1 - Acessar Home,200,OK,Teste de Carga - 250 usuarios 1-91,text,true,,4757,120,250,250,https://www.blazedemo.com/,406,0,0
1774386519594,793,3 - Comprar Passagem,200,OK,Teste de Carga - 250 usuarios 1-196,text,true,,6719,420,250,250,https://www.blazedemo.com/purchase.php,781,0,0
1774386520001,390,3 - Comprar Passagem,200,OK,Teste de Carga - 250 usuarios 1-62,text,true,,6719,420,250,250,https://www.blazedemo.com/purchase.php,378,0,0
1774386516335,4058,3 - Comprar Passagem,200,OK,Teste de Carga - 250 usuarios 1-55,text,true,,6719,420,250,250,https://www.blazedemo.com/purchase.php,4046,0,0
1774386520062,335,2 - Escolher Voo,200,OK,Teste de Carga - 250 usuarios 1-191,text,true,,7381,250,250,250,https://www.blazedemo.com/reserve.php,314,0,0
1774386516763,3638,3 - Comprar Passagem,200,OK,Teste de Carga - 250 usuarios 1-144,text,true,,6719,420,250,250,https://www.blazedemo.com/purchase.php,3621,0,0
1774386519852,550,2 - Escolher Voo,200,OK,Teste de Carga - 250 usuarios 1-1,text,true,,7381,250,250,250,https://www.blazedemo.com/reserve.php,531,0,0
1774386516974,3431,1 - Acessar Home,200,OK,Teste de Carga - 250 usuarios 1-125,text,true,,4757,120,250,250,https://www.blazedemo.com/,3419,0,0
1774386519745,667,1 - Acessar Home,200,OK,Teste de Carga - 250 usuarios 1-214,text,true,,4757,120,250,250,https://www.blazedemo.com/,655,0,0
1774386520149,267,3 - Comprar Passagem,200,OK,Teste de Carga - 250 usuarios 1-140,text,true,,6719,420,250,250,https://www.blazedemo.com/purchase.php,251,0,0
1774386520141,282,1 - Acessar Home,200,OK,Teste de Carga - 250 usuarios 1-79,text,true,,4757,120,250,250,https://www.blazedemo.com/,273,0,0
1774386520103,321,1 - Acessar Home,200,OK,Teste de Carga - 250 usuarios 1-150,text,true,,4757,120,250,250,https://www.blazedemo.com/,309,0,0
1774386516632,3795,2 - Escolher Voo,200,OK,Teste de Carga - 250 usuarios 1-118,text,true,,7381,250,250,250,https://www.blazedemo.com/reserve.php,3775,0,0
1774386520168,260,2 - Escolher Voo,200,OK,Teste de Carga - 250 usuarios 1-80,text,true,,7381,250,250,250,https://www.blazedemo.com/reserve.php,240,0,0
1774386520099,331,2 - Escolher Voo,200,OK,Teste de Carga - 250 usuarios 1-65,text,true,,7381,250,250,250,https://www.blazedemo.com/reserve.php,310,0,0
1774386520034,404,1 - Acessar Home,200,OK,Teste de Carga - 250 usuarios 1-104,text,true,,4757,120,250,250,https://www.blazedemo.com/,391,0,0
1774386520051,403,3 - Comprar Passagem,200,OK,Teste de Carga - 250 usuarios 1-213,text,true,,6719,420,250,250,https://www.blazedemo.com/purchase.php,391,0,0
1774386520041,414,2 - Escolher Voo,200,OK,Teste de Carga - 250 usuarios 1-59,text,true,,7381,250,250,250,https://www.blazedemo.com/reserve.php,394,0,0
1774386520201,254,1 - Acessar Home,200,OK,Teste de Carga - 250 usuarios 1-244,text,true,,4757,120,250,250,https://www.blazedemo.com/,243,0,0
1774386520163,302,2 - Escolher Voo,200,OK,Teste de Carga - 250 usuarios 1-133,text,true,,7381,250,250,250,https://www.blazedemo.com/reserve.php,281,0,0
1774386520044,422,2 - Escolher Voo,200,OK,Teste de Carga - 250 usuarios 1-139,text,true,,7381,250,250,250,https://www.blazedemo.com/reserve.php,403,0,0
1774386519775,695,1 - Acessar Home,200,OK,Teste de Carga - 250 usuarios 1-107,text,true,,4757,120,250,250,https://www.blazedemo.com/,683,0,0
1774386520247,230,1 - Acessar Home,200,OK,Teste de Carga - 250 usuarios 1-128,text,true,,4757,120,250,250,https://www.blazedemo.com/,218,0,0
1774386520173,307,1 - Acessar Home,200,OK,Teste de Carga - 250 usuarios 1-116,text,true,,4757,120,250,250,https://www.blazedemo.com/,296,0,0
1774386520072,411,3 - Comprar Passagem,200,OK,Teste de Carga - 250 usuarios 1-101,text,true,,6719,420,250,250,https://www.blazedemo.com/purchase.php,400,0,0
1774386520142,345,3 - Comprar Passagem,200,OK,Teste de Carga - 250 usuarios 1-171,text,true,,6719,420,250,250,https://www.blazedemo.com/purchase.php,332,0,0
1774386520173,314,3 - Comprar Passagem,200,OK,Teste de Carga - 250 usuarios 1-148,text,true,,6719,420,250,250,https://www.blazedemo.com/purchase.php,303,0,0
1774386520199,296,1 - Acessar Home,200,OK,Teste de Carga - 250 usuarios 1-178,text,true,,4757,120,250,250,https://www.blazedemo.com/,285,0,0
1774386516971,3525,1 - Acessar Home,200,OK,Teste de Carga - 250 usuarios 1-119,text,true,,4757,120,250,250,https://www.blazedemo.com/,3512,0,0
1774386519767,729,3 - Comprar Passagem,200,OK,Teste de Carga - 250 usuarios 1-58,text,true,,6719,420,250,250,https://www.blazedemo.com/purchase.php,718,0,0
1774386519801,699,3 - Comprar Passagem,200,OK,Teste de Carga - 250 usuarios 1-198,text,true,,6719,420,250,250,https://www.blazedemo.com/purchase.php,687,0,0
1774386520138,363,1 - Acessar Home,200,OK,Teste de Carga - 250 usuarios 1-224,text,true,,4757,120,250,250,https://www.blazedemo.com/,351,0,0
1774386519858,644,3 - Comprar Passagem,200,OK,Teste de Carga - 250 usuarios 1-167,text,true,,6719,420,250,250,https://www.blazedemo.com/purchase.php,633,0,0
1774386520209,300,1 - Acessar Home,200,OK,Teste de Carga - 250 usuarios 1-154,text,true,,4757,120,250,250,https://www.blazedemo.com/,288,0,0
1774386519874,636,1 - Acessar Home,200,OK,Teste de Carga - 250 usuarios 1-134,text,true,,4757,120,250,250,https://www.blazedemo.com/,624,0,0
1774386518127,2384,2 - Escolher Voo,200,OK,Teste de Carga - 250 usuarios 1-106,text,true,,7381,250,250,250,https://www.blazedemo.com/reserve.php,2365,0,0
1774386516908,3606,2 - Escolher Voo,200,OK,Teste de Carga - 250 usuarios 1-57,text,true,,7381,250,250,250,https://www.blazedemo.com/reserve.php,3586,0,0
1774386516348,4168,3 - Comprar Passagem,200,OK,Teste de Carga - 250 usuarios 1-98,text,true,,6719,420,250,250,https://www.blazedemo.com/purchase.php,4156,0,0
1774386516949,3585,1 - Acessar Home,200,OK,Teste de Carga - 250 usuarios 1-209,text,true,,4757,120,250,250,https://www.blazedemo.com/,3573,0,0
1774386520173,364,2 - Escolher Voo,200,OK,Teste de Carga - 250 usuarios 1-109,text,true,,7381,250,250,250,https://www.blazedemo.com/reserve.php,343,0,0
1774386520172,371,2 - Escolher Voo,200,OK,Teste de Carga - 250 usuarios 1-95,text,true,,7381,250,250,250,https://www.blazedemo.com/reserve.php,349,0,0
1774386520270,277,1 - Acessar Home,200,OK,Teste de Carga - 250 usuarios 1-145,text,true,,4757,120,250,250,https://www.blazedemo.com/,266,0,0
1774386520174,373,3 - Comprar Passagem,200,OK,Teste de Carga - 250 usuarios 1-30,text,true,,6719,420,250,250,https://www.blazedemo.com/purchase.php,357,0,0
1774386520224,356,3 - Comprar Passagem,200,OK,Teste de Carga - 250 usuarios 1-36,text,true,,6719,420,250,250,https://www.blazedemo.com/purchase.php,344,0,0
1774386519853,729,1 - Acessar Home,200,OK,Teste de Carga - 250 usuarios 1-25,text,true,,4757,120,250,250,https://www.blazedemo.com/,719,0,0
1774386520331,253,2 - Escolher Voo,200,OK,Teste de Carga - 250 usuarios 1-143,text,true,,7381,250,250,250,https://www.blazedemo.com/reserve.php,232,0,0
1774386520227,358,1 - Acessar Home,200,OK,Teste de Carga - 250 usuarios 1-186,text,true,,4757,120,250,250,https://www.blazedemo.com/,345,0,0
1774386517004,3583,1 - Acessar Home,200,OK,Teste de Carga - 250 usuarios 1-18,text,true,,4757,120,250,250,https://www.blazedemo.com/,3571,0,0
1774386516929,3660,1 - Acessar Home,200,OK,Teste de Carga - 250 usuarios 1-20,text,true,,4757,120,250,250,https://www.blazedemo.com/,3650,0,0
1774386520230,365,3 - Comprar Passagem,200,OK,Teste de Carga - 250 usuarios 1-155,text,true,,6719,420,250,250,https://www.blazedemo.com/purchase.php,352,0,0
1774386520309,291,3 - Comprar Passagem,200,OK,Teste de Carga - 250 usuarios 1-210,text,true,,6719,420,250,250,https://www.blazedemo.com/purchase.php,279,0,0
1774386519868,732,2 - Escolher Voo,200,OK,Teste de Carga - 250 usuarios 1-201,text,true,,7381,250,250,250,https://www.blazedemo.com/reserve.php,711,0,0
1774386520282,319,2 - Escolher Voo,200,OK,Teste de Carga - 250 usuarios 1-68,text,true,,7381,250,250,250,https://www.blazedemo.com/reserve.php,302,0,0
1774386520334,273,2 - Escolher Voo,200,OK,Teste de Carga - 250 usuarios 1-142,text,true,,7381,250,250,250,https://www.blazedemo.com/reserve.php,252,0,0
1774386520330,283,3 - Comprar Passagem,200,OK,Teste de Carga - 250 usuarios 1-199,text,true,,6719,420,250,250,https://www.blazedemo.com/purchase.php,271,0,0
1774386520337,278,1 - Acessar Home,200,OK,Teste de Carga - 250 usuarios 1-222,text,true,,4757,120,250,250,https://www.blazedemo.com/,265,0,0
1774386518148,2467,1 - Acessar Home,200,OK,Teste de Carga - 250 usuarios 1-43,text,true,,4757,120,250,250,https://www.blazedemo.com/,2456,0,0
1774386520342,274,1 - Acessar Home,200,OK,Teste de Carga - 250 usuarios 1-89,text,true,,4757,120,250,250,https://www.blazedemo.com/,262,0,0
1774386520326,293,3 - Comprar Passagem,200,OK,Teste de Carga - 250 usuarios 1-84,text,true,,6719,420,250,250,https://www.blazedemo.com/purchase.php,281,0,0
1774386520206,415,3 - Comprar Passagem,200,OK,Teste de Carga - 250 usuarios 1-169,text,true,,6719,420,250,250,https://www.blazedemo.com/purchase.php,401,0,0
1774386520379,245,2 - Escolher Voo,200,OK,Teste de Carga - 250 usuarios 1-82,text,true,,7381,250,250,250,https://www.blazedemo.com/reserve.php,222,0,0
1774386516374,4252,1 - Acessar Home,200,OK,Teste de Carga - 250 usuarios 1-141,text,true,,4757,120,250,250,https://www.blazedemo.com/,4240,0,0
1774386520246,383,3 - Comprar Passagem,200,OK,Teste de Carga - 250 usuarios 1-76,text,true,,6719,420,250,250,https://www.blazedemo.com/purchase.php,371,0,0
1774386520252,379,1 - Acessar Home,200,OK,Teste de Carga - 250 usuarios 1-161,text,true,,4757,120,250,250,https://www.blazedemo.com/,367,0,0
1774386520275,360,1 - Acessar Home,200,OK,Teste de Carga - 250 usuarios 1-78,text,true,,4757,120,250,250,https://www.blazedemo.com/,351,0,0
1774386520270,372,2 - Escolher Voo,200,OK,Teste de Carga - 250 usuarios 1-108,text,true,,7381,250,250,250,https://www.blazedemo.com/reserve.php,352,0,0
1774386517141,3508,2 - Escolher Voo,200,OK,Teste de Carga - 250 usuarios 1-45,text,true,,7381,250,250,250,https://www.blazedemo.com/reserve.php,3487,0,0
1774386520247,402,3 - Comprar Passagem,200,OK,Teste de Carga - 250 usuarios 1-232,text,true,,6719,420,250,250,https://www.blazedemo.com/purchase.php,390,0,0
1774386520352,305,2 - Escolher Voo,200,OK,Teste de Carga - 250 usuarios 1-96,text,true,,7381,250,250,250,https://www.blazedemo.com/reserve.php,285,0,0
1774386520334,330,2 - Escolher Voo,200,OK,Teste de Carga - 250 usuarios 1-63,text,true,,7381,250,250,250,https://www.blazedemo.com/reserve.php,309,0,0
1774386520092,573,3 - Comprar Passagem,200,OK,Teste de Carga - 250 usuarios 1-87,text,true,,6719,420,250,250,https://www.blazedemo.com/purchase.php,561,0,0
1774386520381,287,2 - Escolher Voo,200,OK,Teste de Carga - 250 usuarios 1-91,text,true,,7381,250,250,250,https://www.blazedemo.com/reserve.php,266,0,0
1774386520344,338,3 - Comprar Passagem,200,OK,Teste de Carga - 250 usuarios 1-110,text,true,,6719,420,250,250,https://www.blazedemo.com/purchase.php,326,0,0
1774386520397,285,3 - Comprar Passagem,200,OK,Teste de Carga - 250 usuarios 1-191,text,true,,6719,420,250,250,https://www.blazedemo.com/purchase.php,273,0,0
1774386519941,743,2 - Escolher Voo,200,OK,Teste de Carga - 250 usuarios 1-67,text,true,,7381,250,250,250,https://www.blazedemo.com/reserve.php,723,0,0
1774386517023,3675,1 - Acessar Home,200,OK,Teste de Carga - 250 usuarios 1-85,text,true,,4757,120,250,250,https://www.blazedemo.com/,3664,0,0
1774386520438,268,2 - Escolher Voo,200,OK,Teste de Carga - 250 usuarios 1-104,text,true,,7381,250,250,250,https://www.blazedemo.com/reserve.php,250,0,0
1774386520143,564,1 - Acessar Home,200,OK,Teste de Carga - 250 usuarios 1-112,text,true,,4757,120,250,250,https://www.blazedemo.com/,552,0,0
1774386520308,404,2 - Escolher Voo,200,OK,Teste de Carga - 250 usuarios 1-188,text,true,,7381,250,250,250,https://www.blazedemo.com/reserve.php,383,0,0
1774386520365,349,3 - Comprar Passagem,200,OK,Teste de Carga - 250 usuarios 1-234,text,true,,6719,420,250,250,https://www.blazedemo.com/purchase.php,332,0,0
1774386520391,325,1 - Acessar Home,200,OK,Teste de Carga - 250 usuarios 1-62,text,true,,4757,120,250,250,https://www.blazedemo.com/,313,0,0
1774386516393,4324,2 - Escolher Voo,200,OK,Teste de Carga - 250 usuarios 1-10,text,true,,7381,250,250,250,https://www.blazedemo.com/reserve.php,4304,0,0
1774386518229,2489,3 - Comprar Passagem,200,OK,Teste de Carga - 250 usuarios 1-160,text,true,,6719,420,250,250,https://www.blazedemo.com/purchase.php,2476,0,0
1774386520477,245,2 - Escolher Voo,200,OK,Teste de Carga - 250 usuarios 1-128,text,true,,7381,250,250,250,https://www.blazedemo.com/reserve.php,225,0,0
1774386520455,281,2 - Escolher Voo,200,OK,Teste de Carga - 250 usuarios 1-244,text,true,,7381,250,250,250,https://www.blazedemo.com/reserve.php,261,0,0
1774386520428,313,3 - Comprar Passagem,200,OK,Teste de Carga - 250 usuarios 1-80,text,true,,6719,420,250,250,https://www.blazedemo.com/purchase.php,301,0,0
1774386520416,326,1 - Acessar Home,200,OK,Teste de Carga - 250 usuarios 1-140,text,true,,4757,120,250,250,https://www.blazedemo.com/,311,0,0
1774386520466,277,3 - Comprar Passagem,200,OK,Teste de Carga - 250 usuarios 1-139,text,true,,6719,420,250,250,https://www.blazedemo.com/purchase.php,265,0,0
1774386520330,413,3 - Comprar Passagem,200,OK,Teste de Carga - 250 usuarios 1-149,text,true,,6719,420,250,250,https://www.blazedemo.com/purchase.php,401,0,0
1774386520276,473,3 - Comprar Passagem,200,OK,Teste de Carga - 250 usuarios 1-94,text,true,,6719,420,250,250,https://www.blazedemo.com/purchase.php,461,0,0
1774386517335,3427,1 - Acessar Home,200,OK,Teste de Carga - 250 usuarios 1-92,text,true,,4757,120,250,250,https://www.blazedemo.com/,3413,0,0
1774386520027,740,2 - Escolher Voo,200,OK,Teste de Carga - 250 usuarios 1-34,text,true,,7381,250,250,250,https://www.blazedemo.com/reserve.php,719,0,0
1774386520424,345,2 - Escolher Voo,200,OK,Teste de Carga - 250 usuarios 1-79,text,true,,7381,250,250,250,https://www.blazedemo.com/reserve.php,323,0,0
1774386520340,429,1 - Acessar Home,200,OK,Teste de Carga - 250 usuarios 1-53,text,true,,4757,120,250,250,https://www.blazedemo.com/,417,0,0
1774386520412,357,2 - Escolher Voo,200,OK,Teste de Carga - 250 usuarios 1-214,text,true,,7381,250,250,250,https://www.blazedemo.com/reserve.php,337,0,0
1774386517160,3609,1 - Acessar Home,200,OK,Teste de Carga - 250 usuarios 1-229,text,true,,4757,120,250,250,https://www.blazedemo.com/,3597,0,0
1774386520401,370,1 - Acessar Home,200,OK,Teste de Carga - 250 usuarios 1-144,text,true,,4757,120,250,250,https://www.blazedemo.com/,359,0,0
1774386520315,459,3 - Comprar Passagem,200,OK,Teste de Carga - 250 usuarios 1-223,text,true,,6719,420,250,250,https://www.blazedemo.com/purchase.php,447,0,0
1774386520005,769,2 - Escolher Voo,200,OK,Teste de Carga - 250 usuarios 1-240,text,true,,7381,250,250,250,https://www.blazedemo.com/reserve.php,750,0,0
1774386520228,561,3 - Comprar Passagem,200,OK,Teste de Carga - 250 usuarios 1-158,text,true,,6719,420,250,250,https://www.blazedemo.com/purchase.php,550,0,0
1774386520393,396,1 - Acessar Home,200,OK,Teste de Carga - 250 usuarios 1-55,text,true,,4757,120,250,250,https://www.blazedemo.com/,384,0,0
1774386520480,309,2 - Escolher Voo,200,OK,Teste de Carga - 250 usuarios 1-116,text,true,,7381,250,250,250,https://www.blazedemo.com/reserve.php,290,0,0
1774386520495,302,2 - Escolher Voo,200,OK,Teste de Carga - 250 usuarios 1-178,text,true,,7381,250,250,250,https://www.blazedemo.com/reserve.php,283,0,0
1774386520496,313,2 - Escolher Voo,200,OK,Teste de Carga - 250 usuarios 1-119,text,true,,7381,250,250,250,https://www.blazedemo.com/reserve.php,293,0,0
1774386520501,328,2 - Escolher Voo,200,OK,Teste de Carga - 250 usuarios 1-224,text,true,,7381,250,250,250,https://www.blazedemo.com/reserve.php,307,0,0
1774386517121,3708,3 - Comprar Passagem,200,OK,Teste de Carga - 250 usuarios 1-32,text,true,,6719,420,250,250,https://www.blazedemo.com/purchase.php,3695,0,0
1774386520374,455,2 - Escolher Voo,200,OK,Teste de Carga - 250 usuarios 1-183,text,true,,7381,250,250,250,https://www.blazedemo.com/reserve.php,434,0,0
1774386520427,405,3 - Comprar Passagem,200,OK,Teste de Carga - 250 usuarios 1-118,text,true,,6719,420,250,250,https://www.blazedemo.com/purchase.php,393,0,0
1774386520587,249,2 - Escolher Voo,200,OK,Teste de Carga - 250 usuarios 1-18,text,true,,7381,250,250,250,https://www.blazedemo.com/reserve.php,229,0,0
1774386520465,377,3 - Comprar Passagem,200,OK,Teste de Carga - 250 usuarios 1-133,text,true,,6719,420,250,250,https://www.blazedemo.com/purchase.php,360,0,0
1774386516577,4265,3 - Comprar Passagem,200,OK,Teste de Carga - 250 usuarios 1-194,text,true,,6719,420,250,250,https://www.blazedemo.com/purchase.php,4251,0,0
1774386520621,230,1 - Acessar Home,200,OK,Teste de Carga - 250 usuarios 1-169,text,true,,4757,120,250,250,https://www.blazedemo.com/,218,0,0
1774386520595,259,1 - Acessar Home,200,OK,Teste de Carga - 250 usuarios 1-155,text,true,,4757,120,250,250,https://www.blazedemo.com/,246,0,0
1774386520548,306,1 - Acessar Home,200,OK,Teste de Carga - 250 usuarios 1-30,text,true,,4757,120,250,250,https://www.blazedemo.com/,294,0,0
1774386517211,3645,1 - Acessar Home,200,OK,Teste de Carga - 250 usuarios 1-156,text,true,,4757,120,250,250,https://www.blazedemo.com/,3632,0,0
1774386520616,245,2 - Escolher Voo,200,OK,Teste de Carga - 250 usuarios 1-89,text,true,,7381,250,250,250,https://www.blazedemo.com/reserve.php,224,0,0
1774386520019,843,1 - Acessar Home,200,OK,Teste de Carga - 250 usuarios 1-242,text,true,,4757,120,250,250,https://www.blazedemo.com/,830,0,0
1774386520455,416,3 - Comprar Passagem,200,OK,Teste de Carga - 250 usuarios 1-59,text,true,,6719,420,250,250,https://www.blazedemo.com/purchase.php,403,0,0
1774386520402,471,3 - Comprar Passagem,200,OK,Teste de Carga - 250 usuarios 1-1,text,true,,6719,420,250,250,https://www.blazedemo.com/purchase.php,460,0,0
1774386520430,445,3 - Comprar Passagem,200,OK,Teste de Carga - 250 usuarios 1-65,text,true,,6719,420,250,250,https://www.blazedemo.com/purchase.php,432,0,0
1774386520483,393,1 - Acessar Home,200,OK,Teste de Carga - 250 usuarios 1-101,text,true,,4757,120,250,250,https://www.blazedemo.com/,380,0,0
1774386520181,695,1 - Acessar Home,200,OK,Teste de Carga - 250 usuarios 1-157,text,true,,4757,120,250,250,https://www.blazedemo.com/,682,0,0
1774386520584,297,3 - Comprar Passagem,200,OK,Teste de Carga - 250 usuarios 1-143,text,true,,6719,420,250,250,https://www.blazedemo.com/purchase.php,284,0,0
1774386520514,370,3 - Comprar Passagem,200,OK,Teste de Carga - 250 usuarios 1-57,text,true,,6719,420,250,250,https://www.blazedemo.com/purchase.php,359,0,0
1774386517364,3526,1 - Acessar Home,200,OK,Teste de Carga - 250 usuarios 1-249,text,true,,4757,120,250,250,https://www.blazedemo.com/,3515,0,0
1774386520040,853,3 - Comprar Passagem,200,OK,Teste de Carga - 250 usuarios 1-170,text,true,,6719,420,250,250,https://www.blazedemo.com/purchase.php,842,0,0
1774386520649,253,3 - Comprar Passagem,200,OK,Teste de Carga - 250 usuarios 1-45,text,true,,6719,420,250,250,https://www.blazedemo.com/purchase.php,241,0,0
1774386520582,321,2 - Escolher Voo,200,OK,Teste de Carga - 250 usuarios 1-25,text,true,,7381,250,250,250,https://www.blazedemo.com/reserve.php,301,0,0
1774386520615,290,2 - Escolher Voo,200,OK,Teste de Carga - 250 usuarios 1-43,text,true,,7381,250,250,250,https://www.blazedemo.com/reserve.php,269,0,0
1774386516632,4274,3 - Comprar Passagem,200,OK,Teste de Carga - 250 usuarios 1-3,text,true,,6719,420,250,250,https://www.blazedemo.com/purchase.php,4264,0,0
1774386520470,441,2 - Escolher Voo,200,OK,Teste de Carga - 250 usuarios 1-107,text,true,,7381,250,250,250,https://www.blazedemo.com/reserve.php,421,0,0
1774386520601,316,3 - Comprar Passagem,200,OK,Teste de Carga - 250 usuarios 1-68,text,true,,6719,420,250,250,https://www.blazedemo.com/purchase.php,304,0,0
1774386520631,289,2 - Escolher Voo,200,OK,Teste de Carga - 250 usuarios 1-161,text,true,,7381,250,250,250,https://www.blazedemo.com/reserve.php,269,0,0
1774386520665,259,1 - Acessar Home,200,OK,Teste de Carga - 250 usuarios 1-87,text,true,,4757,120,250,250,https://www.blazedemo.com/,247,0,0
1774386520615,311,2 - Escolher Voo,200,OK,Teste de Carga - 250 usuarios 1-222,text,true,,7381,250,250,250,https://www.blazedemo.com/reserve.php,291,0,0
1774386520649,278,1 - Acessar Home,200,OK,Teste de Carga - 250 usuarios 1-232,text,true,,4757,120,250,250,https://www.blazedemo.com/,267,0,0
1774386520668,259,3 - Comprar Passagem,200,OK,Teste de Carga - 250 usuarios 1-91,text,true,,6719,420,250,250,https://www.blazedemo.com/purchase.php,247,0,0
1774386520664,273,3 - Comprar Passagem,200,OK,Teste de Carga - 250 usuarios 1-63,text,true,,6719,420,250,250,https://www.blazedemo.com/purchase.php,262,0,0
1774386517364,3574,3 - Comprar Passagem,200,OK,Teste de Carga - 250 usuarios 1-66,text,true,,6719,420,250,250,https://www.blazedemo.com/purchase.php,3562,0,0
1774386520496,448,1 - Acessar Home,200,OK,Teste de Carga - 250 usuarios 1-58,text,true,,4757,120,250,250,https://www.blazedemo.com/,436,0,0
1774386520510,440,2 - Escolher Voo,200,OK,Teste de Carga - 250 usuarios 1-134,text,true,,7381,250,250,250,https://www.blazedemo.com/reserve.php,419,0,0
1774386520111,845,3 - Comprar Passagem,200,OK,Teste de Carga - 250 usuarios 1-29,text,true,,6719,420,250,250,https://www.blazedemo.com/purchase.php,833,0,0
1774386520424,537,2 - Escolher Voo,200,OK,Teste de Carga - 250 usuarios 1-150,text,true,,7381,250,250,250,https://www.blazedemo.com/reserve.php,516,0,0
1774386520635,328,2 - Escolher Voo,200,OK,Teste de Carga - 250 usuarios 1-78,text,true,,7381,250,250,250,https://www.blazedemo.com/reserve.php,307,0,0
1774386518496,2468,3 - Comprar Passagem,200,OK,Teste de Carga - 250 usuarios 1-172,text,true,,6719,420,250,250,https://www.blazedemo.com/purchase.php,2456,0,0
1774386517200,3768,3 - Comprar Passagem,200,OK,Teste de Carga - 250 usuarios 1-211,text,true,,6719,420,250,250,https://www.blazedemo.com/purchase.php,3756,0,0
1774386520487,485,1 - Acessar Home,200,OK,Teste de Carga - 250 usuarios 1-148,text,true,,4757,120,250,250,https://www.blazedemo.com/,472,0,0
1774386520600,381,1 - Acessar Home,200,OK,Teste de Carga - 250 usuarios 1-210,text,true,,4757,120,250,250,https://www.blazedemo.com/,370,0,0
1774386520682,301,1 - Acessar Home,200,OK,Teste de Carga - 250 usuarios 1-110,text,true,,4757,120,250,250,https://www.blazedemo.com/,290,0,0
1774386520607,378,3 - Comprar Passagem,200,OK,Teste de Carga - 250 usuarios 1-142,text,true,,6719,420,250,250,https://www.blazedemo.com/purchase.php,363,0,0
1774386520589,398,2 - Escolher Voo,200,OK,Teste de Carga - 250 usuarios 1-20,text,true,,7381,250,250,250,https://www.blazedemo.com/reserve.php,378,0,0
1774386520743,248,1 - Acessar Home,200,OK,Teste de Carga - 250 usuarios 1-149,text,true,,4757,120,250,250,https://www.blazedemo.com/,236,0,0
1774386516674,4317,3 - Comprar Passagem,200,OK,Teste de Carga - 250 usuarios 1-159,text,true,,6719,420,250,250,https://www.blazedemo.com/purchase.php,4305,0,0
1774386520087,908,2 - Escolher Voo,200,OK,Teste de Carga - 250 usuarios 1-180,text,true,,7381,250,250,250,https://www.blazedemo.com/reserve.php,888,0,0
1774386520534,462,2 - Escolher Voo,200,OK,Teste de Carga - 250 usuarios 1-209,text,true,,7381,250,250,250,https://www.blazedemo.com/reserve.php,443,0,0
1774386520629,369,1 - Acessar Home,200,OK,Teste de Carga - 250 usuarios 1-76,text,true,,4757,120,250,250,https://www.blazedemo.com/,356,0,0
1774386520770,232,2 - Escolher Voo,200,OK,Teste de Carga - 250 usuarios 1-229,text,true,,7381,250,250,250,https://www.blazedemo.com/reserve.php,215,0,0
1774386520698,304,2 - Escolher Voo,200,OK,Teste de Carga - 250 usuarios 1-85,text,true,,7381,250,250,250,https://www.blazedemo.com/reserve.php,281,0,0
1774386520736,280,3 - Comprar Passagem,200,OK,Teste de Carga - 250 usuarios 1-244,text,true,,6719,420,250,250,https://www.blazedemo.com/purchase.php,269,0,0
1774386520502,523,1 - Acessar Home,200,OK,Teste de Carga - 250 usuarios 1-167,text,true,,4757,120,250,250,https://www.blazedemo.com/,511,0,0
1774386517407,3620,3 - Comprar Passagem,200,OK,Teste de Carga - 250 usuarios 1-72,text,true,,6719,420,250,250,https://www.blazedemo.com/purchase.php,3603,0,0
1774386520770,258,2 - Escolher Voo,200,OK,Teste de Carga - 250 usuarios 1-53,text,true,,7381,250,250,250,https://www.blazedemo.com/reserve.php,238,0,0
1774386517410,3622,2 - Escolher Voo,200,OK,Teste de Carga - 250 usuarios 1-238,text,true,,7381,250,250,250,https://www.blazedemo.com/reserve.php,3602,0,0
1774386520742,291,2 - Escolher Voo,200,OK,Teste de Carga - 250 usuarios 1-140,text,true,,7381,250,250,250,https://www.blazedemo.com/reserve.php,270,0,0
1774386520762,279,2 - Escolher Voo,200,OK,Teste de Carga - 250 usuarios 1-92,text,true,,7381,250,250,250,https://www.blazedemo.com/reserve.php,263,0,0
1774386520770,278,3 - Comprar Passagem,200,OK,Teste de Carga - 250 usuarios 1-214,text,true,,6719,420,250,250,https://www.blazedemo.com/purchase.php,266,0,0
1774386520114,935,2 - Escolher Voo,200,OK,Teste de Carga - 250 usuarios 1-19,text,true,,7381,250,250,250,https://www.blazedemo.com/reserve.php,913,0,0
1774386520619,436,1 - Acessar Home,200,OK,Teste de Carga - 250 usuarios 1-84,text,true,,4757,120,250,250,https://www.blazedemo.com/,423,0,0
1774386520741,324,1 - Acessar Home,200,OK,Teste de Carga - 250 usuarios 1-80,text,true,,4757,120,250,250,https://www.blazedemo.com/,313,0,0
1774386518612,2456,1 - Acessar Home,200,OK,Teste de Carga - 250 usuarios 1-204,text,true,,4757,120,250,250,https://www.blazedemo.com/,2444,0,0
1774386520712,356,3 - Comprar Passagem,200,OK,Teste de Carga - 250 usuarios 1-188,text,true,,6719,420,250,250,https://www.blazedemo.com/purchase.php,344,0,0
1774386520790,284,3 - Comprar Passagem,200,OK,Teste de Carga - 250 usuarios 1-116,text,true,,6719,420,250,250,https://www.blazedemo.com/purchase.php,272,0,0
1774386520718,363,1 - Acessar Home,200,OK,Teste de Carga - 250 usuarios 1-160,text,true,,4757,120,250,250,https://www.blazedemo.com/,350,0,0
1774386517410,3673,3 - Comprar Passagem,200,OK,Teste de Carga - 250 usuarios 1-81,text,true,,6719,420,250,250,https://www.blazedemo.com/purchase.php,3661,0,0
1774386520770,316,3 - Comprar Passagem,200,OK,Teste de Carga - 250 usuarios 1-79,text,true,,6719,420,250,250,https://www.blazedemo.com/purchase.php,304,0,0
1774386520580,517,1 - Acessar Home,200,OK,Teste de Carga - 250 usuarios 1-36,text,true,,4757,120,250,250,https://www.blazedemo.com/,504,0,0
1774386520235,864,2 - Escolher Voo,200,OK,Teste de Carga - 250 usuarios 1-17,text,true,,7381,250,250,250,https://www.blazedemo.com/reserve.php,843,0,0
1774386520658,441,3 - Comprar Passagem,200,OK,Teste de Carga - 250 usuarios 1-96,text,true,,6719,420,250,250,https://www.blazedemo.com/purchase.php,425,0,0
1774386520774,327,1 - Acessar Home,200,OK,Teste de Carga - 250 usuarios 1-223,text,true,,4757,120,250,250,https://www.blazedemo.com/,316,0,0
1774386517481,3625,1 - Acessar Home,200,OK,Teste de Carga - 250 usuarios 1-151,text,true,,4757,120,250,250,https://www.blazedemo.com/,3614,0,0
1774386520790,317,2 - Escolher Voo,200,OK,Teste de Carga - 250 usuarios 1-55,text,true,,7381,250,250,250,https://www.blazedemo.com/reserve.php,297,0,0
1774386520797,313,3 - Comprar Passagem,200,OK,Teste de Carga - 250 usuarios 1-178,text,true,,6719,420,250,250,https://www.blazedemo.com/purchase.php,300,0,0
1774386520832,278,1 - Acessar Home,200,OK,Teste de Carga - 250 usuarios 1-118,text,true,,4757,120,250,250,https://www.blazedemo.com/,267,0,0
1774386520873,241,1 - Acessar Home,200,OK,Teste de Carga - 250 usuarios 1-1,text,true,,4757,120,250,250,https://www.blazedemo.com/,230,0,0
1774386520348,768,3 - Comprar Passagem,200,OK,Teste de Carga - 250 usuarios 1-218,text,true,,6719,420,250,250,https://www.blazedemo.com/purchase.php,756,0,0
1774386520842,277,1 - Acessar Home,200,OK,Teste de Carga - 250 usuarios 1-194,text,true,,4757,120,250,250,https://www.blazedemo.com/,268,0,0
1774386520871,259,1 - Acessar Home,200,OK,Teste de Carga - 250 usuarios 1-59,text,true,,4757,120,250,250,https://www.blazedemo.com/,248,0,0
1774386520244,889,2 - Escolher Voo,200,OK,Teste de Carga - 250 usuarios 1-60,text,true,,7381,250,250,250,https://www.blazedemo.com/reserve.php,868,0,0
1774386520829,307,1 - Acessar Home,200,OK,Teste de Carga - 250 usuarios 1-32,text,true,,4757,120,250,250,https://www.blazedemo.com/,295,0,0
1774386520876,262,2 - Escolher Voo,200,OK,Teste de Carga - 250 usuarios 1-157,text,true,,7381,250,250,250,https://www.blazedemo.com/reserve.php,242,0,0
1774386520749,390,1 - Acessar Home,200,OK,Teste de Carga - 250 usuarios 1-94,text,true,,4757,120,250,250,https://www.blazedemo.com/,385,0,0
1774386520861,282,3 - Comprar Passagem,200,OK,Teste de Carga - 250 usuarios 1-89,text,true,,6719,420,250,250,https://www.blazedemo.com/purchase.php,269,0,0
1774386520774,371,3 - Comprar Passagem,200,OK,Teste de Carga - 250 usuarios 1-240,text,true,,6719,420,250,250,https://www.blazedemo.com/purchase.php,351,0,0
1774386520881,274,1 - Acessar Home,200,OK,Teste de Carga - 250 usuarios 1-143,text,true,,4757,120,250,250,https://www.blazedemo.com/,264,0,0
1774386520771,387,2 - Escolher Voo,200,OK,Teste de Carga - 250 usuarios 1-144,text,true,,7381,250,250,250,https://www.blazedemo.com/reserve.php,367,0,0
1774386520842,324,1 - Acessar Home,200,OK,Teste de Carga - 250 usuarios 1-133,text,true,,4757,120,250,250,https://www.blazedemo.com/,312,0,0
1774386520876,293,2 - Escolher Voo,200,OK,Teste de Carga - 250 usuarios 1-101,text,true,,7381,250,250,250,https://www.blazedemo.com/reserve.php,273,0,0
1774386520613,557,1 - Acessar Home,200,OK,Teste de Carga - 250 usuarios 1-199,text,true,,4757,120,250,250,https://www.blazedemo.com/,543,0,0
1774386518639,2534,2 - Escolher Voo,200,OK,Teste de Carga - 250 usuarios 1-176,text,true,,7381,250,250,250,https://www.blazedemo.com/reserve.php,2513,0,0
1774386520917,256,1 - Acessar Home,200,OK,Teste de Carga - 250 usuarios 1-68,text,true,,4757,120,250,250,https://www.blazedemo.com/,243,0,0
1774386520851,326,2 - Escolher Voo,200,OK,Teste de Carga - 250 usuarios 1-169,text,true,,7381,250,250,250,https://www.blazedemo.com/reserve.php,310,0,0
1774386520854,332,2 - Escolher Voo,200,OK,Teste de Carga - 250 usuarios 1-155,text,true,,7381,250,250,250,https://www.blazedemo.com/reserve.php,312,0,0
1774386520902,285,1 - Acessar Home,200,OK,Teste de Carga - 250 usuarios 1-45,text,true,,4757,120,250,250,https://www.blazedemo.com/,275,0,0
1774386520884,304,1 - Acessar Home,200,OK,Teste de Carga - 250 usuarios 1-57,text,true,,4757,120,250,250,https://www.blazedemo.com/,293,0,0
1774386520790,400,1 - Acessar Home,200,OK,Teste de Carga - 250 usuarios 1-158,text,true,,4757,120,250,250,https://www.blazedemo.com/,387,0,0
1774386517575,3621,1 - Acessar Home,200,OK,Teste de Carga - 250 usuarios 1-247,text,true,,4757,120,250,250,https://www.blazedemo.com/,3609,0,0
1774386520454,745,1 - Acessar Home,200,OK,Teste de Carga - 250 usuarios 1-213,text,true,,4757,120,250,250,https://www.blazedemo.com/,733,0,0
1774386517420,3780,2 - Escolher Voo,200,OK,Teste de Carga - 250 usuarios 1-250,text,true,,7381,250,250,250,https://www.blazedemo.com/reserve.php,3764,0,0
1774386516819,4385,2 - Escolher Voo,200,OK,Teste de Carga - 250 usuarios 1-5,text,true,,7381,250,250,250,https://www.blazedemo.com/reserve.php,4365,0,0
1774386520875,331,1 - Acessar Home,200,OK,Teste de Carga - 250 usuarios 1-65,text,true,,4757,120,250,250,https://www.blazedemo.com/,317,0,0
1774386520537,669,3 - Comprar Passagem,200,OK,Teste de Carga - 250 usuarios 1-109,text,true,,6719,420,250,250,https://www.blazedemo.com/purchase.php,655,0,0
1774386520893,316,1 - Acessar Home,200,OK,Teste de Carga - 250 usuarios 1-170,text,true,,4757,120,250,250,https://www.blazedemo.com/,306,0,0
1774386520944,276,2 - Escolher Voo,200,OK,Teste de Carga - 250 usuarios 1-58,text,true,,7381,250,250,250,https://www.blazedemo.com/reserve.php,259,0,0
1774386520920,301,3 - Comprar Passagem,200,OK,Teste de Carga - 250 usuarios 1-161,text,true,,6719,420,250,250,https://www.blazedemo.com/purchase.php,289,0,0
1774386520963,262,3 - Comprar Passagem,200,OK,Teste de Carga - 250 usuarios 1-78,text,true,,6719,420,250,250,https://www.blazedemo.com/purchase.php,246,0,0
1774386520548,677,2 - Escolher Voo,200,OK,Teste de Carga - 250 usuarios 1-145,text,true,,7381,250,250,250,https://www.blazedemo.com/reserve.php,657,0,0
1774386517436,3795,2 - Escolher Voo,200,OK,Teste de Carga - 250 usuarios 1-165,text,true,,7381,250,250,250,https://www.blazedemo.com/reserve.php,3775,0,0
1774386520927,309,1 - Acessar Home,200,OK,Teste de Carga - 250 usuarios 1-91,text,true,,4757,120,250,250,https://www.blazedemo.com/,296,0,0
1774386520836,400,3 - Comprar Passagem,200,OK,Teste de Carga - 250 usuarios 1-18,text,true,,6719,420,250,250,https://www.blazedemo.com/purchase.php,387,0,0
1774386520964,272,1 - Acessar Home,200,OK,Teste de Carga - 250 usuarios 1-172,text,true,,4757,120,250,250,https://www.blazedemo.com/,261,0,0
1774386521016,237,1 - Acessar Home,200,OK,Teste de Carga - 250 usuarios 1-244,text,true,,4757,120,250,250,https://www.blazedemo.com/,224,0,0
1774386520717,541,3 - Comprar Passagem,200,OK,Teste de Carga - 250 usuarios 1-10,text,true,,6719,420,250,250,https://www.blazedemo.com/purchase.php,529,0,0
1774386520985,276,1 - Acessar Home,200,OK,Teste de Carga - 250 usuarios 1-142,text,true,,4757,120,250,250,https://www.blazedemo.com/,265,0,0
1774386517726,3535,2 - Escolher Voo,200,OK,Teste de Carga - 250 usuarios 1-179,text,true,,7381,250,250,250,https://www.blazedemo.com/reserve.php,3513,0,0
1774386520912,350,3 - Comprar Passagem,200,OK,Teste de Carga - 250 usuarios 1-107,text,true,,6719,420,250,250,https://www.blazedemo.com/purchase.php,334,0,0
1774386520938,324,1 - Acessar Home,200,OK,Teste de Carga - 250 usuarios 1-63,text,true,,4757,120,250,250,https://www.blazedemo.com/,312,0,0
1774386520927,336,2 - Escolher Voo,200,OK,Teste de Carga - 250 usuarios 1-232,text,true,,7381,250,250,250,https://www.blazedemo.com/reserve.php,316,0,0
1774386520995,270,3 - Comprar Passagem,200,OK,Teste de Carga - 250 usuarios 1-180,text,true,,6719,420,250,250,https://www.blazedemo.com/purchase.php,254,0,0
1774386521002,267,3 - Comprar Passagem,200,OK,Teste de Carga - 250 usuarios 1-85,text,true,,6719,420,250,250,https://www.blazedemo.com/purchase.php,256,0,0
1774386518666,2616,3 - Comprar Passagem,200,OK,Teste de Carga - 250 usuarios 1-61,text,true,,6719,420,250,250,https://www.blazedemo.com/purchase.php,2603,0,0
1774386517625,3660,1 - Acessar Home,200,OK,Teste de Carga - 250 usuarios 1-39,text,true,,4757,120,250,250,https://www.blazedemo.com/,3649,0,0
1774386516869,4419,2 - Escolher Voo,200,OK,Teste de Carga - 250 usuarios 1-168,text,true,,7381,250,250,250,https://www.blazedemo.com/reserve.php,4398,0,0
1774386520998,292,2 - Escolher Voo,200,OK,Teste de Carga - 250 usuarios 1-76,text,true,,7381,250,250,250,https://www.blazedemo.com/reserve.php,271,0,0
1774386520682,612,1 - Acessar Home,200,OK,Teste de Carga - 250 usuarios 1-191,text,true,,4757,120,250,250,https://www.blazedemo.com/,600,0,0
1774386521041,255,3 - Comprar Passagem,200,OK,Teste de Carga - 250 usuarios 1-92,text,true,,6719,420,250,250,https://www.blazedemo.com/purchase.php,244,0,0
1774386521068,235,1 - Acessar Home,200,OK,Teste de Carga - 250 usuarios 1-188,text,true,,4757,120,250,250,https://www.blazedemo.com/,223,0,0
1774386520926,385,3 - Comprar Passagem,200,OK,Teste de Carga - 250 usuarios 1-222,text,true,,6719,420,250,250,https://www.blazedemo.com/purchase.php,370,0,0
1774386517472,3839,2 - Escolher Voo,200,OK,Teste de Carga - 250 usuarios 1-50,text,true,,7381,250,250,250,https://www.blazedemo.com/reserve.php,3819,0,0
1774386520972,349,2 - Escolher Voo,200,OK,Teste de Carga - 250 usuarios 1-148,text,true,,7381,250,250,250,https://www.blazedemo.com/reserve.php,329,0,0
1774386516954,4371,1 - Acessar Home,200,OK,Teste de Carga - 250 usuarios 1-12,text,true,,4757,120,250,250,https://www.blazedemo.com/,4360,0,0
1774386520684,644,3 - Comprar Passagem,200,OK,Teste de Carga - 250 usuarios 1-67,text,true,,6719,420,250,250,https://www.blazedemo.com/purchase.php,628,0,0
1774386520905,427,3 - Comprar Passagem,200,OK,Teste de Carga - 250 usuarios 1-43,text,true,,6719,420,250,250,https://www.blazedemo.com/purchase.php,412,0,0
1774386520983,352,2 - Escolher Voo,200,OK,Teste de Carga - 250 usuarios 1-110,text,true,,7381,250,250,250,https://www.blazedemo.com/reserve.php,332,0,0
1774386521083,252,1 - Acessar Home,200,OK,Teste de Carga - 250 usuarios 1-81,text,true,,4757,120,250,250,https://www.blazedemo.com/,240,0,0
1774386521049,293,3 - Comprar Passagem,200,OK,Teste de Carga - 250 usuarios 1-19,text,true,,6719,420,250,250,https://www.blazedemo.com/purchase.php,281,0,0
1774386520950,392,3 - Comprar Passagem,200,OK,Teste de Carga - 250 usuarios 1-134,text,true,,6719,420,250,250,https://www.blazedemo.com/purchase.php,378,0,0
1774386520991,359,2 - Escolher Voo,200,OK,Teste de Carga - 250 usuarios 1-149,text,true,,7381,250,250,250,https://www.blazedemo.com/reserve.php,339,0,0
1774386520938,414,1 - Acessar Home,200,OK,Teste de Carga - 250 usuarios 1-66,text,true,,4757,120,250,250,https://www.blazedemo.com/,401,0,0
1774386521027,325,1 - Acessar Home,200,OK,Teste de Carga - 250 usuarios 1-72,text,true,,4757,120,250,250,https://www.blazedemo.com/,314,0,0
1774386520829,527,3 - Comprar Passagem,200,OK,Teste de Carga - 250 usuarios 1-183,text,true,,6719,420,250,250,https://www.blazedemo.com/purchase.php,515,0,0
1774386521086,273,1 - Acessar Home,200,OK,Teste de Carga - 250 usuarios 1-79,text,true,,4757,120,250,250,https://www.blazedemo.com/,262,0,0
1774386521110,258,2 - Escolher Voo,200,OK,Teste de Carga - 250 usuarios 1-118,text,true,,7381,250,250,250,https://www.blazedemo.com/reserve.php,238,0,0
1774386521068,300,2 - Escolher Voo,200,OK,Teste de Carga - 250 usuarios 1-204,text,true,,7381,250,250,250,https://www.blazedemo.com/reserve.php,280,0,0
1774386521101,274,2 - Escolher Voo,200,OK,Teste de Carga - 250 usuarios 1-223,text,true,,7381,250,250,250,https://www.blazedemo.com/reserve.php,253,0,0
1774386521074,304,1 - Acessar Home,200,OK,Teste de Carga - 250 usuarios 1-116,text,true,,4757,120,250,250,https://www.blazedemo.com/,291,0,0
1774386517175,4206,3 - Comprar Passagem,200,OK,Teste de Carga - 250 usuarios 1-138,text,true,,6719,420,250,250,https://www.blazedemo.com/purchase.php,4195,0,0
1774386517714,3667,1 - Acessar Home,200,OK,Teste de Carga - 250 usuarios 1-13,text,true,,4757,120,250,250,https://www.blazedemo.com/,3656,0,0
1774386521107,281,2 - Escolher Voo,200,OK,Teste de Carga - 250 usuarios 1-151,text,true,,7381,250,250,250,https://www.blazedemo.com/reserve.php,261,0,0
1774386521117,273,1 - Acessar Home,200,OK,Teste de Carga - 250 usuarios 1-218,text,true,,4757,120,250,250,https://www.blazedemo.com/,261,0,0
1774386521099,291,1 - Acessar Home,200,OK,Teste de Carga - 250 usuarios 1-96,text,true,,4757,120,250,250,https://www.blazedemo.com/,280,0,0
1774386521107,288,3 - Comprar Passagem,200,OK,Teste de Carga - 250 usuarios 1-55,text,true,,6719,420,250,250,https://www.blazedemo.com/purchase.php,275,0,0
1774386521145,254,1 - Acessar Home,200,OK,Teste de Carga - 250 usuarios 1-240,text,true,,4757,120,250,250,https://www.blazedemo.com/,243,0,0
1774386520707,706,2 - Escolher Voo,200,OK,Teste de Carga - 250 usuarios 1-112,text,true,,7381,250,250,250,https://www.blazedemo.com/reserve.php,686,0,0
1774386518731,2682,1 - Acessar Home,200,OK,Teste de Carga - 250 usuarios 1-206,text,true,,4757,120,250,250,https://www.blazedemo.com/,2671,0,0
1774386521081,340,2 - Escolher Voo,200,OK,Teste de Carga - 250 usuarios 1-160,text,true,,7381,250,250,250,https://www.blazedemo.com/reserve.php,320,0,0
1774386521110,313,1 - Acessar Home,200,OK,Teste de Carga - 250 usuarios 1-178,text,true,,4757,120,250,250,https://www.blazedemo.com/,300,0,0
1774386521166,259,2 - Escolher Voo,200,OK,Teste de Carga - 250 usuarios 1-133,text,true,,7381,250,250,250,https://www.blazedemo.com/reserve.php,242,0,0
1774386521119,307,2 - Escolher Voo,200,OK,Teste de Carga - 250 usuarios 1-194,text,true,,7381,250,250,250,https://www.blazedemo.com/reserve.php,287,0,0
1774386517263,4165,3 - Comprar Passagem,200,OK,Teste de Carga - 250 usuarios 1-131,text,true,,6719,420,250,250,https://www.blazedemo.com/purchase.php,4152,0,0
1774386521139,292,2 - Escolher Voo,200,OK,Teste de Carga - 250 usuarios 1-94,text,true,,7381,250,250,250,https://www.blazedemo.com/reserve.php,263,0,0
1774386521130,304,2 - Escolher Voo,200,OK,Teste de Carga - 250 usuarios 1-59,text,true,,7381,250,250,250,https://www.blazedemo.com/reserve.php,283,0,0
1774386521143,293,1 - Acessar Home,200,OK,Teste de Carga - 250 usuarios 1-89,text,true,,4757,120,250,250,https://www.blazedemo.com/,281,0,0
1774386521033,404,3 - Comprar Passagem,200,OK,Teste de Carga - 250 usuarios 1-140,text,true,,6719,420,250,250,https://www.blazedemo.com/purchase.php,386,0,0
1774386521173,275,2 - Escolher Voo,200,OK,Teste de Carga - 250 usuarios 1-68,text,true,,7381,250,250,250,https://www.blazedemo.com/reserve.php,254,0,0
1774386521173,277,3 - Comprar Passagem,200,OK,Teste de Carga - 250 usuarios 1-176,text,true,,6719,420,250,250,https://www.blazedemo.com/purchase.php,263,0,0
1774386520991,461,1 - Acessar Home,200,OK,Teste de Carga - 250 usuarios 1-159,text,true,,4757,120,250,250,https://www.blazedemo.com/,449,0,0
1774386521097,357,2 - Escolher Voo,200,OK,Teste de Carga - 250 usuarios 1-36,text,true,,7381,250,250,250,https://www.blazedemo.com/reserve.php,337,0,0
1774386520987,467,3 - Comprar Passagem,200,OK,Teste de Carga - 250 usuarios 1-20,text,true,,6719,420,250,250,https://www.blazedemo.com/purchase.php,455,0,0
1774386517819,3639,1 - Acessar Home,200,OK,Teste de Carga - 250 usuarios 1-115,text,true,,4757,120,250,250,https://www.blazedemo.com/,3629,0,0
1774386517726,3736,2 - Escolher Voo,200,OK,Teste de Carga - 250 usuarios 1-14,text,true,,7381,250,250,250,https://www.blazedemo.com/reserve.php,3719,0,0
1774386521199,268,2 - Escolher Voo,200,OK,Teste de Carga - 250 usuarios 1-213,text,true,,7381,250,250,250,https://www.blazedemo.com/reserve.php,248,0,0
1774386521177,291,3 - Comprar Passagem,200,OK,Teste de Carga - 250 usuarios 1-169,text,true,,6719,420,250,250,https://www.blazedemo.com/purchase.php,281,0,0
1774386520767,703,3 - Comprar Passagem,200,OK,Teste de Carga - 250 usuarios 1-34,text,true,,6719,420,250,250,https://www.blazedemo.com/purchase.php,690,0,0
1774386521171,310,2 - Escolher Voo,200,OK,Teste de Carga - 250 usuarios 1-199,text,true,,7381,250,250,250,https://www.blazedemo.com/reserve.php,289,0,0
1774386521170,315,3 - Comprar Passagem,200,OK,Teste de Carga - 250 usuarios 1-101,text,true,,6719,420,250,250,https://www.blazedemo.com/purchase.php,302,0,0
1774386521222,274,1 - Acessar Home,200,OK,Teste de Carga - 250 usuarios 1-161,text,true,,4757,120,250,250,https://www.blazedemo.com/,262,0,0
1774386521187,309,2 - Escolher Voo,200,OK,Teste de Carga - 250 usuarios 1-45,text,true,,7381,250,250,250,https://www.blazedemo.com/reserve.php,289,0,0
1774386521196,303,2 - Escolher Voo,200,OK,Teste de Carga - 250 usuarios 1-247,text,true,,7381,250,250,250,https://www.blazedemo.com/reserve.php,285,0,0
1774386521209,296,2 - Escolher Voo,200,OK,Teste de Carga - 250 usuarios 1-170,text,true,,7381,250,250,250,https://www.blazedemo.com/reserve.php,275,0,0
1774386521206,302,1 - Acessar Home,200,OK,Teste de Carga - 250 usuarios 1-109,text,true,,4757,120,250,250,https://www.blazedemo.com/,293,0,0
1774386521236,273,1 - Acessar Home,200,OK,Teste de Carga - 250 usuarios 1-18,text,true,,4757,120,250,250,https://www.blazedemo.com/,263,0,0
1774386521265,244,1 - Acessar Home,200,OK,Teste de Carga - 250 usuarios 1-180,text,true,,4757,120,250,250,https://www.blazedemo.com/,234,0,0
1774386521262,248,1 - Acessar Home,200,OK,Teste de Carga - 250 usuarios 1-107,text,true,,4757,120,250,250,https://www.blazedemo.com/,237,0,0
1774386521186,329,3 - Comprar Passagem,200,OK,Teste de Carga - 250 usuarios 1-155,text,true,,6719,420,250,250,https://www.blazedemo.com/purchase.php,318,0,0
1774386521133,386,3 - Comprar Passagem,200,OK,Teste de Carga - 250 usuarios 1-60,text,true,,6719,420,250,250,https://www.blazedemo.com/purchase.php,372,0,0
1774386517279,4243,1 - Acessar Home,200,OK,Teste de Carga - 250 usuarios 1-243,text,true,,4757,120,250,250,https://www.blazedemo.com/,4232,0,0
1774386521236,287,2 - Escolher Voo,200,OK,Teste de Carga - 250 usuarios 1-172,text,true,,7381,250,250,250,https://www.blazedemo.com/reserve.php,266,0,0
1774386521225,300,1 - Acessar Home,200,OK,Teste de Carga - 250 usuarios 1-78,text,true,,4757,120,250,250,https://www.blazedemo.com/,287,0,0
1774386520890,639,2 - Escolher Voo,200,OK,Teste de Carga - 250 usuarios 1-249,text,true,,7381,250,250,250,https://www.blazedemo.com/reserve.php,622,0,0
1774386521231,303,3 - Comprar Passagem,200,OK,Teste de Carga - 250 usuarios 1-165,text,true,,6719,420,250,250,https://www.blazedemo.com/purchase.php,291,0,0
1774386521263,273,3 - Comprar Passagem,200,OK,Teste de Carga - 250 usuarios 1-232,text,true,,6719,420,250,250,https://www.blazedemo.com/purchase.php,259,0,0
1774386521258,282,1 - Acessar Home,200,OK,Teste de Carga - 250 usuarios 1-10,text,true,,4757,120,250,250,https://www.blazedemo.com/,269,0,0
1774386517689,3853,1 - Acessar Home,200,OK,Teste de Carga - 250 usuarios 1-241,text,true,,4757,120,250,250,https://www.blazedemo.com/,3842,0,0
1774386517341,4203,2 - Escolher Voo,200,OK,Teste de Carga - 250 usuarios 1-239,text,true,,7381,250,250,250,https://www.blazedemo.com/reserve.php,4186,0,0
1774386521138,408,3 - Comprar Passagem,200,OK,Teste de Carga - 250 usuarios 1-157,text,true,,6719,420,250,250,https://www.blazedemo.com/purchase.php,396,0,0
1774386518757,2791,1 - Acessar Home,200,OK,Teste de Carga - 250 usuarios 1-164,text,true,,4757,120,250,250,https://www.blazedemo.com/,2780,0,0
1774386521225,323,3 - Comprar Passagem,200,OK,Teste de Carga - 250 usuarios 1-145,text,true,,6719,420,250,250,https://www.blazedemo.com/purchase.php,311,0,0
1774386521206,343,2 - Escolher Voo,200,OK,Teste de Carga - 250 usuarios 1-65,text,true,,7381,250,250,250,https://www.blazedemo.com/reserve.php,323,0,0
1774386521065,487,2 - Escolher Voo,200,OK,Teste de Carga - 250 usuarios 1-80,text,true,,7381,250,250,250,https://www.blazedemo.com/reserve.php,467,0,0
1774386517741,3812,3 - Comprar Passagem,200,OK,Teste de Carga - 250 usuarios 1-146,text,true,,6719,420,250,250,https://www.blazedemo.com/purchase.php,3801,0,0
1774386521048,510,1 - Acessar Home,200,OK,Teste de Carga - 250 usuarios 1-214,text,true,,4757,120,250,250,https://www.blazedemo.com/,498,0,0
1774386521288,282,3 - Comprar Passagem,200,OK,Teste de Carga - 250 usuarios 1-168,text,true,,6719,420,250,250,https://www.blazedemo.com/purchase.php,270,0,0
1774386521158,426,3 - Comprar Passagem,200,OK,Teste de Carga - 250 usuarios 1-144,text,true,,6719,420,250,250,https://www.blazedemo.com/purchase.php,414,0,0
1774386521236,348,2 - Escolher Voo,200,OK,Teste de Carga - 250 usuarios 1-91,text,true,,7381,250,250,250,https://www.blazedemo.com/reserve.php,328,0,0
1774386521115,477,2 - Escolher Voo,200,OK,Teste de Carga - 250 usuarios 1-1,text,true,,7381,250,250,250,https://www.blazedemo.com/reserve.php,456,0,0
1774386517770,3822,1 - Acessar Home,200,OK,Teste de Carga - 250 usuarios 1-166,text,true,,4757,120,250,250,https://www.blazedemo.com/,3810,0,0
1774386517895,3697,2 - Escolher Voo,200,OK,Teste de Carga - 250 usuarios 1-44,text,true,,7381,250,250,250,https://www.blazedemo.com/reserve.php,3677,0,0
1774386521321,275,3 - Comprar Passagem,200,OK,Teste de Carga - 250 usuarios 1-148,text,true,,6719,420,250,250,https://www.blazedemo.com/purchase.php,263,0,0
1774386521332,272,1 - Acessar Home,200,OK,Teste de Carga - 250 usuarios 1-43,text,true,,4757,120,250,250,https://www.blazedemo.com/,260,0,0
1774386521369,239,3 - Comprar Passagem,200,OK,Teste de Carga - 250 usuarios 1-204,text,true,,6719,420,250,250,https://www.blazedemo.com/purchase.php,232,0,0
1774386521328,281,1 - Acessar Home,200,OK,Teste de Carga - 250 usuarios 1-67,text,true,,4757,120,250,250,https://www.blazedemo.com/,266,0,0
1774386521282,327,1 - Acessar Home,200,OK,Teste de Carga - 250 usuarios 1-61,text,true,,4757,120,250,250,https://www.blazedemo.com/,315,0,0
1774386521032,578,3 - Comprar Passagem,200,OK,Teste de Carga - 250 usuarios 1-238,text,true,,6719,420,250,250,https://www.blazedemo.com/purchase.php,566,0,0
1774386518826,2787,3 - Comprar Passagem,200,OK,Teste de Carga - 250 usuarios 1-93,text,true,,6719,420,250,250,https://www.blazedemo.com/purchase.php,2774,0,0
1774386521335,279,2 - Escolher Voo,200,OK,Teste de Carga - 250 usuarios 1-81,text,true,,7381,250,250,250,https://www.blazedemo.com/reserve.php,258,0,0
1774386521285,337,2 - Escolher Voo,200,OK,Teste de Carga - 250 usuarios 1-39,text,true,,7381,250,250,250,https://www.blazedemo.com/reserve.php,315,0,0
1774386517454,4170,1 - Acessar Home,200,OK,Teste de Carga - 250 usuarios 1-111,text,true,,4757,120,250,250,https://www.blazedemo.com/,4169,0,0
1774386521356,270,1 - Acessar Home,200,OK,Teste de Carga - 250 usuarios 1-183,text,true,,4757,120,250,250,https://www.blazedemo.com/,258,0,0
1774386521262,371,3 - Comprar Passagem,200,OK,Teste de Carga - 250 usuarios 1-179,text,true,,6719,420,250,250,https://www.blazedemo.com/purchase.php,362,0,0
1774386521297,340,1 - Acessar Home,200,OK,Teste de Carga - 250 usuarios 1-92,text,true,,4757,120,250,250,https://www.blazedemo.com/,327,0,0
1774386521311,326,1 - Acessar Home,200,OK,Teste de Carga - 250 usuarios 1-222,text,true,,4757,120,250,250,https://www.blazedemo.com/,313,0,0
1774386521325,314,2 - Escolher Voo,200,OK,Teste de Carga - 250 usuarios 1-12,text,true,,7381,250,250,250,https://www.blazedemo.com/reserve.php,294,0,0
1774386521311,328,3 - Comprar Passagem,200,OK,Teste de Carga - 250 usuarios 1-50,text,true,,6719,420,250,250,https://www.blazedemo.com/purchase.php,317,0,0
1774386520924,716,2 - Escolher Voo,200,OK,Teste de Carga - 250 usuarios 1-87,text,true,,7381,250,250,250,https://www.blazedemo.com/reserve.php,696,0,0
1774386517918,3723,3 - Comprar Passagem,200,OK,Teste de Carga - 250 usuarios 1-48,text,true,,6719,420,250,250,https://www.blazedemo.com/purchase.php,3712,0,0
1774386520903,740,3 - Comprar Passagem,200,OK,Teste de Carga - 250 usuarios 1-25,text,true,,6719,420,250,250,https://www.blazedemo.com/purchase.php,724,0,0
1774386521342,303,1 - Acessar Home,200,OK,Teste de Carga - 250 usuarios 1-134,text,true,,4757,120,250,250,https://www.blazedemo.com/,291,0,0
1774386521335,314,3 - Comprar Passagem,200,OK,Teste de Carga - 250 usuarios 1-110,text,true,,6719,420,250,250,https://www.blazedemo.com/purchase.php,302,0,0
1774386521381,272,2 - Escolher Voo,200,OK,Teste de Carga - 250 usuarios 1-13,text,true,,7381,250,250,250,https://www.blazedemo.com/reserve.php,252,0,0
1774386518834,2822,1 - Acessar Home,200,OK,Teste de Carga - 250 usuarios 1-117,text,true,,4757,120,250,250,https://www.blazedemo.com/,2811,0,0
1774386521303,366,2 - Escolher Voo,200,OK,Teste de Carga - 250 usuarios 1-188,text,true,,7381,250,250,250,https://www.blazedemo.com/reserve.php,345,0,0
1774386521390,282,2 - Escolher Voo,200,OK,Teste de Carga - 250 usuarios 1-96,text,true,,7381,250,250,250,https://www.blazedemo.com/reserve.php,265,0,0
1774386521352,328,2 - Escolher Voo,200,OK,Teste de Carga - 250 usuarios 1-72,text,true,,7381,250,250,250,https://www.blazedemo.com/reserve.php,308,0,0
1774386521452,237,2 - Escolher Voo,200,OK,Teste de Carga - 250 usuarios 1-159,text,true,,7381,250,250,250,https://www.blazedemo.com/reserve.php,217,0,0
1774386521375,318,3 - Comprar Passagem,200,OK,Teste de Carga - 250 usuarios 1-223,text,true,,6719,420,250,250,https://www.blazedemo.com/purchase.php,305,0,0
1774386517931,3764,2 - Escolher Voo,200,OK,Teste de Carga - 250 usuarios 1-184,text,true,,7381,250,250,250,https://www.blazedemo.com/reserve.php,3744,0,0
1774386521421,277,3 - Comprar Passagem,200,OK,Teste de Carga - 250 usuarios 1-160,text,true,,6719,420,250,250,https://www.blazedemo.com/purchase.php,266,0,0
1774386517902,3797,3 - Comprar Passagem,200,OK,Teste de Carga - 250 usuarios 1-235,text,true,,6719,420,250,250,https://www.blazedemo.com/purchase.php,3785,0,0
1774386517826,3873,3 - Comprar Passagem,200,OK,Teste de Carga - 250 usuarios 1-38,text,true,,6719,420,250,250,https://www.blazedemo.com/purchase.php,3861,0,0
1774386521426,278,3 - Comprar Passagem,200,OK,Teste de Carga - 250 usuarios 1-194,text,true,,6719,420,250,250,https://www.blazedemo.com/purchase.php,267,0,0
1774386521431,275,3 - Comprar Passagem,200,OK,Teste de Carga - 250 usuarios 1-94,text,true,,6719,420,250,250,https://www.blazedemo.com/purchase.php,258,0,0
1774386521389,319,3 - Comprar Passagem,200,OK,Teste de Carga - 250 usuarios 1-151,text,true,,6719,420,250,250,https://www.blazedemo.com/purchase.php,306,0,0
1774386521414,299,2 - Escolher Voo,200,OK,Teste de Carga - 250 usuarios 1-206,text,true,,7381,250,250,250,https://www.blazedemo.com/reserve.php,279,0,0
1774386521359,366,2 - Escolher Voo,200,OK,Teste de Carga - 250 usuarios 1-79,text,true,,7381,250,250,250,https://www.blazedemo.com/reserve.php,345,0,0
1774386517601,4126,1 - Acessar Home,200,OK,Teste de Carga - 250 usuarios 1-27,text,true,,4757,120,250,250,https://www.blazedemo.com/,4114,0,0
1774386517995,3736,3 - Comprar Passagem,200,OK,Teste de Carga - 250 usuarios 1-8,text,true,,6719,420,250,250,https://www.blazedemo.com/purchase.php,3724,0,0
1774386521399,332,2 - Escolher Voo,200,OK,Teste de Carga - 250 usuarios 1-240,text,true,,7381,250,250,250,https://www.blazedemo.com/reserve.php,312,0,0
1774386521454,278,1 - Acessar Home,200,OK,Teste de Carga - 250 usuarios 1-20,text,true,,4757,120,250,250,https://www.blazedemo.com/,266,0,0
1774386521425,310,3 - Comprar Passagem,200,OK,Teste de Carga - 250 usuarios 1-133,text,true,,6719,420,250,250,https://www.blazedemo.com/purchase.php,299,0,0
1774386521454,286,3 - Comprar Passagem,200,OK,Teste de Carga - 250 usuarios 1-36,text,true,,6719,420,250,250,https://www.blazedemo.com/purchase.php,273,0,0
1774386521002,739,3 - Comprar Passagem,200,OK,Teste de Carga - 250 usuarios 1-229,text,true,,6719,420,250,250,https://www.blazedemo.com/purchase.php,727,0,0
1774386517864,3882,1 - Acessar Home,200,OK,Teste de Carga - 250 usuarios 1-219,text,true,,4757,120,250,250,https://www.blazedemo.com/,3871,0,0
1774386521390,365,2 - Escolher Voo,200,OK,Teste de Carga - 250 usuarios 1-218,text,true,,7381,250,250,250,https://www.blazedemo.com/reserve.php,341,0,0
1774386521437,320,1 - Acessar Home,200,OK,Teste de Carga - 250 usuarios 1-140,text,true,,4757,120,250,250,https://www.blazedemo.com/,309,0,0
1774386521462,298,3 - Comprar Passagem,200,OK,Teste de Carga - 250 usuarios 1-14,text,true,,6719,420,250,250,https://www.blazedemo.com/purchase.php,286,0,0
1774386521499,262,3 - Comprar Passagem,200,OK,Teste de Carga - 250 usuarios 1-247,text,true,,6719,420,250,250,https://www.blazedemo.com/purchase.php,251,0,0
1774386521434,336,3 - Comprar Passagem,200,OK,Teste de Carga - 250 usuarios 1-59,text,true,,6719,420,250,250,https://www.blazedemo.com/purchase.php,323,0,0
1774386521505,266,3 - Comprar Passagem,200,OK,Teste de Carga - 250 usuarios 1-170,text,true,,6719,420,250,250,https://www.blazedemo.com/purchase.php,255,0,0
1774386521523,250,3 - Comprar Passagem,200,OK,Teste de Carga - 250 usuarios 1-172,text,true,,6719,420,250,250,https://www.blazedemo.com/purchase.php,233,0,0
1774386521350,425,3 - Comprar Passagem,200,OK,Teste de Carga - 250 usuarios 1-149,text,true,,6719,420,250,250,https://www.blazedemo.com/purchase.php,413,0,0
1774386521496,282,2 - Escolher Voo,200,OK,Teste de Carga - 250 usuarios 1-161,text,true,,7381,250,250,250,https://www.blazedemo.com/reserve.php,264,0,0
1774386521381,400,1 - Acessar Home,200,OK,Teste de Carga - 250 usuarios 1-138,text,true,,4757,120,250,250,https://www.blazedemo.com/,388,0,0
1774386521450,335,1 - Acessar Home,200,OK,Teste de Carga - 250 usuarios 1-176,text,true,,4757,120,250,250,https://www.blazedemo.com/,323,0,0
1774386521542,254,2 - Escolher Voo,200,OK,Teste de Carga - 250 usuarios 1-241,text,true,,7381,250,250,250,https://www.blazedemo.com/reserve.php,237,0,0
1774386521468,334,1 - Acessar Home,200,OK,Teste de Carga - 250 usuarios 1-169,text,true,,4757,120,250,250,https://www.blazedemo.com/,321,0,0
1774386521467,338,3 - Comprar Passagem,200,OK,Teste de Carga - 250 usuarios 1-213,text,true,,6719,420,250,250,https://www.blazedemo.com/purchase.php,322,0,0
1774386521515,291,1 - Acessar Home,200,OK,Teste de Carga - 250 usuarios 1-155,text,true,,4757,120,250,250,https://www.blazedemo.com/,279,0,0
1774386521549,258,1 - Acessar Home,200,OK,Teste de Carga - 250 usuarios 1-145,text,true,,4757,120,250,250,https://www.blazedemo.com/,246,0,0
1774386517962,3847,3 - Comprar Passagem,200,OK,Teste de Carga - 250 usuarios 1-205,text,true,,6719,420,250,250,https://www.blazedemo.com/purchase.php,3833,0,0
1774386521423,386,2 - Escolher Voo,200,OK,Teste de Carga - 250 usuarios 1-178,text,true,,7381,250,250,250,https://www.blazedemo.com/reserve.php,365,0,0
1774386517881,3938,1 - Acessar Home,200,OK,Teste de Carga - 250 usuarios 1-31,text,true,,4757,120,250,250,https://www.blazedemo.com/,3925,0,0
1774386521553,269,1 - Acessar Home,200,OK,Teste de Carga - 250 usuarios 1-146,text,true,,4757,120,250,250,https://www.blazedemo.com/,257,0,0
1774386517706,4116,3 - Comprar Passagem,200,OK,Teste de Carga - 250 usuarios 1-203,text,true,,6719,420,250,250,https://www.blazedemo.com/purchase.php,4106,0,0
1774386518126,3700,2 - Escolher Voo,200,OK,Teste de Carga - 250 usuarios 1-216,text,true,,7381,250,250,250,https://www.blazedemo.com/reserve.php,3680,0,0
1774386521378,452,2 - Escolher Voo,200,OK,Teste de Carga - 250 usuarios 1-116,text,true,,7381,250,250,250,https://www.blazedemo.com/reserve.php,435,0,0
1774386521481,350,3 - Comprar Passagem,200,OK,Teste de Carga - 250 usuarios 1-199,text,true,,6719,420,250,250,https://www.blazedemo.com/purchase.php,338,0,0
1774386521496,335,3 - Comprar Passagem,200,OK,Teste de Carga - 250 usuarios 1-45,text,true,,6719,420,250,250,https://www.blazedemo.com/purchase.php,323,0,0
1774386521509,322,2 - Escolher Voo,200,OK,Teste de Carga - 250 usuarios 1-18,text,true,,7381,250,250,250,https://www.blazedemo.com/reserve.php,302,0,0
1774386518002,3829,3 - Comprar Passagem,200,OK,Teste de Carga - 250 usuarios 1-16,text,true,,6719,420,250,250,https://www.blazedemo.com/purchase.php,3816,0,0
1774386521509,331,2 - Escolher Voo,200,OK,Teste de Carga - 250 usuarios 1-180,text,true,,7381,250,250,250,https://www.blazedemo.com/reserve.php,311,0,0
1774386521523,320,2 - Escolher Voo,200,OK,Teste de Carga - 250 usuarios 1-243,text,true,,7381,250,250,250,https://www.blazedemo.com/reserve.php,300,0,0
1774386521610,239,1 - Acessar Home,200,OK,Teste de Carga - 250 usuarios 1-238,text,true,,4757,120,250,250,https://www.blazedemo.com/,227,0,0
1774386521536,316,1 - Acessar Home,200,OK,Teste de Carga - 250 usuarios 1-232,text,true,,4757,120,250,250,https://www.blazedemo.com/,304,0,0
1774386521570,287,1 - Acessar Home,200,OK,Teste de Carga - 250 usuarios 1-168,text,true,,4757,120,250,250,https://www.blazedemo.com/,275,0,0
1774386521190,672,2 - Escolher Voo,200,OK,Teste de Carga - 250 usuarios 1-158,text,true,,7381,250,250,250,https://www.blazedemo.com/reserve.php,655,0,0
1774386521584,283,3 - Comprar Passagem,200,OK,Teste de Carga - 250 usuarios 1-91,text,true,,6719,420,250,250,https://www.blazedemo.com/purchase.php,271,0,0
1774386521584,284,1 - Acessar Home,200,OK,Teste de Carga - 250 usuarios 1-144,text,true,,4757,120,250,250,https://www.blazedemo.com/,272,0,0
1774386521262,613,2 - Escolher Voo,200,OK,Teste de Carga - 250 usuarios 1-63,text,true,,7381,250,250,250,https://www.blazedemo.com/reserve.php,593,0,0
1774386521525,351,2 - Escolher Voo,200,OK,Teste de Carga - 250 usuarios 1-78,text,true,,7381,250,250,250,https://www.blazedemo.com/reserve.php,335,0,0
1774386521609,271,2 - Escolher Voo,200,OK,Teste de Carga - 250 usuarios 1-67,text,true,,7381,250,250,250,https://www.blazedemo.com/reserve.php,250,0,0
1774386521436,444,2 - Escolher Voo,200,OK,Teste de Carga - 250 usuarios 1-89,text,true,,7381,250,250,250,https://www.blazedemo.com/reserve.php,424,0,0
1774386521558,324,2 - Escolher Voo,200,OK,Teste de Carga - 250 usuarios 1-214,text,true,,7381,250,250,250,https://www.blazedemo.com/reserve.php,304,0,0
1774386521622,264,3 - Comprar Passagem,200,OK,Teste de Carga - 250 usuarios 1-39,text,true,,6719,420,250,250,https://www.blazedemo.com/purchase.php,252,0,0
1774386517927,3961,1 - Acessar Home,200,OK,Teste de Carga - 250 usuarios 1-208,text,true,,4757,120,250,250,https://www.blazedemo.com/,3950,0,0
1774386521510,378,2 - Escolher Voo,200,OK,Teste de Carga - 250 usuarios 1-107,text,true,,7381,250,250,250,https://www.blazedemo.com/reserve.php,357,0,0
1774386519242,2649,3 - Comprar Passagem,200,OK,Teste de Carga - 250 usuarios 1-105,text,true,,6719,420,250,250,https://www.blazedemo.com/purchase.php,2637,0,0
1774386521608,286,1 - Acessar Home,200,OK,Teste de Carga - 250 usuarios 1-204,text,true,,4757,120,250,250,https://www.blazedemo.com/,273,0,0
1774386521508,386,2 - Escolher Voo,200,OK,Teste de Carga - 250 usuarios 1-109,text,true,,7381,250,250,250,https://www.blazedemo.com/reserve.php,368,0,0
1774386521637,257,2 - Escolher Voo,200,OK,Teste de Carga - 250 usuarios 1-222,text,true,,7381,250,250,250,https://www.blazedemo.com/reserve.php,240,0,0
1774386521529,368,3 - Comprar Passagem,200,OK,Teste de Carga - 250 usuarios 1-249,text,true,,6719,420,250,250,https://www.blazedemo.com/purchase.php,355,0,0
1774386521534,367,1 - Acessar Home,200,OK,Teste de Carga - 250 usuarios 1-165,text,true,,4757,120,250,250,https://www.blazedemo.com/,356,0,0
1774386521645,268,2 - Escolher Voo,200,OK,Teste de Carga - 250 usuarios 1-134,text,true,,7381,250,250,250,https://www.blazedemo.com/reserve.php,247,0,0
1774386521540,376,2 - Escolher Voo,200,OK,Teste de Carga - 250 usuarios 1-10,text,true,,7381,250,250,250,https://www.blazedemo.com/reserve.php,355,0,0
1774386521626,292,2 - Escolher Voo,200,OK,Teste de Carga - 250 usuarios 1-183,text,true,,7381,250,250,250,https://www.blazedemo.com/reserve.php,272,0,0
1774386517795,4125,3 - Comprar Passagem,200,OK,Teste de Carga - 250 usuarios 1-120,text,true,,6719,420,250,250,https://www.blazedemo.com/purchase.php,4113,0,0
1774386518065,3857,2 - Escolher Voo,200,OK,Teste de Carga - 250 usuarios 1-195,text,true,,7381,250,250,250,https://www.blazedemo.com/reserve.php,3837,0,0
1774386521614,309,3 - Comprar Passagem,200,OK,Teste de Carga - 250 usuarios 1-81,text,true,,6719,420,250,250,https://www.blazedemo.com/purchase.php,298,0,0
1774386521596,335,1 - Acessar Home,200,OK,Teste de Carga - 250 usuarios 1-148,text,true,,4757,120,250,250,https://www.blazedemo.com/,322,0,0
1774386519300,2631,1 - Acessar Home,200,OK,Teste de Carga - 250 usuarios 1-193,text,true,,4757,120,250,250,https://www.blazedemo.com/,2619,0,0
1774386521672,261,3 - Comprar Passagem,200,OK,Teste de Carga - 250 usuarios 1-96,text,true,,6719,420,250,250,https://www.blazedemo.com/purchase.php,250,0,0
1774386518253,3680,1 - Acessar Home,200,OK,Teste de Carga - 250 usuarios 1-90,text,true,,4757,120,250,250,https://www.blazedemo.com/,3669,0,0
1774386521549,387,3 - Comprar Passagem,200,OK,Teste de Carga - 250 usuarios 1-65,text,true,,6719,420,250,250,https://www.blazedemo.com/purchase.php,375,0,0
1774386521641,308,1 - Acessar Home,200,OK,Teste de Carga - 250 usuarios 1-48,text,true,,4757,120,250,250,https://www.blazedemo.com/,295,0,0
1774386518424,3539,2 - Escolher Voo,200,OK,Teste de Carga - 250 usuarios 1-226,text,true,,7381,250,250,250,https://www.blazedemo.com/reserve.php,3520,0,0
1774386521544,422,3 - Comprar Passagem,200,OK,Teste de Carga - 250 usuarios 1-239,text,true,,6719,420,250,250,https://www.blazedemo.com/purchase.php,410,0,0
1774386521624,343,2 - Escolher Voo,200,OK,Teste de Carga - 250 usuarios 1-111,text,true,,7381,250,250,250,https://www.blazedemo.com/reserve.php,300,0,0
1774386521713,257,3 - Comprar Passagem,200,OK,Teste de Carga - 250 usuarios 1-206,text,true,,6719,420,250,250,https://www.blazedemo.com/purchase.php,245,0,0
1774386521639,331,1 - Acessar Home,200,OK,Teste de Carga - 250 usuarios 1-50,text,true,,4757,120,250,250,https://www.blazedemo.com/,319,0,0
1774386521700,274,1 - Acessar Home,200,OK,Teste de Carga - 250 usuarios 1-38,text,true,,4757,120,250,250,https://www.blazedemo.com/,260,0,0
1774386521696,284,3 - Comprar Passagem,200,OK,Teste de Carga - 250 usuarios 1-184,text,true,,6719,420,250,250,https://www.blazedemo.com/purchase.php,272,0,0
1774386521706,276,1 - Acessar Home,200,OK,Teste de Carga - 250 usuarios 1-94,text,true,,4757,120,250,250,https://www.blazedemo.com/,263,0,0
1774386521592,391,3 - Comprar Passagem,200,OK,Teste de Carga - 250 usuarios 1-1,text,true,,6719,420,250,250,https://www.blazedemo.com/purchase.php,378,0,0
1774386521731,258,1 - Acessar Home,200,OK,Teste de Carga - 250 usuarios 1-8,text,true,,4757,120,250,250,https://www.blazedemo.com/,246,0,0
1774386518136,3863,2 - Escolher Voo,200,OK,Teste de Carga - 250 usuarios 1-100,text,true,,7381,250,250,250,https://www.blazedemo.com/reserve.php,3841,0,0
1774386518345,3655,2 - Escolher Voo,200,OK,Teste de Carga - 250 usuarios 1-207,text,true,,7381,250,250,250,https://www.blazedemo.com/reserve.php,3634,0,0
1774386521699,310,1 - Acessar Home,200,OK,Teste de Carga - 250 usuarios 1-235,text,true,,4757,120,250,250,https://www.blazedemo.com/,297,0,0
1774386521395,616,1 - Acessar Home,200,OK,Teste de Carga - 250 usuarios 1-55,text,true,,4757,120,250,250,https://www.blazedemo.com/,605,0,0
1774386521727,286,2 - Escolher Voo,200,OK,Teste de Carga - 250 usuarios 1-27,text,true,,7381,250,250,250,https://www.blazedemo.com/reserve.php,266,0,0
1774386517834,4182,3 - Comprar Passagem,200,OK,Teste de Carga - 250 usuarios 1-185,text,true,,6719,420,250,250,https://www.blazedemo.com/purchase.php,4166,0,0
1774386521725,301,3 - Comprar Passagem,200,OK,Teste de Carga - 250 usuarios 1-79,text,true,,6719,420,250,250,https://www.blazedemo.com/purchase.php,290,0,0
1774386521368,663,3 - Comprar Passagem,200,OK,Teste de Carga - 250 usuarios 1-118,text,true,,6719,420,250,250,https://www.blazedemo.com/purchase.php,651,0,0
1774386521778,253,3 - Comprar Passagem,200,OK,Teste de Carga - 250 usuarios 1-161,text,true,,6719,420,250,250,https://www.blazedemo.com/purchase.php,241,0,0
1774386521755,280,3 - Comprar Passagem,200,OK,Teste de Carga - 250 usuarios 1-218,text,true,,6719,420,250,250,https://www.blazedemo.com/purchase.php,268,0,0
1774386518392,3645,1 - Acessar Home,200,OK,Teste de Carga - 250 usuarios 1-163,text,true,,4757,120,250,250,https://www.blazedemo.com/,3633,0,0
1774386521805,234,1 - Acessar Home,200,OK,Teste de Carga - 250 usuarios 1-213,text,true,,4757,120,250,250,https://www.blazedemo.com/,221,0,0
1774386521689,351,3 - Comprar Passagem,200,OK,Teste de Carga - 250 usuarios 1-159,text,true,,6719,420,250,250,https://www.blazedemo.com/purchase.php,338,0,0
1774386521653,388,3 - Comprar Passagem,200,OK,Teste de Carga - 250 usuarios 1-13,text,true,,6719,420,250,250,https://www.blazedemo.com/purchase.php,375,0,0
1774386521649,400,1 - Acessar Home,200,OK,Teste de Carga - 250 usuarios 1-110,text,true,,4757,120,250,250,https://www.blazedemo.com/,388,0,0
1774386521549,511,2 - Escolher Voo,200,OK,Teste de Carga - 250 usuarios 1-164,text,true,,7381,250,250,250,https://www.blazedemo.com/reserve.php,488,0,0
1774386519699,2361,1 - Acessar Home,200,OK,Teste de Carga - 250 usuarios 1-75,text,true,,4757,120,250,250,https://www.blazedemo.com/,2349,0,0
1774386521796,266,3 - Comprar Passagem,200,OK,Teste de Carga - 250 usuarios 1-241,text,true,,6719,420,250,250,https://www.blazedemo.com/purchase.php,254,0,0
1774386521428,635,1 - Acessar Home,200,OK,Teste de Carga - 250 usuarios 1-131,text,true,,4757,120,250,250,https://www.blazedemo.com/,623,0,0
1774386517915,4153,3 - Comprar Passagem,200,OK,Teste de Carga - 250 usuarios 1-230,text,true,,6719,420,250,250,https://www.blazedemo.com/purchase.php,4137,0,0
1774386518259,3812,3 - Comprar Passagem,200,OK,Teste de Carga - 250 usuarios 1-74,text,true,,6719,420,250,250,https://www.blazedemo.com/purchase.php,3800,0,0
1774386521669,405,3 - Comprar Passagem,200,OK,Teste de Carga - 250 usuarios 1-188,text,true,,6719,420,250,250,https://www.blazedemo.com/purchase.php,392,0,0
1774386521757,317,2 - Escolher Voo,200,OK,Teste de Carga - 250 usuarios 1-140,text,true,,7381,250,250,250,https://www.blazedemo.com/reserve.php,297,0,0
1774386521746,335,2 - Escolher Voo,200,OK,Teste de Carga - 250 usuarios 1-219,text,true,,7381,250,250,250,https://www.blazedemo.com/reserve.php,318,0,0
1774386521760,321,1 - Acessar Home,200,OK,Teste de Carga - 250 usuarios 1-14,text,true,,4757,120,250,250,https://www.blazedemo.com/,309,0,0
1774386517940,4148,3 - Comprar Passagem,200,OK,Teste de Carga - 250 usuarios 1-103,text,true,,6719,420,250,250,https://www.blazedemo.com/purchase.php,4136,0,0
1774386521772,316,1 - Acessar Home,200,OK,Teste de Carga - 250 usuarios 1-170,text,true,,4757,120,250,250,https://www.blazedemo.com/,304,0,0
1774386521809,280,3 - Comprar Passagem,200,OK,Teste de Carga - 250 usuarios 1-178,text,true,,6719,420,250,250,https://www.blazedemo.com/purchase.php,267,0,0
1774386521826,276,3 - Comprar Passagem,200,OK,Teste de Carga - 250 usuarios 1-216,text,true,,6719,420,250,250,https://www.blazedemo.com/purchase.php,263,0,0
1774386521773,334,1 - Acessar Home,200,OK,Teste de Carga - 250 usuarios 1-172,text,true,,4757,120,250,250,https://www.blazedemo.com/,322,0,0
1774386521823,285,1 - Acessar Home,200,OK,Teste de Carga - 250 usuarios 1-203,text,true,,4757,120,250,250,https://www.blazedemo.com/,274,0,0
1774386519763,2347,3 - Comprar Passagem,200,OK,Teste de Carga - 250 usuarios 1-51,text,true,,6719,420,250,250,https://www.blazedemo.com/purchase.php,2335,0,0
1774386521802,315,2 - Escolher Voo,200,OK,Teste de Carga - 250 usuarios 1-169,text,true,,7381,250,250,250,https://www.blazedemo.com/reserve.php,294,0,0
1774386521849,273,2 - Escolher Voo,200,OK,Teste de Carga - 250 usuarios 1-238,text,true,,7381,250,250,250,https://www.blazedemo.com/reserve.php,253,0,0
1774386521633,492,1 - Acessar Home,200,OK,Teste de Carga - 250 usuarios 1-179,text,true,,4757,120,250,250,https://www.blazedemo.com/,480,0,0
1774386521831,296,3 - Comprar Passagem,200,OK,Teste de Carga - 250 usuarios 1-18,text,true,,6719,420,250,250,https://www.blazedemo.com/purchase.php,285,0,0
1774386521770,361,1 - Acessar Home,200,OK,Teste de Carga - 250 usuarios 1-59,text,true,,4757,120,250,250,https://www.blazedemo.com/,350,0,0
1774386521613,527,1 - Acessar Home,200,OK,Teste de Carga - 250 usuarios 1-93,text,true,,4757,120,250,250,https://www.blazedemo.com/,513,0,0
1774386521785,362,2 - Escolher Voo,200,OK,Teste de Carga - 250 usuarios 1-176,text,true,,7381,250,250,250,https://www.blazedemo.com/reserve.php,341,0,0
1774386521704,449,1 - Acessar Home,200,OK,Teste de Carga - 250 usuarios 1-194,text,true,,4757,120,250,250,https://www.blazedemo.com/,437,0,0
1774386521853,302,2 - Escolher Voo,200,OK,Teste de Carga - 250 usuarios 1-232,text,true,,7381,250,250,250,https://www.blazedemo.com/reserve.php,282,0,0
1774386518458,3701,2 - Escolher Voo,200,OK,Teste de Carga - 250 usuarios 1-187,text,true,,7381,250,250,250,https://www.blazedemo.com/reserve.php,3680,0,0
1774386518307,3854,3 - Comprar Passagem,200,OK,Teste de Carga - 250 usuarios 1-54,text,true,,6719,420,250,250,https://www.blazedemo.com/purchase.php,3842,0,0
1774386518001,4161,1 - Acessar Home,200,OK,Teste de Carga - 250 usuarios 1-77,text,true,,4757,120,250,250,https://www.blazedemo.com/,4150,0,0
1774386521888,275,3 - Comprar Passagem,200,OK,Teste de Carga - 250 usuarios 1-107,text,true,,6719,420,250,250,https://www.blazedemo.com/purchase.php,262,0,0
1774386521680,483,3 - Comprar Passagem,200,OK,Teste de Carga - 250 usuarios 1-72,text,true,,6719,420,250,250,https://www.blazedemo.com/purchase.php,467,0,0
1774386521868,304,2 - Escolher Voo,200,OK,Teste de Carga - 250 usuarios 1-144,text,true,,7381,250,250,250,https://www.blazedemo.com/reserve.php,283,0,0
1774386521831,353,1 - Acessar Home,200,OK,Teste de Carga - 250 usuarios 1-16,text,true,,4757,120,250,250,https://www.blazedemo.com/,342,0,0
1774386521831,354,1 - Acessar Home,200,OK,Teste de Carga - 250 usuarios 1-199,text,true,,4757,120,250,250,https://www.blazedemo.com/,342,0,0
1774386521894,291,3 - Comprar Passagem,200,OK,Teste de Carga - 250 usuarios 1-222,text,true,,6719,420,250,250,https://www.blazedemo.com/purchase.php,279,0,0
1774386521807,378,2 - Escolher Voo,200,OK,Teste de Carga - 250 usuarios 1-145,text,true,,7381,250,250,250,https://www.blazedemo.com/reserve.php,362,0,0
1774386521637,552,2 - Escolher Voo,200,OK,Teste de Carga - 250 usuarios 1-92,text,true,,7381,250,250,250,https://www.blazedemo.com/reserve.php,532,0,0
1774386521922,272,3 - Comprar Passagem,200,OK,Teste de Carga - 250 usuarios 1-195,text,true,,6719,420,250,250,https://www.blazedemo.com/purchase.php,260,0,0
1774386521894,304,2 - Escolher Voo,200,OK,Teste de Carga - 250 usuarios 1-204,text,true,,7381,250,250,250,https://www.blazedemo.com/reserve.php,283,0,0
1774386521894,305,3 - Comprar Passagem,200,OK,Teste de Carga - 250 usuarios 1-109,text,true,,6719,420,250,250,https://www.blazedemo.com/purchase.php,288,0,0
1774386521806,399,2 - Escolher Voo,200,OK,Teste de Carga - 250 usuarios 1-155,text,true,,7381,250,250,250,https://www.blazedemo.com/reserve.php,379,0,0
1774386521897,309,1 - Acessar Home,200,OK,Teste de Carga - 250 usuarios 1-249,text,true,,4757,120,250,250,https://www.blazedemo.com/,299,0,0
1774386518044,4164,2 - Escolher Voo,200,OK,Teste de Carga - 250 usuarios 1-40,text,true,,7381,250,250,250,https://www.blazedemo.com/reserve.php,4144,0,0
1774386521933,281,1 - Acessar Home,200,OK,Teste de Carga - 250 usuarios 1-96,text,true,,4757,120,250,250,https://www.blazedemo.com/,268,0,0
1774386521876,341,3 - Comprar Passagem,200,OK,Teste de Carga - 250 usuarios 1-63,text,true,,6719,420,250,250,https://www.blazedemo.com/purchase.php,329,0,0
1774386518522,3696,3 - Comprar Passagem,200,OK,Teste de Carga - 250 usuarios 1-236,text,true,,6719,420,250,250,https://www.blazedemo.com/purchase.php,3686,0,0
1774386521740,481,1 - Acessar Home,200,OK,Teste de Carga - 250 usuarios 1-36,text,true,,4757,120,250,250,https://www.blazedemo.com/,469,0,0
1774386521823,399,2 - Escolher Voo,200,OK,Teste de Carga - 250 usuarios 1-146,text,true,,7381,250,250,250,https://www.blazedemo.com/reserve.php,378,0,0
1774386521844,378,3 - Comprar Passagem,200,OK,Teste de Carga - 250 usuarios 1-243,text,true,,6719,420,250,250,https://www.blazedemo.com/purchase.php,366,0,0
1774386518489,3733,3 - Comprar Passagem,200,OK,Teste de Carga - 250 usuarios 1-73,text,true,,6719,420,250,250,https://www.blazedemo.com/purchase.php,3721,0,0
1774386521918,306,3 - Comprar Passagem,200,OK,Teste de Carga - 250 usuarios 1-183,text,true,,6719,420,250,250,https://www.blazedemo.com/purchase.php,294,0,0
1774386518538,3688,1 - Acessar Home,200,OK,Teste de Carga - 250 usuarios 1-127,text,true,,4757,120,250,250,https://www.blazedemo.com/,3675,0,0
1774386521880,346,3 - Comprar Passagem,200,OK,Teste de Carga - 250 usuarios 1-67,text,true,,6719,420,250,250,https://www.blazedemo.com/purchase.php,334,0,0
1774386521731,498,3 - Comprar Passagem,200,OK,Teste de Carga - 250 usuarios 1-240,text,true,,6719,420,250,250,https://www.blazedemo.com/purchase.php,486,0,0
1774386521882,351,3 - Comprar Passagem,200,OK,Teste de Carga - 250 usuarios 1-214,text,true,,6719,420,250,250,https://www.blazedemo.com/purchase.php,340,0,0
1774386519807,2438,3 - Comprar Passagem,200,OK,Teste de Carga - 250 usuarios 1-231,text,true,,6719,420,250,250,https://www.blazedemo.com/purchase.php,2422,0,0
1774386521999,254,3 - Comprar Passagem,200,OK,Teste de Carga - 250 usuarios 1-100,text,true,,6719,420,250,250,https://www.blazedemo.com/purchase.php,241,0,0
1774386518347,3912,2 - Escolher Voo,200,OK,Teste de Carga - 250 usuarios 1-215,text,true,,7381,250,250,250,https://www.blazedemo.com/reserve.php,3891,0,0
1774386521886,380,1 - Acessar Home,200,OK,Teste de Carga - 250 usuarios 1-39,text,true,,4757,120,250,250,https://www.blazedemo.com/,368,0,0
1774386521920,348,1 - Acessar Home,200,OK,Teste de Carga - 250 usuarios 1-120,text,true,,4757,120,250,250,https://www.blazedemo.com/,336,0,0
1774386521949,330,2 - Escolher Voo,200,OK,Teste de Carga - 250 usuarios 1-48,text,true,,7381,250,250,250,https://www.blazedemo.com/reserve.php,308,0,0
1774386518059,4220,3 - Comprar Passagem,200,OK,Teste de Carga - 250 usuarios 1-121,text,true,,6719,420,250,250,https://www.blazedemo.com/purchase.php,4209,0,0
1774386521830,455,3 - Comprar Passagem,200,OK,Teste de Carga - 250 usuarios 1-116,text,true,,6719,420,250,250,https://www.blazedemo.com/purchase.php,442,0,0
1774386521924,361,1 - Acessar Home,200,OK,Teste de Carga - 250 usuarios 1-81,text,true,,4757,120,250,250,https://www.blazedemo.com/,351,0,0
1774386521931,363,2 - Escolher Voo,200,OK,Teste de Carga - 250 usuarios 1-148,text,true,,7381,250,250,250,https://www.blazedemo.com/reserve.php,344,0,0
1774386521970,328,1 - Acessar Home,200,OK,Teste de Carga - 250 usuarios 1-206,text,true,,4757,120,250,250,https://www.blazedemo.com/,316,0,0
1774386521916,382,3 - Comprar Passagem,200,OK,Teste de Carga - 250 usuarios 1-10,text,true,,6719,420,250,250,https://www.blazedemo.com/purchase.php,370,0,0
1774386518069,4243,1 - Acessar Home,200,OK,Teste de Carga - 250 usuarios 1-132,text,true,,4757,120,250,250,https://www.blazedemo.com/,4232,0,0
1774386521913,409,3 - Comprar Passagem,200,OK,Teste de Carga - 250 usuarios 1-134,text,true,,6719,420,250,250,https://www.blazedemo.com/purchase.php,397,0,0
1774386522074,250,1 - Acessar Home,200,OK,Teste de Carga - 250 usuarios 1-188,text,true,,4757,120,250,250,https://www.blazedemo.com/,238,0,0
1774386521931,393,2 - Escolher Voo,200,OK,Teste de Carga - 250 usuarios 1-193,text,true,,7381,250,250,250,https://www.blazedemo.com/reserve.php,371,0,0
1774386522013,316,3 - Comprar Passagem,200,OK,Teste de Carga - 250 usuarios 1-27,text,true,,6719,420,250,250,https://www.blazedemo.com/purchase.php,304,0,0
1774386522071,261,1 - Acessar Home,200,OK,Teste de Carga - 250 usuarios 1-74,text,true,,4757,120,250,250,https://www.blazedemo.com/,248,0,0
1774386518580,3753,1 - Acessar Home,200,OK,Teste de Carga - 250 usuarios 1-41,text,true,,4757,120,250,250,https://www.blazedemo.com/,3741,0,0
1774386522049,289,2 - Escolher Voo,200,OK,Teste de Carga - 250 usuarios 1-110,text,true,,7381,250,250,250,https://www.blazedemo.com/reserve.php,268,0,0
1774386522074,270,3 - Comprar Passagem,200,OK,Teste de Carga - 250 usuarios 1-140,text,true,,6719,420,250,250,https://www.blazedemo.com/purchase.php,258,0,0
1774386522081,264,3 - Comprar Passagem,200,OK,Teste de Carga - 250 usuarios 1-219,text,true,,6719,420,250,250,https://www.blazedemo.com/purchase.php,252,0,0
1774386518587,3771,1 - Acessar Home,200,OK,Teste de Carga - 250 usuarios 1-228,text,true,,4757,120,250,250,https://www.blazedemo.com/,3759,0,0
1774386522009,349,2 - Escolher Voo,200,OK,Teste de Carga - 250 usuarios 1-235,text,true,,7381,250,250,250,https://www.blazedemo.com/reserve.php,330,0,0
1774386518663,3696,2 - Escolher Voo,200,OK,Teste de Carga - 250 usuarios 1-24,text,true,,7381,250,250,250,https://www.blazedemo.com/reserve.php,3676,0,0
1774386518569,3790,2 - Escolher Voo,200,OK,Teste de Carga - 250 usuarios 1-9,text,true,,7381,250,250,250,https://www.blazedemo.com/reserve.php,3768,0,0
1774386522107,255,2 - Escolher Voo,200,OK,Teste de Carga - 250 usuarios 1-172,text,true,,7381,250,250,250,https://www.blazedemo.com/reserve.php,235,0,0
1774386518562,3801,2 - Escolher Voo,200,OK,Teste de Carga - 250 usuarios 1-114,text,true,,7381,250,250,250,https://www.blazedemo.com/reserve.php,3781,0,0
1774386521840,528,3 - Comprar Passagem,200,OK,Teste de Carga - 250 usuarios 1-180,text,true,,6719,420,250,250,https://www.blazedemo.com/purchase.php,516,0,0
1774386521867,502,1 - Acessar Home,200,OK,Teste de Carga - 250 usuarios 1-91,text,true,,4757,120,250,250,https://www.blazedemo.com/,490,0,0
1774386521888,483,2 - Escolher Voo,200,OK,Teste de Carga - 250 usuarios 1-208,text,true,,7381,250,250,250,https://www.blazedemo.com/reserve.php,462,0,0
1774386521963,427,3 - Comprar Passagem,200,OK,Teste de Carga - 250 usuarios 1-226,text,true,,6719,420,250,250,https://www.blazedemo.com/purchase.php,415,0,0
1774386520241,2158,3 - Comprar Passagem,200,OK,Teste de Carga - 250 usuarios 1-22,text,true,,6719,420,250,250,https://www.blazedemo.com/purchase.php,2151,0,0
1774386522040,362,1 - Acessar Home,200,OK,Teste de Carga - 250 usuarios 1-159,text,true,,4757,120,250,250,https://www.blazedemo.com/,352,0,0
1774386521877,526,3 - Comprar Passagem,200,OK,Teste de Carga - 250 usuarios 1-78,text,true,,6719,420,250,250,https://www.blazedemo.com/purchase.php,515,0,0
1774386522035,372,1 - Acessar Home,200,OK,Teste de Carga - 250 usuarios 1-218,text,true,,4757,120,250,250,https://www.blazedemo.com/,360,0,0
1774386522031,380,1 - Acessar Home,200,OK,Teste de Carga - 250 usuarios 1-161,text,true,,4757,120,250,250,https://www.blazedemo.com/,368,0,0
1774386521989,425,2 - Escolher Voo,200,OK,Teste de Carga - 250 usuarios 1-8,text,true,,7381,250,250,250,https://www.blazedemo.com/reserve.php,406,0,0
1774386522089,325,1 - Acessar Home,200,OK,Teste de Carga - 250 usuarios 1-178,text,true,,4757,120,250,250,https://www.blazedemo.com/,314,0,0
1774386518254,4164,1 - Acessar Home,200,OK,Teste de Carga - 250 usuarios 1-33,text,true,,4757,120,250,250,https://www.blazedemo.com/,4153,0,0
1774386521982,439,2 - Escolher Voo,200,OK,Teste de Carga - 250 usuarios 1-94,text,true,,7381,250,250,250,https://www.blazedemo.com/reserve.php,419,0,0
1774386521970,458,2 - Escolher Voo,200,OK,Teste de Carga - 250 usuarios 1-50,text,true,,7381,250,250,250,https://www.blazedemo.com/reserve.php,439,0,0
1774386518606,3824,2 - Escolher Voo,200,OK,Teste de Carga - 250 usuarios 1-237,text,true,,7381,250,250,250,https://www.blazedemo.com/reserve.php,3803,0,0
1774386522185,245,3 - Comprar Passagem,200,OK,Teste de Carga - 250 usuarios 1-145,text,true,,6719,420,250,250,https://www.blazedemo.com/purchase.php,232,0,0
1774386522060,374,3 - Comprar Passagem,200,OK,Teste de Carga - 250 usuarios 1-164,text,true,,6719,420,250,250,https://www.blazedemo.com/purchase.php,354,0,0
1774386522063,372,2 - Escolher Voo,200,OK,Teste de Carga - 250 usuarios 1-131,text,true,,7381,250,250,250,https://www.blazedemo.com/reserve.php,352,0,0
1774386522189,254,3 - Comprar Passagem,200,OK,Teste de Carga - 250 usuarios 1-92,text,true,,6719,420,250,250,https://www.blazedemo.com/purchase.php,239,0,0
1774386520312,2134,1 - Acessar Home,200,OK,Teste de Carga - 250 usuarios 1-136,text,true,,4757,120,250,250,https://www.blazedemo.com/,2123,0,0
1774386522153,294,2 - Escolher Voo,200,OK,Teste de Carga - 250 usuarios 1-194,text,true,,7381,250,250,250,https://www.blazedemo.com/reserve.php,278,0,0
1774386521891,561,1 - Acessar Home,200,OK,Teste de Carga - 250 usuarios 1-105,text,true,,4757,120,250,250,https://www.blazedemo.com/,549,0,0
1774386522089,365,1 - Acessar Home,200,OK,Teste de Carga - 250 usuarios 1-103,text,true,,4757,120,250,250,https://www.blazedemo.com/,354,0,0
1774386521857,607,2 - Escolher Voo,200,OK,Teste de Carga - 250 usuarios 1-168,text,true,,7381,250,250,250,https://www.blazedemo.com/reserve.php,587,0,0
1774386522026,443,1 - Acessar Home,200,OK,Teste de Carga - 250 usuarios 1-79,text,true,,4757,120,250,250,https://www.blazedemo.com/,431,0,0
1774386521901,568,2 - Escolher Voo,200,OK,Teste de Carga - 250 usuarios 1-165,text,true,,7381,250,250,250,https://www.blazedemo.com/reserve.php,548,0,0
1774386520405,2075,2 - Escolher Voo,200,OK,Teste de Carga - 250 usuarios 1-125,text,true,,7381,250,250,250,https://www.blazedemo.com/reserve.php,2054,0,0
1774386522198,298,3 - Comprar Passagem,200,OK,Teste de Carga - 250 usuarios 1-204,text,true,,6719,420,250,250,https://www.blazedemo.com/purchase.php,282,0,0
1774386522122,377,3 - Comprar Passagem,200,OK,Teste de Carga - 250 usuarios 1-238,text,true,,6719,420,250,250,https://www.blazedemo.com/purchase.php,365,0,0
1774386522206,296,3 - Comprar Passagem,200,OK,Teste de Carga - 250 usuarios 1-155,text,true,,6719,420,250,250,https://www.blazedemo.com/purchase.php,284,0,0
1774386522068,444,1 - Acessar Home,200,OK,Teste de Carga - 250 usuarios 1-230,text,true,,4757,120,250,250,https://www.blazedemo.com/,432,0,0
1774386518861,3651,1 - Acessar Home,200,OK,Teste de Carga - 250 usuarios 1-4,text,true,,4757,120,250,250,https://www.blazedemo.com/,3638,0,0
1774386518313,4201,3 - Comprar Passagem,200,OK,Teste de Carga - 250 usuarios 1-212,text,true,,6719,420,250,250,https://www.blazedemo.com/purchase.php,4190,0,0
1774386522128,389,1 - Acessar Home,200,OK,Teste de Carga - 250 usuarios 1-18,text,true,,4757,120,250,250,https://www.blazedemo.com/,377,0,0
1774386518691,3827,3 - Comprar Passagem,200,OK,Teste de Carga - 250 usuarios 1-102,text,true,,6719,420,250,250,https://www.blazedemo.com/purchase.php,3815,0,0
1774386522217,301,1 - Acessar Home,200,OK,Teste de Carga - 250 usuarios 1-63,text,true,,4757,120,250,250,https://www.blazedemo.com/,290,0,0
1774386522102,418,1 - Acessar Home,200,OK,Teste de Carga - 250 usuarios 1-216,text,true,,4757,120,250,250,https://www.blazedemo.com/,404,0,0
1774386521936,588,1 - Acessar Home,200,OK,Teste de Carga - 250 usuarios 1-65,text,true,,4757,120,250,250,https://www.blazedemo.com/,576,0,0
1774386518886,3641,2 - Escolher Voo,200,OK,Teste de Carga - 250 usuarios 1-162,text,true,,7381,250,250,250,https://www.blazedemo.com/reserve.php,3620,0,0
1774386521974,553,2 - Escolher Voo,200,OK,Teste de Carga - 250 usuarios 1-38,text,true,,7381,250,250,250,https://www.blazedemo.com/reserve.php,537,0,0
1774386518806,3724,3 - Comprar Passagem,200,OK,Teste de Carga - 250 usuarios 1-197,text,true,,6719,420,250,250,https://www.blazedemo.com/purchase.php,3712,0,0
1774386522184,354,2 - Escolher Voo,200,OK,Teste de Carga - 250 usuarios 1-16,text,true,,7381,250,250,250,https://www.blazedemo.com/reserve.php,333,0,0
1774386522031,512,1 - Acessar Home,200,OK,Teste de Carga - 250 usuarios 1-118,text,true,,4757,120,250,250,https://www.blazedemo.com/,500,0,0
1774386518427,4118,1 - Acessar Home,200,OK,Teste de Carga - 250 usuarios 1-52,text,true,,4757,120,250,250,https://www.blazedemo.com/,4106,0,0
1774386522199,352,1 - Acessar Home,200,OK,Teste de Carga - 250 usuarios 1-109,text,true,,4757,120,250,250,https://www.blazedemo.com/,341,0,0
1774386521880,681,3 - Comprar Passagem,200,OK,Teste de Carga - 250 usuarios 1-89,text,true,,6719,420,250,250,https://www.blazedemo.com/purchase.php,669,0,0
1774386522140,426,2 - Escolher Voo,200,OK,Teste de Carga - 250 usuarios 1-93,text,true,,7381,250,250,250,https://www.blazedemo.com/reserve.php,406,0,0
1774386518622,3947,2 - Escolher Voo,200,OK,Teste de Carga - 250 usuarios 1-123,text,true,,7381,250,250,250,https://www.blazedemo.com/reserve.php,3925,0,0
1774386522037,537,2 - Escolher Voo,200,OK,Teste de Carga - 250 usuarios 1-163,text,true,,7381,250,250,250,https://www.blazedemo.com/reserve.php,515,0,0
1774386522226,349,1 - Acessar Home,200,OK,Teste de Carga - 250 usuarios 1-67,text,true,,4757,120,250,250,https://www.blazedemo.com/,337,0,0
1774386522000,584,3 - Comprar Passagem,200,OK,Teste de Carga - 250 usuarios 1-207,text,true,,6719,420,250,250,https://www.blazedemo.com/purchase.php,572,0,0
1774386522016,570,1 - Acessar Home,200,OK,Teste de Carga - 250 usuarios 1-185,text,true,,4757,120,250,250,https://www.blazedemo.com/,509,0,0
1774386518755,3833,2 - Escolher Voo,200,OK,Teste de Carga - 250 usuarios 1-49,text,true,,7381,250,250,250,https://www.blazedemo.com/reserve.php,3810,0,0
1774386522147,444,3 - Comprar Passagem,200,OK,Teste de Carga - 250 usuarios 1-176,text,true,,6719,420,250,250,https://www.blazedemo.com/purchase.php,432,0,0
1774386522159,435,3 - Comprar Passagem,200,OK,Teste de Carga - 250 usuarios 1-187,text,true,,6719,420,250,250,https://www.blazedemo.com/purchase.php,423,0,0
1774386522280,324,1 - Acessar Home,200,OK,Teste de Carga - 250 usuarios 1-121,text,true,,4757,120,250,250,https://www.blazedemo.com/,313,0,0
1774386522223,382,1 - Acessar Home,200,OK,Teste de Carga - 250 usuarios 1-73,text,true,,4757,120,250,250,https://www.blazedemo.com/,371,0,0
1774386522368,240,1 - Acessar Home,200,OK,Teste de Carga - 250 usuarios 1-180,text,true,,4757,120,250,250,https://www.blazedemo.com/,229,0,0
1774386518883,3725,2 - Escolher Voo,200,OK,Teste de Carga - 250 usuarios 1-152,text,true,,7381,250,250,250,https://www.blazedemo.com/reserve.php,3706,0,0
1774386522294,328,3 - Comprar Passagem,200,OK,Teste de Carga - 250 usuarios 1-148,text,true,,6719,420,250,250,https://www.blazedemo.com/purchase.php,312,0,0
1774386522268,359,2 - Escolher Voo,200,OK,Teste de Carga - 250 usuarios 1-120,text,true,,7381,250,250,250,https://www.blazedemo.com/reserve.php,336,0,0
1774386520516,2112,1 - Acessar Home,200,OK,Teste de Carga - 250 usuarios 1-98,text,true,,4757,120,250,250,https://www.blazedemo.com/,2100,0,0
1774386518939,3691,3 - Comprar Passagem,200,OK,Teste de Carga - 250 usuarios 1-86,text,true,,6719,420,250,250,https://www.blazedemo.com/purchase.php,3679,0,0
1774386522369,262,2 - Escolher Voo,200,OK,Teste de Carga - 250 usuarios 1-91,text,true,,7381,250,250,250,https://www.blazedemo.com/reserve.php,241,0,0
1774386522125,510,2 - Escolher Voo,200,OK,Teste de Carga - 250 usuarios 1-179,text,true,,7381,250,250,250,https://www.blazedemo.com/reserve.php,494,0,0
1774386522223,415,1 - Acessar Home,200,OK,Teste de Carga - 250 usuarios 1-243,text,true,,4757,120,250,250,https://www.blazedemo.com/,403,0,0
1774386522344,296,1 - Acessar Home,200,OK,Teste de Carga - 250 usuarios 1-140,text,true,,4757,120,250,250,https://www.blazedemo.com/,283,0,0
1774386522172,474,3 - Comprar Passagem,200,OK,Teste de Carga - 250 usuarios 1-144,text,true,,6719,420,250,250,https://www.blazedemo.com/purchase.php,462,0,0
1774386522371,277,3 - Comprar Passagem,200,OK,Teste de Carga - 250 usuarios 1-208,text,true,,6719,420,250,250,https://www.blazedemo.com/purchase.php,266,0,0
1774386522060,589,2 - Escolher Voo,200,OK,Teste de Carga - 250 usuarios 1-75,text,true,,7381,250,250,250,https://www.blazedemo.com/reserve.php,566,0,0
1774386518997,3658,2 - Escolher Voo,200,OK,Teste de Carga - 250 usuarios 1-26,text,true,,7381,250,250,250,https://www.blazedemo.com/reserve.php,3637,0,0
1774386522185,470,1 - Acessar Home,200,OK,Teste de Carga - 250 usuarios 1-222,text,true,,4757,120,250,250,https://www.blazedemo.com/,459,0,0
1774386522163,501,1 - Acessar Home,200,OK,Teste de Carga - 250 usuarios 1-107,text,true,,4757,120,250,250,https://www.blazedemo.com/,489,0,0
1774386522117,547,3 - Comprar Passagem,200,OK,Teste de Carga - 250 usuarios 1-169,text,true,,6719,420,250,250,https://www.blazedemo.com/purchase.php,535,0,0
1774386522234,434,1 - Acessar Home,200,OK,Teste de Carga - 250 usuarios 1-214,text,true,,4757,120,250,250,https://www.blazedemo.com/,421,0,0
1774386520624,2048,3 - Comprar Passagem,200,OK,Teste de Carga - 250 usuarios 1-82,text,true,,6719,420,250,250,https://www.blazedemo.com/purchase.php,2036,0,0
1774386522407,284,2 - Escolher Voo,200,OK,Teste de Carga - 250 usuarios 1-218,text,true,,7381,250,250,250,https://www.blazedemo.com/reserve.php,266,0,0
1774386522312,379,2 - Escolher Voo,200,OK,Teste de Carga - 250 usuarios 1-132,text,true,,7381,250,250,250,https://www.blazedemo.com/reserve.php,359,0,0
1774386518934,3761,2 - Escolher Voo,200,OK,Teste de Carga - 250 usuarios 1-245,text,true,,7381,250,250,250,https://www.blazedemo.com/reserve.php,3741,0,0
1774386522339,366,3 - Comprar Passagem,200,OK,Teste de Carga - 250 usuarios 1-110,text,true,,6719,420,250,250,https://www.blazedemo.com/purchase.php,354,0,0
1774386522131,583,2 - Escolher Voo,200,OK,Teste de Carga - 250 usuarios 1-59,text,true,,7381,250,250,250,https://www.blazedemo.com/reserve.php,562,0,0
1774386522081,636,2 - Escolher Voo,200,OK,Teste de Carga - 250 usuarios 1-14,text,true,,7381,250,250,250,https://www.blazedemo.com/reserve.php,617,0,0
1774386522194,532,1 - Acessar Home,200,OK,Teste de Carga - 250 usuarios 1-195,text,true,,4757,120,250,250,https://www.blazedemo.com/,520,0,0
1774386522161,578,1 - Acessar Home,200,OK,Teste de Carga - 250 usuarios 1-54,text,true,,4757,120,250,250,https://www.blazedemo.com/,565,0,0
1774386522345,399,1 - Acessar Home,200,OK,Teste de Carga - 250 usuarios 1-219,text,true,,4757,120,250,250,https://www.blazedemo.com/,387,0,0
1774386522363,383,3 - Comprar Passagem,200,OK,Teste de Carga - 250 usuarios 1-114,text,true,,6719,420,250,250,https://www.blazedemo.com/purchase.php,371,0,0
1774386519104,3645,1 - Acessar Home,200,OK,Teste de Carga - 250 usuarios 1-113,text,true,,4757,120,250,250,https://www.blazedemo.com/,3635,0,0
1774386519070,3685,1 - Acessar Home,200,OK,Teste de Carga - 250 usuarios 1-83,text,true,,4757,120,250,250,https://www.blazedemo.com/,3673,0,0
1774386522496,260,1 - Acessar Home,200,OK,Teste de Carga - 250 usuarios 1-204,text,true,,4757,120,250,250,https://www.blazedemo.com/,249,0,0
1774386522224,534,1 - Acessar Home,200,OK,Teste de Carga - 250 usuarios 1-183,text,true,,4757,120,250,250,https://www.blazedemo.com/,522,0,0
1774386522502,257,1 - Acessar Home,200,OK,Teste de Carga - 250 usuarios 1-155,text,true,,4757,120,250,250,https://www.blazedemo.com/,245,0,0
1774386522108,657,2 - Escolher Voo,200,OK,Teste de Carga - 250 usuarios 1-203,text,true,,7381,250,250,250,https://www.blazedemo.com/reserve.php,637,0,0
1774386519056,3721,2 - Escolher Voo,200,OK,Teste de Carga - 250 usuarios 1-129,text,true,,7381,250,250,250,https://www.blazedemo.com/reserve.php,3700,0,0
1774386522322,457,1 - Acessar Home,200,OK,Teste de Carga - 250 usuarios 1-134,text,true,,4757,120,250,250,https://www.blazedemo.com/,445,0,0
1774386519032,3750,2 - Escolher Voo,200,OK,Teste de Carga - 250 usuarios 1-181,text,true,,7381,250,250,250,https://www.blazedemo.com/reserve.php,3727,0,0
1774386522530,254,1 - Acessar Home,200,OK,Teste de Carga - 250 usuarios 1-197,text,true,,4757,120,250,250,https://www.blazedemo.com/,244,0,0
1774386522414,371,2 - Escolher Voo,200,OK,Teste de Carga - 250 usuarios 1-178,text,true,,7381,250,250,250,https://www.blazedemo.com/reserve.php,351,0,0
1774386522444,348,1 - Acessar Home,200,OK,Teste de Carga - 250 usuarios 1-92,text,true,,4757,120,250,250,https://www.blazedemo.com/,337,0,0
1774386522088,704,2 - Escolher Voo,200,OK,Teste de Carga - 250 usuarios 1-170,text,true,,7381,250,250,250,https://www.blazedemo.com/reserve.php,681,0,0
1774386522218,579,1 - Acessar Home,200,OK,Teste de Carga - 250 usuarios 1-236,text,true,,4757,120,250,250,https://www.blazedemo.com/,567,0,0
1774386520856,1942,2 - Escolher Voo,200,OK,Teste de Carga - 250 usuarios 1-156,text,true,,7381,250,250,250,https://www.blazedemo.com/reserve.php,1923,0,0
1774386522518,282,2 - Escolher Voo,200,OK,Teste de Carga - 250 usuarios 1-63,text,true,,7381,250,250,250,https://www.blazedemo.com/reserve.php,261,0,0
1774386520642,2169,3 - Comprar Passagem,200,OK,Teste de Carga - 250 usuarios 1-108,text,true,,6719,420,250,250,https://www.blazedemo.com/purchase.php,2158,0,0
1774386522324,487,2 - Escolher Voo,200,OK,Teste de Carga - 250 usuarios 1-188,text,true,,7381,250,250,250,https://www.blazedemo.com/reserve.php,466,0,0
1774386522446,381,2 - Escolher Voo,200,OK,Teste de Carga - 250 usuarios 1-136,text,true,,7381,250,250,250,https://www.blazedemo.com/reserve.php,360,0,0
1774386522469,366,3 - Comprar Passagem,200,OK,Teste de Carga - 250 usuarios 1-165,text,true,,6719,420,250,250,https://www.blazedemo.com/purchase.php,354,0,0
1774386518509,4329,3 - Comprar Passagem,200,OK,Teste de Carga - 250 usuarios 1-177,text,true,,6719,420,250,250,https://www.blazedemo.com/purchase.php,4312,0,0
1774386522518,324,1 - Acessar Home,200,OK,Teste de Carga - 250 usuarios 1-102,text,true,,4757,120,250,250,https://www.blazedemo.com/,313,0,0
1774386522330,514,1 - Acessar Home,200,OK,Teste de Carga - 250 usuarios 1-27,text,true,,4757,120,250,250,https://www.blazedemo.com/,502,0,0
1774386522039,805,2 - Escolher Voo,200,OK,Teste de Carga - 250 usuarios 1-213,text,true,,7381,250,250,250,https://www.blazedemo.com/reserve.php,787,0,0
1774386522266,582,2 - Escolher Voo,200,OK,Teste de Carga - 250 usuarios 1-39,text,true,,7381,250,250,250,https://www.blazedemo.com/reserve.php,564,0,0
1774386522520,335,2 - Escolher Voo,200,OK,Teste de Carga - 250 usuarios 1-216,text,true,,7381,250,250,250,https://www.blazedemo.com/reserve.php,318,0,0
1774386519044,3812,3 - Comprar Passagem,200,OK,Teste de Carga - 250 usuarios 1-28,text,true,,6719,420,250,250,https://www.blazedemo.com/purchase.php,3802,0,0
1774386522588,281,3 - Comprar Passagem,200,OK,Teste de Carga - 250 usuarios 1-49,text,true,,6719,420,250,250,https://www.blazedemo.com/purchase.php,268,0,0
1774386519400,3469,2 - Escolher Voo,200,OK,Teste de Carga - 250 usuarios 1-42,text,true,,7381,250,250,250,https://www.blazedemo.com/reserve.php,3453,0,0
1774386522622,251,1 - Acessar Home,200,OK,Teste de Carga - 250 usuarios 1-148,text,true,,4757,120,250,250,https://www.blazedemo.com/,239,0,0
1774386522226,647,2 - Escolher Voo,200,OK,Teste de Carga - 250 usuarios 1-127,text,true,,7381,250,250,250,https://www.blazedemo.com/reserve.php,627,0,0
1774386519412,3463,2 - Escolher Voo,200,OK,Teste de Carga - 250 usuarios 1-37,text,true,,7381,250,250,250,https://www.blazedemo.com/reserve.php,3443,0,0
1774386522524,364,2 - Escolher Voo,200,OK,Teste de Carga - 250 usuarios 1-65,text,true,,7381,250,250,250,https://www.blazedemo.com/reserve.php,348,0,0
1774386522528,364,3 - Comprar Passagem,200,OK,Teste de Carga - 250 usuarios 1-38,text,true,,6719,420,250,250,https://www.blazedemo.com/purchase.php,353,0,0
1774386522604,296,2 - Escolher Voo,200,OK,Teste de Carga - 250 usuarios 1-121,text,true,,7381,250,250,250,https://www.blazedemo.com/reserve.php,277,0,0
1774386519250,3653,1 - Acessar Home,200,OK,Teste de Carga - 250 usuarios 1-47,text,true,,4757,120,250,250,https://www.blazedemo.com/,3642,0,0
1774386522155,752,3 - Comprar Passagem,200,OK,Teste de Carga - 250 usuarios 1-232,text,true,,6719,420,250,250,https://www.blazedemo.com/purchase.php,740,0,0
1774386522545,369,2 - Escolher Voo,200,OK,Teste de Carga - 250 usuarios 1-52,text,true,,7381,250,250,250,https://www.blazedemo.com/reserve.php,352,0,0
1774386519569,3348,1 - Acessar Home,200,OK,Teste de Carga - 250 usuarios 1-23,text,true,,4757,120,250,250,https://www.blazedemo.com/,3336,0,0
1774386522421,497,3 - Comprar Passagem,200,OK,Teste de Carga - 250 usuarios 1-94,text,true,,6719,420,250,250,https://www.blazedemo.com/purchase.php,484,0,0
1774386522538,380,3 - Comprar Passagem,200,OK,Teste de Carga - 250 usuarios 1-16,text,true,,6719,420,250,250,https://www.blazedemo.com/purchase.php,367,0,0
1774386522162,770,2 - Escolher Voo,200,OK,Teste de Carga - 250 usuarios 1-77,text,true,,7381,250,250,250,https://www.blazedemo.com/reserve.php,755,0,0
1774386522332,600,2 - Escolher Voo,200,OK,Teste de Carga - 250 usuarios 1-74,text,true,,7381,250,250,250,https://www.blazedemo.com/reserve.php,578,0,0
1774386522569,365,3 - Comprar Passagem,200,OK,Teste de Carga - 250 usuarios 1-123,text,true,,6719,420,250,250,https://www.blazedemo.com/purchase.php,353,0,0
1774386519128,3810,3 - Comprar Passagem,200,OK,Teste de Carga - 250 usuarios 1-225,text,true,,6719,420,250,250,https://www.blazedemo.com/purchase.php,3799,0,0
1774386522673,267,1 - Acessar Home,200,OK,Teste de Carga - 250 usuarios 1-82,text,true,,4757,120,250,250,https://www.blazedemo.com/,256,0,0
1774386522512,428,2 - Escolher Voo,200,OK,Teste de Carga - 250 usuarios 1-230,text,true,,7381,250,250,250,https://www.blazedemo.com/reserve.php,412,0,0
1774386522163,779,1 - Acessar Home,200,OK,Teste de Carga - 250 usuarios 1-72,text,true,,4757,120,250,250,https://www.blazedemo.com/,768,0,0
1774386522359,583,3 - Comprar Passagem,200,OK,Teste de Carga - 250 usuarios 1-24,text,true,,6719,420,250,250,https://www.blazedemo.com/purchase.php,571,0,0
1774386522691,258,3 - Comprar Passagem,200,OK,Teste de Carga - 250 usuarios 1-132,text,true,,6719,420,250,250,https://www.blazedemo.com/purchase.php,246,0,0
1774386522691,270,3 - Comprar Passagem,200,OK,Teste de Carga - 250 usuarios 1-218,text,true,,6719,420,250,250,https://www.blazedemo.com/purchase.php,258,0,0
1774386522635,329,3 - Comprar Passagem,200,OK,Teste de Carga - 250 usuarios 1-179,text,true,,6719,420,250,250,https://www.blazedemo.com/purchase.php,318,0,0
1774386522403,561,2 - Escolher Voo,200,OK,Teste de Carga - 250 usuarios 1-159,text,true,,7381,250,250,250,https://www.blazedemo.com/reserve.php,540,0,0
1774386522664,300,1 - Acessar Home,200,OK,Teste de Carga - 250 usuarios 1-169,text,true,,4757,120,250,250,https://www.blazedemo.com/,289,0,0
1774386522648,318,1 - Acessar Home,200,OK,Teste de Carga - 250 usuarios 1-208,text,true,,4757,120,250,250,https://www.blazedemo.com/,307,0,0
1774386522298,677,1 - Acessar Home,200,OK,Teste de Carga - 250 usuarios 1-10,text,true,,4757,120,250,250,https://www.blazedemo.com/,666,0,0
1774386521188,1791,2 - Escolher Voo,200,OK,Teste de Carga - 250 usuarios 1-57,text,true,,7381,250,250,250,https://www.blazedemo.com/reserve.php,1773,0,0
1774386519522,3457,2 - Escolher Voo,200,OK,Teste de Carga - 250 usuarios 1-64,text,true,,7381,250,250,250,https://www.blazedemo.com/reserve.php,3437,0,0
1774386519433,3552,2 - Escolher Voo,200,OK,Teste de Carga - 250 usuarios 1-192,text,true,,7381,250,250,250,https://www.blazedemo.com/reserve.php,3531,0,0
1774386521205,1781,3 - Comprar Passagem,200,OK,Teste de Carga - 250 usuarios 1-5,text,true,,6719,420,250,250,https://www.blazedemo.com/purchase.php,1769,0,0
1774386522324,665,3 - Comprar Passagem,200,OK,Teste de Carga - 250 usuarios 1-193,text,true,,6719,420,250,250,https://www.blazedemo.com/purchase.php,649,0,0
1774386519653,3336,1 - Acessar Home,200,OK,Teste de Carga - 250 usuarios 1-174,text,true,,4757,120,250,250,https://www.blazedemo.com/,3325,0,0
1774386522390,608,1 - Acessar Home,200,OK,Teste de Carga - 250 usuarios 1-226,text,true,,4757,120,250,250,https://www.blazedemo.com/,595,0,0
1774386522399,604,1 - Acessar Home,200,OK,Teste de Carga - 250 usuarios 1-22,text,true,,4757,120,250,250,https://www.blazedemo.com/,593,0,0
1774386522695,315,3 - Comprar Passagem,200,OK,Teste de Carga - 250 usuarios 1-245,text,true,,6719,420,250,250,https://www.blazedemo.com/purchase.php,298,0,0
1774386522591,424,1 - Acessar Home,200,OK,Teste de Carga - 250 usuarios 1-176,text,true,,4757,120,250,250,https://www.blazedemo.com/,412,0,0
1774386522749,266,2 - Escolher Voo,200,OK,Teste de Carga - 250 usuarios 1-113,text,true,,7381,250,250,250,https://www.blazedemo.com/reserve.php,246,0,0
1774386522358,667,3 - Comprar Passagem,200,OK,Teste de Carga - 250 usuarios 1-235,text,true,,6719,420,250,250,https://www.blazedemo.com/purchase.php,654,0,0
1774386522561,465,1 - Acessar Home,200,OK,Teste de Carga - 250 usuarios 1-89,text,true,,4757,120,250,250,https://www.blazedemo.com/,453,0,0
1774386522606,433,2 - Escolher Voo,200,OK,Teste de Carga - 250 usuarios 1-73,text,true,,7381,250,250,250,https://www.blazedemo.com/reserve.php,414,0,0
1774386522765,278,3 - Comprar Passagem,200,OK,Teste de Carga - 250 usuarios 1-203,text,true,,6719,420,250,250,https://www.blazedemo.com/purchase.php,266,0,0
1774386522298,750,2 - Escolher Voo,200,OK,Teste de Carga - 250 usuarios 1-206,text,true,,7381,250,250,250,https://www.blazedemo.com/reserve.php,730,0,0
1774386522584,467,1 - Acessar Home,200,OK,Teste de Carga - 250 usuarios 1-207,text,true,,4757,120,250,250,https://www.blazedemo.com/,454,0,0
1774386522755,297,2 - Escolher Voo,200,OK,Teste de Carga - 250 usuarios 1-83,text,true,,7381,250,250,250,https://www.blazedemo.com/reserve.php,276,0,0
1774386522811,241,3 - Comprar Passagem,200,OK,Teste de Carga - 250 usuarios 1-188,text,true,,6719,420,250,250,https://www.blazedemo.com/purchase.php,229,0,0
1774386522418,635,2 - Escolher Voo,200,OK,Teste de Carga - 250 usuarios 1-33,text,true,,7381,250,250,250,https://www.blazedemo.com/reserve.php,615,0,0
1774386518647,4407,1 - Acessar Home,200,OK,Teste de Carga - 250 usuarios 1-175,text,true,,4757,120,250,250,https://www.blazedemo.com/,4395,0,0
1774386519754,3305,2 - Escolher Voo,200,OK,Teste de Carga - 250 usuarios 1-88,text,true,,7381,250,250,250,https://www.blazedemo.com/reserve.php,3288,0,0
1774386522435,627,3 - Comprar Passagem,200,OK,Teste de Carga - 250 usuarios 1-131,text,true,,6719,420,250,250,https://www.blazedemo.com/purchase.php,614,0,0
1774386522631,433,3 - Comprar Passagem,200,OK,Teste de Carga - 250 usuarios 1-91,text,true,,6719,420,250,250,https://www.blazedemo.com/purchase.php,416,0,0
1774386522785,279,3 - Comprar Passagem,200,OK,Teste de Carga - 250 usuarios 1-178,text,true,,6719,420,250,250,https://www.blazedemo.com/purchase.php,258,0,0
1774386522362,705,3 - Comprar Passagem,200,OK,Teste de Carga - 250 usuarios 1-172,text,true,,6719,420,250,250,https://www.blazedemo.com/purchase.php,694,0,0
1774386522792,277,2 - Escolher Voo,200,OK,Teste de Carga - 250 usuarios 1-92,text,true,,7381,250,250,250,https://www.blazedemo.com/reserve.php,259,0,0
1774386519543,3532,3 - Comprar Passagem,200,OK,Teste de Carga - 250 usuarios 1-69,text,true,,6719,420,250,250,https://www.blazedemo.com/purchase.php,3520,0,0
1774386522798,279,3 - Comprar Passagem,200,OK,Teste de Carga - 250 usuarios 1-156,text,true,,6719,420,250,250,https://www.blazedemo.com/purchase.php,266,0,0
1774386522469,608,2 - Escolher Voo,200,OK,Teste de Carga - 250 usuarios 1-79,text,true,,7381,250,250,250,https://www.blazedemo.com/reserve.php,588,0,0
1774386519685,3392,2 - Escolher Voo,200,OK,Teste de Carga - 250 usuarios 1-221,text,true,,7381,250,250,250,https://www.blazedemo.com/reserve.php,3372,0,0
1774386519662,3422,1 - Acessar Home,200,OK,Teste de Carga - 250 usuarios 1-71,text,true,,4757,120,250,250,https://www.blazedemo.com/,3410,0,0
1774386522784,306,2 - Escolher Voo,200,OK,Teste de Carga - 250 usuarios 1-197,text,true,,7381,250,250,250,https://www.blazedemo.com/reserve.php,285,0,0
1774386521352,1742,2 - Escolher Voo,200,OK,Teste de Carga - 250 usuarios 1-66,text,true,,7381,250,250,250,https://www.blazedemo.com/reserve.php,1722,0,0
1774386522586,520,2 - Escolher Voo,200,OK,Teste de Carga - 250 usuarios 1-185,text,true,,7381,250,250,250,https://www.blazedemo.com/reserve.php,500,0,0
1774386522630,489,1 - Acessar Home,200,OK,Teste de Carga - 250 usuarios 1-86,text,true,,4757,120,250,250,https://www.blazedemo.com/,477,0,0
1774386522229,890,1 - Acessar Home,200,OK,Teste de Carga - 250 usuarios 1-240,text,true,,4757,120,250,250,https://www.blazedemo.com/,878,0,0
1774386522640,489,2 - Escolher Voo,200,OK,Teste de Carga - 250 usuarios 1-140,text,true,,7381,250,250,250,https://www.blazedemo.com/reserve.php,470,0,0
1774386522857,274,1 - Acessar Home,200,OK,Teste de Carga - 250 usuarios 1-28,text,true,,4757,120,250,250,https://www.blazedemo.com/,263,0,0
1774386522848,285,3 - Comprar Passagem,200,OK,Teste de Carga - 250 usuarios 1-39,text,true,,6719,420,250,250,https://www.blazedemo.com/purchase.php,273,0,0
1774386522875,262,3 - Comprar Passagem,200,OK,Teste de Carga - 250 usuarios 1-37,text,true,,6719,420,250,250,https://www.blazedemo.com/purchase.php,251,0,0
1774386522782,357,3 - Comprar Passagem,200,OK,Teste de Carga - 250 usuarios 1-181,text,true,,6719,420,250,250,https://www.blazedemo.com/purchase.php,344,0,0
1774386522797,351,2 - Escolher Voo,200,OK,Teste de Carga - 250 usuarios 1-236,text,true,,7381,250,250,250,https://www.blazedemo.com/reserve.php,330,0,0
1774386522517,631,2 - Escolher Voo,200,OK,Teste de Carga - 250 usuarios 1-18,text,true,,7381,250,250,250,https://www.blazedemo.com/reserve.php,610,0,0
1774386522800,352,3 - Comprar Passagem,200,OK,Teste de Carga - 250 usuarios 1-63,text,true,,6719,420,250,250,https://www.blazedemo.com/purchase.php,341,0,0
1774386519409,3750,2 - Escolher Voo,200,OK,Teste de Carga - 250 usuarios 1-182,text,true,,7381,250,250,250,https://www.blazedemo.com/reserve.php,3729,0,0
1774386522726,434,2 - Escolher Voo,200,OK,Teste de Carga - 250 usuarios 1-195,text,true,,7381,250,250,250,https://www.blazedemo.com/reserve.php,412,0,0
1774386522855,305,3 - Comprar Passagem,200,OK,Teste de Carga - 250 usuarios 1-216,text,true,,6719,420,250,250,https://www.blazedemo.com/purchase.php,293,0,0
1774386522869,294,3 - Comprar Passagem,200,OK,Teste de Carga - 250 usuarios 1-42,text,true,,6719,420,250,250,https://www.blazedemo.com/purchase.php,281,0,0
1774386519002,4164,1 - Acessar Home,200,OK,Teste de Carga - 250 usuarios 1-190,text,true,,4757,120,250,250,https://www.blazedemo.com/,4152,0,0
1774386519433,3735,3 - Comprar Passagem,200,OK,Teste de Carga - 250 usuarios 1-7,text,true,,6719,420,250,250,https://www.blazedemo.com/purchase.php,3723,0,0
1774386519656,3514,1 - Acessar Home,200,OK,Teste de Carga - 250 usuarios 1-217,text,true,,4757,120,250,250,https://www.blazedemo.com/,3501,0,0
1774386522759,415,2 - Escolher Voo,200,OK,Teste de Carga - 250 usuarios 1-155,text,true,,7381,250,250,250,https://www.blazedemo.com/reserve.php,395,0,0
1774386522903,271,2 - Escolher Voo,200,OK,Teste de Carga - 250 usuarios 1-47,text,true,,7381,250,250,250,https://www.blazedemo.com/reserve.php,255,0,0
1774386522358,834,2 - Escolher Voo,200,OK,Teste de Carga - 250 usuarios 1-228,text,true,,7381,250,250,250,https://www.blazedemo.com/reserve.php,812,0,0
1774386522892,304,1 - Acessar Home,200,OK,Teste de Carga - 250 usuarios 1-38,text,true,,4757,120,250,250,https://www.blazedemo.com/,285,0,0
1774386521592,1625,3 - Comprar Passagem,200,OK,Teste de Carga - 250 usuarios 1-44,text,true,,6719,420,250,250,https://www.blazedemo.com/purchase.php,1613,0,0
1774386522844,374,3 - Comprar Passagem,200,OK,Teste de Carga - 250 usuarios 1-213,text,true,,6719,420,250,250,https://www.blazedemo.com/purchase.php,363,0,0
1774386522838,384,1 - Acessar Home,200,OK,Teste de Carga - 250 usuarios 1-177,text,true,,4757,120,250,250,https://www.blazedemo.com/,373,0,0
1774386522214,1011,2 - Escolher Voo,200,OK,Teste de Carga - 250 usuarios 1-96,text,true,,7381,250,250,250,https://www.blazedemo.com/reserve.php,991,0,0
1774386522836,392,1 - Acessar Home,200,OK,Teste de Carga - 250 usuarios 1-165,text,true,,4757,120,250,250,https://www.blazedemo.com/,379,0,0
1774386522869,359,1 - Acessar Home,200,OK,Teste de Carga - 250 usuarios 1-49,text,true,,4757,120,250,250,https://www.blazedemo.com/,346,0,0
1774386522964,264,1 - Acessar Home,200,OK,Teste de Carga - 250 usuarios 1-179,text,true,,4757,120,250,250,https://www.blazedemo.com/,253,0,0
1774386522873,360,3 - Comprar Passagem,200,OK,Teste de Carga - 250 usuarios 1-127,text,true,,6719,420,250,250,https://www.blazedemo.com/purchase.php,345,0,0
1774386522551,697,2 - Escolher Voo,200,OK,Teste de Carga - 250 usuarios 1-109,text,true,,7381,250,250,250,https://www.blazedemo.com/reserve.php,677,0,0
1774386522777,472,3 - Comprar Passagem,200,OK,Teste de Carga - 250 usuarios 1-129,text,true,,6719,420,250,250,https://www.blazedemo.com/purchase.php,460,0,0
1774386522949,301,1 - Acessar Home,200,OK,Teste de Carga - 250 usuarios 1-132,text,true,,4757,120,250,250,https://www.blazedemo.com/,288,0,0
1774386522430,823,1 - Acessar Home,200,OK,Teste de Carga - 250 usuarios 1-145,text,true,,4757,120,250,250,https://www.blazedemo.com/,811,0,0
1774386522811,445,1 - Acessar Home,200,OK,Teste de Carga - 250 usuarios 1-108,text,true,,4757,120,250,250,https://www.blazedemo.com/,434,0,0
1774386521592,1664,2 - Escolher Voo,200,OK,Teste de Carga - 250 usuarios 1-166,text,true,,7381,250,250,250,https://www.blazedemo.com/reserve.php,1644,0,0
1774386522844,418,2 - Escolher Voo,200,OK,Teste de Carga - 250 usuarios 1-27,text,true,,7381,250,250,250,https://www.blazedemo.com/reserve.php,397,0,0
1774386519488,3774,2 - Escolher Voo,200,OK,Teste de Carga - 250 usuarios 1-35,text,true,,7381,250,250,250,https://www.blazedemo.com/reserve.php,3754,0,0
1774386522986,277,1 - Acessar Home,200,OK,Teste de Carga - 250 usuarios 1-5,text,true,,4757,120,250,250,https://www.blazedemo.com/,265,0,0
1774386519093,4173,3 - Comprar Passagem,200,OK,Teste de Carga - 250 usuarios 1-99,text,true,,6719,420,250,250,https://www.blazedemo.com/purchase.php,4161,0,0
1774386522966,301,2 - Escolher Voo,200,OK,Teste de Carga - 250 usuarios 1-208,text,true,,7381,250,250,250,https://www.blazedemo.com/reserve.php,284,0,0
1774386522608,663,3 - Comprar Passagem,200,OK,Teste de Carga - 250 usuarios 1-152,text,true,,6719,420,250,250,https://www.blazedemo.com/purchase.php,651,0,0
1774386519537,3743,3 - Comprar Passagem,200,OK,Teste de Carga - 250 usuarios 1-56,text,true,,6719,420,250,250,https://www.blazedemo.com/purchase.php,3728,0,0
1774386523025,257,1 - Acessar Home,200,OK,Teste de Carga - 250 usuarios 1-235,text,true,,4757,120,250,250,https://www.blazedemo.com/,246,0,0
1774386523010,277,1 - Acessar Home,200,OK,Teste de Carga - 250 usuarios 1-245,text,true,,4757,120,250,250,https://www.blazedemo.com/,265,0,0
1774386522938,349,1 - Acessar Home,200,OK,Teste de Carga - 250 usuarios 1-225,text,true,,4757,120,250,250,https://www.blazedemo.com/,337,0,0
1774386522627,660,3 - Comprar Passagem,200,OK,Teste de Carga - 250 usuarios 1-120,text,true,,6719,420,250,250,https://www.blazedemo.com/purchase.php,648,0,0
1774386522989,303,2 - Escolher Voo,200,OK,Teste de Carga - 250 usuarios 1-174,text,true,,7381,250,250,250,https://www.blazedemo.com/reserve.php,283,0,0
1774386522914,378,3 - Comprar Passagem,200,OK,Teste de Carga - 250 usuarios 1-52,text,true,,6719,420,250,250,https://www.blazedemo.com/purchase.php,366,0,0
1774386519685,3618,2 - Escolher Voo,200,OK,Teste de Carga - 250 usuarios 1-248,text,true,,7381,250,250,250,https://www.blazedemo.com/reserve.php,3598,0,0
1774386523051,257,2 - Escolher Voo,200,OK,Teste de Carga - 250 usuarios 1-207,text,true,,7381,250,250,250,https://www.blazedemo.com/reserve.php,236,0,0
1774386522245,1075,1 - Acessar Home,200,OK,Teste de Carga - 250 usuarios 1-231,text,true,,4757,120,250,250,https://www.blazedemo.com/,1063,0,0
1774386522932,391,3 - Comprar Passagem,200,OK,Teste de Carga - 250 usuarios 1-74,text,true,,6719,420,250,250,https://www.blazedemo.com/purchase.php,379,0,0
1774386522428,897,3 - Comprar Passagem,200,OK,Teste de Carga - 250 usuarios 1-50,text,true,,6719,420,250,250,https://www.blazedemo.com/purchase.php,886,0,0
1774386520166,3164,2 - Escolher Voo,200,OK,Teste de Carga - 250 usuarios 1-70,text,true,,7381,250,250,250,https://www.blazedemo.com/reserve.php,3143,0,0
1774386523064,267,1 - Acessar Home,200,OK,Teste de Carga - 250 usuarios 1-178,text,true,,4757,120,250,250,https://www.blazedemo.com/,254,0,0
1774386522655,677,2 - Escolher Voo,200,OK,Teste de Carga - 250 usuarios 1-222,text,true,,7381,250,250,250,https://www.blazedemo.com/reserve.php,657,0,0
1774386522942,392,2 - Escolher Voo,200,OK,Teste de Carga - 250 usuarios 1-72,text,true,,7381,250,250,250,https://www.blazedemo.com/reserve.php,372,0,0
1774386523054,282,2 - Escolher Voo,200,OK,Teste de Carga - 250 usuarios 1-175,text,true,,7381,250,250,250,https://www.blazedemo.com/reserve.php,261,0,0
1774386522907,429,1 - Acessar Home,200,OK,Teste de Carga - 250 usuarios 1-232,text,true,,4757,120,250,250,https://www.blazedemo.com/,417,0,0
1774386523067,273,1 - Acessar Home,200,OK,Teste de Carga - 250 usuarios 1-172,text,true,,4757,120,250,250,https://www.blazedemo.com/,260,0,0
1774386523052,296,3 - Comprar Passagem,200,OK,Teste de Carga - 250 usuarios 1-83,text,true,,6719,420,250,250,https://www.blazedemo.com/purchase.php,284,0,0
1774386522668,681,2 - Escolher Voo,200,OK,Teste de Carga - 250 usuarios 1-214,text,true,,7381,250,250,250,https://www.blazedemo.com/reserve.php,661,0,0
1774386522961,395,1 - Acessar Home,200,OK,Teste de Carga - 250 usuarios 1-218,text,true,,4757,120,250,250,https://www.blazedemo.com/,383,0,0
1774386521639,1726,3 - Comprar Passagem,200,OK,Teste de Carga - 250 usuarios 1-12,text,true,,6719,420,250,250,https://www.blazedemo.com/purchase.php,1713,0,0
1774386522942,429,1 - Acessar Home,200,OK,Teste de Carga - 250 usuarios 1-24,text,true,,4757,120,250,250,https://www.blazedemo.com/,417,0,0
1774386522253,1118,1 - Acessar Home,200,OK,Teste de Carga - 250 usuarios 1-100,text,true,,4757,120,250,250,https://www.blazedemo.com/,1106,0,0
1774386522900,473,3 - Comprar Passagem,200,OK,Teste de Carga - 250 usuarios 1-121,text,true,,6719,420,250,250,https://www.blazedemo.com/purchase.php,456,0,0
1774386519207,4167,2 - Escolher Voo,200,OK,Teste de Carga - 250 usuarios 1-124,text,true,,7381,250,250,250,https://www.blazedemo.com/reserve.php,4147,0,0
1774386519598,3777,2 - Escolher Voo,200,OK,Teste de Carga - 250 usuarios 1-147,text,true,,7381,250,250,250,https://www.blazedemo.com/reserve.php,3760,0,0
1774386523043,333,1 - Acessar Home,200,OK,Teste de Carga - 250 usuarios 1-203,text,true,,4757,120,250,250,https://www.blazedemo.com/,322,0,0
1774386523133,246,1 - Acessar Home,200,OK,Teste de Carga - 250 usuarios 1-39,text,true,,4757,120,250,250,https://www.blazedemo.com/,235,0,0
1774386523015,368,3 - Comprar Passagem,200,OK,Teste de Carga - 250 usuarios 1-113,text,true,,6719,420,250,250,https://www.blazedemo.com/purchase.php,353,0,0
1774386519811,3583,1 - Acessar Home,200,OK,Teste de Carga - 250 usuarios 1-21,text,true,,4757,120,250,250,https://www.blazedemo.com/,3572,0,0
1774386522717,679,3 - Comprar Passagem,200,OK,Teste de Carga - 250 usuarios 1-14,text,true,,6719,420,250,250,https://www.blazedemo.com/purchase.php,662,0,0
1774386523139,258,1 - Acessar Home,200,OK,Teste de Carga - 250 usuarios 1-181,text,true,,4757,120,250,250,https://www.blazedemo.com/,245,0,0
1774386523119,280,2 - Escolher Voo,200,OK,Teste de Carga - 250 usuarios 1-240,text,true,,7381,250,250,250,https://www.blazedemo.com/reserve.php,263,0,0
1774386522985,419,3 - Comprar Passagem,200,OK,Teste de Carga - 250 usuarios 1-192,text,true,,6719,420,250,250,https://www.blazedemo.com/purchase.php,403,0,0
1774386522452,958,2 - Escolher Voo,200,OK,Teste de Carga - 250 usuarios 1-105,text,true,,7381,250,250,250,https://www.blazedemo.com/reserve.php,937,0,0
1774386522756,655,2 - Escolher Voo,200,OK,Teste de Carga - 250 usuarios 1-204,text,true,,7381,250,250,250,https://www.blazedemo.com/reserve.php,638,0,0
1774386523137,275,1 - Acessar Home,200,OK,Teste de Carga - 250 usuarios 1-37,text,true,,4757,120,250,250,https://www.blazedemo.com/,264,0,0
1774386522934,478,1 - Acessar Home,200,OK,Teste de Carga - 250 usuarios 1-123,text,true,,4757,120,250,250,https://www.blazedemo.com/,467,0,0
1774386523160,256,3 - Comprar Passagem,200,OK,Teste de Carga - 250 usuarios 1-195,text,true,,6719,420,250,250,https://www.blazedemo.com/purchase.php,244,0,0
1774386523094,324,3 - Comprar Passagem,200,OK,Teste de Carga - 250 usuarios 1-66,text,true,,6719,420,250,250,https://www.blazedemo.com/purchase.php,308,0,0
1774386523015,416,2 - Escolher Voo,200,OK,Teste de Carga - 250 usuarios 1-176,text,true,,7381,250,250,250,https://www.blazedemo.com/reserve.php,396,0,0
1774386522932,511,3 - Comprar Passagem,200,OK,Teste de Carga - 250 usuarios 1-77,text,true,,6719,420,250,250,https://www.blazedemo.com/purchase.php,498,0,0
1774386523026,421,2 - Escolher Voo,200,OK,Teste de Carga - 250 usuarios 1-89,text,true,,7381,250,250,250,https://www.blazedemo.com/reserve.php,401,0,0
1774386522917,533,2 - Escolher Voo,200,OK,Teste de Carga - 250 usuarios 1-23,text,true,,7381,250,250,250,https://www.blazedemo.com/reserve.php,512,0,0
1774386519363,4100,1 - Acessar Home,200,OK,Teste de Carga - 250 usuarios 1-246,text,true,,4757,120,250,250,https://www.blazedemo.com/,4089,0,0
1774386523064,400,1 - Acessar Home,200,OK,Teste de Carga - 250 usuarios 1-91,text,true,,4757,120,250,250,https://www.blazedemo.com/,391,0,0
1774386520501,2963,1 - Acessar Home,200,OK,Teste de Carga - 250 usuarios 1-198,text,true,,4757,120,250,250,https://www.blazedemo.com/,2955,0,0
1774386522414,1051,3 - Comprar Passagem,200,OK,Teste de Carga - 250 usuarios 1-8,text,true,,6719,420,250,250,https://www.blazedemo.com/purchase.php,1039,0,0
1774386522411,1055,2 - Escolher Voo,200,OK,Teste de Carga - 250 usuarios 1-161,text,true,,7381,250,250,250,https://www.blazedemo.com/reserve.php,1034,0,0
1774386523069,397,3 - Comprar Passagem,200,OK,Teste de Carga - 250 usuarios 1-92,text,true,,6719,420,250,250,https://www.blazedemo.com/purchase.php,386,0,0
1774386523166,306,2 - Escolher Voo,200,OK,Teste de Carga - 250 usuarios 1-190,text,true,,7381,250,250,250,https://www.blazedemo.com/reserve.php,285,0,0
1774386521708,1766,1 - Acessar Home,200,OK,Teste de Carga - 250 usuarios 1-151,text,true,,4757,120,250,250,https://www.blazedemo.com/,1753,0,0
1774386523062,416,1 - Acessar Home,200,OK,Teste de Carga - 250 usuarios 1-131,text,true,,4757,120,250,250,https://www.blazedemo.com/,405,0,0
1774386523233,250,1 - Acessar Home,200,OK,Teste de Carga - 250 usuarios 1-127,text,true,,4757,120,250,250,https://www.blazedemo.com/,238,0,0
1774386522594,890,1 - Acessar Home,200,OK,Teste de Carga - 250 usuarios 1-187,text,true,,4757,120,250,250,https://www.blazedemo.com/,878,0,0
1774386523148,339,3 - Comprar Passagem,200,OK,Teste de Carga - 250 usuarios 1-18,text,true,,6719,420,250,250,https://www.blazedemo.com/purchase.php,324,0,0
1774386523077,412,3 - Comprar Passagem,200,OK,Teste de Carga - 250 usuarios 1-79,text,true,,6719,420,250,250,https://www.blazedemo.com/purchase.php,400,0,0
1774386519883,3615,3 - Comprar Passagem,200,OK,Teste de Carga - 250 usuarios 1-97,text,true,,6719,420,250,250,https://www.blazedemo.com/purchase.php,3603,0,0
1774386523053,446,3 - Comprar Passagem,200,OK,Teste de Carga - 250 usuarios 1-33,text,true,,6719,420,250,250,https://www.blazedemo.com/purchase.php,434,0,0
1774386520509,2999,2 - Escolher Voo,200,OK,Teste de Carga - 250 usuarios 1-154,text,true,,7381,250,250,250,https://www.blazedemo.com/reserve.php,2978,0,0
1774386523090,419,3 - Comprar Passagem,200,OK,Teste de Carga - 250 usuarios 1-197,text,true,,6719,420,250,250,https://www.blazedemo.com/purchase.php,407,0,0
1774386523159,350,3 - Comprar Passagem,200,OK,Teste de Carga - 250 usuarios 1-182,text,true,,6719,420,250,250,https://www.blazedemo.com/purchase.php,334,0,0
1774386523075,437,1 - Acessar Home,200,OK,Teste de Carga - 250 usuarios 1-69,text,true,,4757,120,250,250,https://www.blazedemo.com/,424,0,0
1774386519790,3729,3 - Comprar Passagem,200,OK,Teste de Carga - 250 usuarios 1-137,text,true,,6719,420,250,250,https://www.blazedemo.com/purchase.php,3716,0,0
1774386523039,482,3 - Comprar Passagem,200,OK,Teste de Carga - 250 usuarios 1-73,text,true,,6719,420,250,250,https://www.blazedemo.com/purchase.php,467,0,0
1774386523249,278,1 - Acessar Home,200,OK,Teste de Carga - 250 usuarios 1-129,text,true,,4757,120,250,250,https://www.blazedemo.com/,267,0,0
1774386523192,345,3 - Comprar Passagem,200,OK,Teste de Carga - 250 usuarios 1-228,text,true,,6719,420,250,250,https://www.blazedemo.com/purchase.php,333,0,0
1774386523174,372,3 - Comprar Passagem,200,OK,Teste de Carga - 250 usuarios 1-47,text,true,,6719,420,250,250,https://www.blazedemo.com/purchase.php,359,0,0
1774386522403,1154,1 - Acessar Home,200,OK,Teste de Carga - 250 usuarios 1-78,text,true,,4757,120,250,250,https://www.blazedemo.com/,1142,0,0
1774386522628,929,2 - Escolher Voo,200,OK,Teste de Carga - 250 usuarios 1-98,text,true,,7381,250,250,250,https://www.blazedemo.com/reserve.php,909,0,0
1774386523228,333,2 - Escolher Voo,200,OK,Teste de Carga - 250 usuarios 1-179,text,true,,7381,250,250,250,https://www.blazedemo.com/reserve.php,312,0,0
1774386523292,270,1 - Acessar Home,200,OK,Teste de Carga - 250 usuarios 1-52,text,true,,4757,120,250,250,https://www.blazedemo.com/,258,0,0
1774386521736,1826,1 - Acessar Home,200,OK,Teste de Carga - 250 usuarios 1-133,text,true,,4757,120,250,250,https://www.blazedemo.com/,1815,0,0
1774386523248,316,3 - Comprar Passagem,200,OK,Teste de Carga - 250 usuarios 1-109,text,true,,6719,420,250,250,https://www.blazedemo.com/purchase.php,306,0,0
1774386523287,283,2 - Escolher Voo,200,OK,Teste de Carga - 250 usuarios 1-245,text,true,,7381,250,250,250,https://www.blazedemo.com/reserve.php,262,0,0
1774386523253,317,2 - Escolher Voo,200,OK,Teste de Carga - 250 usuarios 1-145,text,true,,7381,250,250,250,https://www.blazedemo.com/reserve.php,297,0,0
1774386523225,348,3 - Comprar Passagem,200,OK,Teste de Carga - 250 usuarios 1-96,text,true,,6719,420,250,250,https://www.blazedemo.com/purchase.php,336,0,0
1774386523217,359,1 - Acessar Home,200,OK,Teste de Carga - 250 usuarios 1-44,text,true,,4757,120,250,250,https://www.blazedemo.com/,347,0,0
1774386523174,405,3 - Comprar Passagem,200,OK,Teste de Carga - 250 usuarios 1-155,text,true,,6719,420,250,250,https://www.blazedemo.com/purchase.php,394,0,0
1774386519417,4166,3 - Comprar Passagem,200,OK,Teste de Carga - 250 usuarios 1-122,text,true,,6719,420,250,250,https://www.blazedemo.com/purchase.php,4155,0,0
1774386523256,327,3 - Comprar Passagem,200,OK,Teste de Carga - 250 usuarios 1-166,text,true,,6719,420,250,250,https://www.blazedemo.com/purchase.php,314,0,0
1774386523340,248,2 - Escolher Voo,200,OK,Teste de Carga - 250 usuarios 1-172,text,true,,7381,250,250,250,https://www.blazedemo.com/reserve.php,228,0,0
1774386519949,3653,2 - Escolher Voo,200,OK,Teste de Carga - 250 usuarios 1-130,text,true,,7381,250,250,250,https://www.blazedemo.com/reserve.php,3632,0,0
1774386520585,3018,2 - Escolher Voo,200,OK,Teste de Carga - 250 usuarios 1-186,text,true,,7381,250,250,250,https://www.blazedemo.com/reserve.php,3001,0,0
1774386523132,472,2 - Escolher Voo,200,OK,Teste de Carga - 250 usuarios 1-28,text,true,,7381,250,250,250,https://www.blazedemo.com/reserve.php,452,0,0
1774386523052,555,1 - Acessar Home,200,OK,Teste de Carga - 250 usuarios 1-188,text,true,,4757,120,250,250,https://www.blazedemo.com/,543,0,0
1774386523282,329,2 - Escolher Voo,200,OK,Teste de Carga - 250 usuarios 1-235,text,true,,7381,250,250,250,https://www.blazedemo.com/reserve.php,308,0,0
1774386523222,389,2 - Escolher Voo,200,OK,Teste de Carga - 250 usuarios 1-177,text,true,,7381,250,250,250,https://www.blazedemo.com/reserve.php,372,0,0
1774386519856,3756,2 - Escolher Voo,200,OK,Teste de Carga - 250 usuarios 1-11,text,true,,7381,250,250,250,https://www.blazedemo.com/reserve.php,3736,0,0
1774386522646,978,1 - Acessar Home,200,OK,Teste de Carga - 250 usuarios 1-144,text,true,,4757,120,250,250,https://www.blazedemo.com/,966,0,0
1774386523303,323,3 - Comprar Passagem,200,OK,Teste de Carga - 250 usuarios 1-248,text,true,,6719,420,250,250,https://www.blazedemo.com/purchase.php,306,0,0
1774386523228,405,2 - Escolher Voo,200,OK,Teste de Carga - 250 usuarios 1-49,text,true,,7381,250,250,250,https://www.blazedemo.com/reserve.php,385,0,0
1774386523396,242,1 - Acessar Home,200,OK,Teste de Carga - 250 usuarios 1-14,text,true,,4757,120,250,250,https://www.blazedemo.com/,229,0,0
1774386523356,285,2 - Escolher Voo,200,OK,Teste de Carga - 250 usuarios 1-218,text,true,,7381,250,250,250,https://www.blazedemo.com/reserve.php,260,0,0
1774386523384,261,1 - Acessar Home,200,OK,Teste de Carga - 250 usuarios 1-113,text,true,,4757,120,250,250,https://www.blazedemo.com/,249,0,0
1774386522515,1141,1 - Acessar Home,200,OK,Teste de Carga - 250 usuarios 1-212,text,true,,4757,120,250,250,https://www.blazedemo.com/,1130,0,0
1774386523280,380,1 - Acessar Home,200,OK,Teste de Carga - 250 usuarios 1-56,text,true,,4757,120,250,250,https://www.blazedemo.com/,368,0,0
1774386523349,313,3 - Comprar Passagem,200,OK,Teste de Carga - 250 usuarios 1-214,text,true,,6719,420,250,250,https://www.blazedemo.com/purchase.php,300,0,0
1774386523263,399,2 - Escolher Voo,200,OK,Teste de Carga - 250 usuarios 1-5,text,true,,7381,250,250,250,https://www.blazedemo.com/reserve.php,383,0,0
1774386521781,1887,2 - Escolher Voo,200,OK,Teste de Carga - 250 usuarios 1-138,text,true,,7381,250,250,250,https://www.blazedemo.com/reserve.php,1866,0,0
1774386523410,258,3 - Comprar Passagem,200,OK,Teste de Carga - 250 usuarios 1-105,text,true,,6719,420,250,250,https://www.blazedemo.com/purchase.php,246,0,0
1774386523228,448,2 - Escolher Voo,200,OK,Teste de Carga - 250 usuarios 1-165,text,true,,7381,250,250,250,https://www.blazedemo.com/reserve.php,429,0,0
1774386523411,269,3 - Comprar Passagem,200,OK,Teste de Carga - 250 usuarios 1-204,text,true,,6719,420,250,250,https://www.blazedemo.com/purchase.php,253,0,0
1774386523320,362,2 - Escolher Voo,200,OK,Teste de Carga - 250 usuarios 1-231,text,true,,7381,250,250,250,https://www.blazedemo.com/reserve.php,342,0,0
1774386523077,605,3 - Comprar Passagem,200,OK,Teste de Carga - 250 usuarios 1-221,text,true,,6719,420,250,250,https://www.blazedemo.com/purchase.php,594,0,0
1774386523431,253,3 - Comprar Passagem,200,OK,Teste de Carga - 250 usuarios 1-176,text,true,,6719,420,250,250,https://www.blazedemo.com/purchase.php,240,0,0
1774386522574,1111,3 - Comprar Passagem,200,OK,Teste de Carga - 250 usuarios 1-163,text,true,,6719,420,250,250,https://www.blazedemo.com/purchase.php,1096,0,0
1774386523148,539,3 - Comprar Passagem,200,OK,Teste de Carga - 250 usuarios 1-236,text,true,,6719,420,250,250,https://www.blazedemo.com/purchase.php,522,0,0
1774386523373,318,1 - Acessar Home,200,OK,Teste de Carga - 250 usuarios 1-121,text,true,,4757,120,250,250,https://www.blazedemo.com/,307,0,0
1774386519624,4080,2 - Escolher Voo,200,OK,Teste de Carga - 250 usuarios 1-189,text,true,,7381,250,250,250,https://www.blazedemo.com/reserve.php,4060,0,0
1774386523292,417,3 - Comprar Passagem,200,OK,Teste de Carga - 250 usuarios 1-174,text,true,,6719,420,250,250,https://www.blazedemo.com/purchase.php,406,0,0
1774386523330,388,3 - Comprar Passagem,200,OK,Teste de Carga - 250 usuarios 1-70,text,true,,6719,420,250,250,https://www.blazedemo.com/purchase.php,376,0,0
1774386523160,563,1 - Acessar Home,200,OK,Teste de Carga - 250 usuarios 1-216,text,true,,4757,120,250,250,https://www.blazedemo.com/,552,0,0
1774386519959,3768,2 - Escolher Voo,200,OK,Teste de Carga - 250 usuarios 1-173,text,true,,7381,250,250,250,https://www.blazedemo.com/reserve.php,3748,0,0
1774386523472,257,3 - Comprar Passagem,200,OK,Teste de Carga - 250 usuarios 1-190,text,true,,6719,420,250,250,https://www.blazedemo.com/purchase.php,245,0,0
1774386520600,3131,3 - Comprar Passagem,200,OK,Teste de Carga - 250 usuarios 1-201,text,true,,6719,420,250,250,https://www.blazedemo.com/purchase.php,3118,0,0
1774386523332,401,3 - Comprar Passagem,200,OK,Teste de Carga - 250 usuarios 1-222,text,true,,6719,420,250,250,https://www.blazedemo.com/purchase.php,388,0,0
1774386523336,399,3 - Comprar Passagem,200,OK,Teste de Carga - 250 usuarios 1-175,text,true,,6719,420,250,250,https://www.blazedemo.com/purchase.php,387,0,0
1774386523479,259,2 - Escolher Voo,200,OK,Teste de Carga - 250 usuarios 1-131,text,true,,7381,250,250,250,https://www.blazedemo.com/reserve.php,239,0,0
1774386523483,266,2 - Escolher Voo,200,OK,Teste de Carga - 250 usuarios 1-127,text,true,,7381,250,250,250,https://www.blazedemo.com/reserve.php,245,0,0
1774386523196,560,2 - Escolher Voo,200,OK,Teste de Carga - 250 usuarios 1-38,text,true,,7381,250,250,250,https://www.blazedemo.com/reserve.php,540,0,0
1774386522011,1749,2 - Escolher Voo,200,OK,Teste de Carga - 250 usuarios 1-55,text,true,,7381,250,250,250,https://www.blazedemo.com/reserve.php,1730,0,0
1774386523512,251,2 - Escolher Voo,200,OK,Teste de Carga - 250 usuarios 1-69,text,true,,7381,250,250,250,https://www.blazedemo.com/reserve.php,231,0,0
1774386523509,254,1 - Acessar Home,200,OK,Teste de Carga - 250 usuarios 1-197,text,true,,4757,120,250,250,https://www.blazedemo.com/,242,0,0
1774386523490,283,1 - Acessar Home,200,OK,Teste de Carga - 250 usuarios 1-79,text,true,,4757,120,250,250,https://www.blazedemo.com/,271,0,0
1774386523508,270,3 - Comprar Passagem,200,OK,Teste de Carga - 250 usuarios 1-154,text,true,,6719,420,250,250,https://www.blazedemo.com/purchase.php,253,0,0
1774386523267,523,3 - Comprar Passagem,200,OK,Teste de Carga - 250 usuarios 1-208,text,true,,6719,420,250,250,https://www.blazedemo.com/purchase.php,510,0,0
1774386523509,282,1 - Acessar Home,200,OK,Teste de Carga - 250 usuarios 1-182,text,true,,4757,120,250,250,https://www.blazedemo.com/,271,0,0
1774386520112,3680,3 - Comprar Passagem,200,OK,Teste de Carga - 250 usuarios 1-6,text,true,,6719,420,250,250,https://www.blazedemo.com/purchase.php,3664,0,0
1774386523365,428,1 - Acessar Home,200,OK,Teste de Carga - 250 usuarios 1-12,text,true,,4757,120,250,250,https://www.blazedemo.com/,416,0,0
1774386519635,4158,2 - Escolher Voo,200,OK,Teste de Carga - 250 usuarios 1-15,text,true,,7381,250,250,250,https://www.blazedemo.com/reserve.php,4138,0,0
1774386523499,310,1 - Acessar Home,200,OK,Teste de Carga - 250 usuarios 1-33,text,true,,4757,120,250,250,https://www.blazedemo.com/,297,0,0
1774386523546,267,1 - Acessar Home,200,OK,Teste de Carga - 250 usuarios 1-47,text,true,,4757,120,250,250,https://www.blazedemo.com/,255,0,0
1774386523538,284,1 - Acessar Home,200,OK,Teste de Carga - 250 usuarios 1-228,text,true,,4757,120,250,250,https://www.blazedemo.com/,272,0,0
1774386522779,1047,2 - Escolher Voo,200,OK,Teste de Carga - 250 usuarios 1-134,text,true,,7381,250,250,250,https://www.blazedemo.com/reserve.php,1028,0,0
1774386523450,385,3 - Comprar Passagem,200,OK,Teste de Carga - 250 usuarios 1-23,text,true,,6719,420,250,250,https://www.blazedemo.com/purchase.php,374,0,0
1774386523336,500,2 - Escolher Voo,200,OK,Teste de Carga - 250 usuarios 1-232,text,true,,7381,250,250,250,https://www.blazedemo.com/reserve.php,477,0,0
1774386523557,284,3 - Comprar Passagem,200,OK,Teste de Carga - 250 usuarios 1-98,text,true,,6719,420,250,250,https://www.blazedemo.com/purchase.php,270,0,0
1774386520626,3216,2 - Escolher Voo,200,OK,Teste de Carga - 250 usuarios 1-141,text,true,,7381,250,250,250,https://www.blazedemo.com/reserve.php,3196,0,0
1774386523564,279,1 - Acessar Home,200,OK,Teste de Carga - 250 usuarios 1-109,text,true,,4757,120,250,250,https://www.blazedemo.com/,266,0,0
1774386523573,272,1 - Acessar Home,200,OK,Teste de Carga - 250 usuarios 1-96,text,true,,4757,120,250,250,https://www.blazedemo.com/,259,0,0
1774386523376,470,2 - Escolher Voo,200,OK,Teste de Carga - 250 usuarios 1-203,text,true,,7381,250,250,250,https://www.blazedemo.com/reserve.php,450,0,0
1774386523266,581,1 - Acessar Home,200,OK,Teste de Carga - 250 usuarios 1-99,text,true,,4757,120,250,250,https://www.blazedemo.com/,569,0,0
1774386522888,959,3 - Comprar Passagem,200,OK,Teste de Carga - 250 usuarios 1-65,text,true,,6719,420,250,250,https://www.blazedemo.com/purchase.php,947,0,0
1774386523588,263,3 - Comprar Passagem,200,OK,Teste de Carga - 250 usuarios 1-172,text,true,,6719,420,250,250,https://www.blazedemo.com/purchase.php,252,0,0
1774386520048,3807,1 - Acessar Home,200,OK,Teste de Carga - 250 usuarios 1-202,text,true,,4757,120,250,250,https://www.blazedemo.com/,3795,0,0
1774386523603,257,3 - Comprar Passagem,200,OK,Teste de Carga - 250 usuarios 1-186,text,true,,6719,420,250,250,https://www.blazedemo.com/purchase.php,245,0,0
1774386523613,250,3 - Comprar Passagem,200,OK,Teste de Carga - 250 usuarios 1-11,text,true,,6719,420,250,250,https://www.blazedemo.com/purchase.php,237,0,0
1774386522842,1027,2 - Escolher Voo,200,OK,Teste de Carga - 250 usuarios 1-102,text,true,,7381,250,250,250,https://www.blazedemo.com/reserve.php,1006,0,0
1774386523584,287,1 - Acessar Home,200,OK,Teste de Carga - 250 usuarios 1-122,text,true,,4757,120,250,250,https://www.blazedemo.com/,276,0,0
1774386523602,270,3 - Comprar Passagem,200,OK,Teste de Carga - 250 usuarios 1-130,text,true,,6719,420,250,250,https://www.blazedemo.com/purchase.php,258,0,0
1774386523331,545,2 - Escolher Voo,200,OK,Teste de Carga - 250 usuarios 1-178,text,true,,7381,250,250,250,https://www.blazedemo.com/reserve.php,525,0,0
1774386519751,4129,3 - Comprar Passagem,200,OK,Teste de Carga - 250 usuarios 1-233,text,true,,6719,420,250,250,https://www.blazedemo.com/purchase.php,4118,0,0
1774386523611,270,3 - Comprar Passagem,200,OK,Teste de Carga - 250 usuarios 1-177,text,true,,6719,420,250,250,https://www.blazedemo.com/purchase.php,258,0,0
1774386523348,537,1 - Acessar Home,200,OK,Teste de Carga - 250 usuarios 1-83,text,true,,4757,120,250,250,https://www.blazedemo.com/,526,0,0
1774386523626,261,1 - Acessar Home,200,OK,Teste de Carga - 250 usuarios 1-248,text,true,,4757,120,250,250,https://www.blazedemo.com/,248,0,0
1774386520134,3756,2 - Escolher Voo,200,OK,Teste de Carga - 250 usuarios 1-153,text,true,,7381,250,250,250,https://www.blazedemo.com/reserve.php,3735,0,0
1774386523466,441,3 - Comprar Passagem,200,OK,Teste de Carga - 250 usuarios 1-161,text,true,,6719,420,250,250,https://www.blazedemo.com/purchase.php,429,0,0
1774386523404,514,1 - Acessar Home,200,OK,Teste de Carga - 250 usuarios 1-192,text,true,,4757,120,250,250,https://www.blazedemo.com/,501,0,0
1774386523579,361,1 - Acessar Home,200,OK,Teste de Carga - 250 usuarios 1-155,text,true,,4757,120,250,250,https://www.blazedemo.com/,355,0,0
1774386520723,3226,3 - Comprar Passagem,200,OK,Teste de Carga - 250 usuarios 1-128,text,true,,6719,420,250,250,https://www.blazedemo.com/purchase.php,3214,0,0
1774386523608,346,2 - Escolher Voo,200,OK,Teste de Carga - 250 usuarios 1-188,text,true,,7381,250,250,250,https://www.blazedemo.com/reserve.php,326,0,0
1774386523371,586,2 - Escolher Voo,200,OK,Teste de Carga - 250 usuarios 1-24,text,true,,7381,250,250,250,https://www.blazedemo.com/reserve.php,569,0,0
1774386523656,302,2 - Escolher Voo,200,OK,Teste de Carga - 250 usuarios 1-212,text,true,,7381,250,250,250,https://www.blazedemo.com/reserve.php,286,0,0
1774386522873,1088,2 - Escolher Voo,200,OK,Teste de Carga - 250 usuarios 1-148,text,true,,7381,250,250,250,https://www.blazedemo.com/reserve.php,1073,0,0
1774386523584,379,1 - Acessar Home,200,OK,Teste de Carga - 250 usuarios 1-166,text,true,,4757,120,250,250,https://www.blazedemo.com/,367,0,0
1774386523668,296,3 - Comprar Passagem,200,OK,Teste de Carga - 250 usuarios 1-138,text,true,,6719,420,250,250,https://www.blazedemo.com/purchase.php,285,0,0
1774386523645,321,2 - Escolher Voo,200,OK,Teste de Carga - 250 usuarios 1-113,text,true,,7381,250,250,250,https://www.blazedemo.com/reserve.php,306,0,0
1774386520265,3704,2 - Escolher Voo,200,OK,Teste de Carga - 250 usuarios 1-220,text,true,,7381,250,250,250,https://www.blazedemo.com/reserve.php,3684,0,0
1774386523704,266,3 - Comprar Passagem,200,OK,Teste de Carga - 250 usuarios 1-189,text,true,,6719,420,250,250,https://www.blazedemo.com/purchase.php,254,0,0
1774386523119,852,2 - Escolher Voo,200,OK,Teste de Carga - 250 usuarios 1-86,text,true,,7381,250,250,250,https://www.blazedemo.com/reserve.php,832,0,0
1774386520061,3910,2 - Escolher Voo,200,OK,Teste de Carga - 250 usuarios 1-135,text,true,,7381,250,250,250,https://www.blazedemo.com/reserve.php,3890,0,0
1774386523443,530,1 - Acessar Home,200,OK,Teste de Carga - 250 usuarios 1-77,text,true,,4757,120,250,250,https://www.blazedemo.com/,518,0,0
1774386523685,288,1 - Acessar Home,200,OK,Teste de Carga - 250 usuarios 1-163,text,true,,4757,120,250,250,https://www.blazedemo.com/,274,0,0
1774386522430,1543,3 - Comprar Passagem,200,OK,Teste de Carga - 250 usuarios 1-237,text,true,,6719,420,250,250,https://www.blazedemo.com/purchase.php,1531,0,0
1774386522989,985,1 - Acessar Home,200,OK,Teste de Carga - 250 usuarios 1-193,text,true,,4757,120,250,250,https://www.blazedemo.com/,973,0,0
1774386523676,302,3 - Comprar Passagem,200,OK,Teste de Carga - 250 usuarios 1-165,text,true,,6719,420,250,250,https://www.blazedemo.com/purchase.php,290,0,0
1774386523682,298,1 - Acessar Home,200,OK,Teste de Carga - 250 usuarios 1-221,text,true,,4757,120,250,250,https://www.blazedemo.com/,286,0,0
1774386523682,303,3 - Comprar Passagem,200,OK,Teste de Carga - 250 usuarios 1-231,text,true,,6719,420,250,250,https://www.blazedemo.com/purchase.php,292,0,0
1774386523576,412,2 - Escolher Voo,200,OK,Teste de Carga - 250 usuarios 1-44,text,true,,7381,250,250,250,https://www.blazedemo.com/reserve.php,393,0,0
1774386523447,542,3 - Comprar Passagem,200,OK,Teste de Carga - 250 usuarios 1-89,text,true,,6719,420,250,250,https://www.blazedemo.com/purchase.php,531,0,0
1774386523412,584,2 - Escolher Voo,200,OK,Teste de Carga - 250 usuarios 1-37,text,true,,7381,250,250,250,https://www.blazedemo.com/reserve.php,564,0,0
1774386523735,279,1 - Acessar Home,200,OK,Teste de Carga - 250 usuarios 1-175,text,true,,4757,120,250,250,https://www.blazedemo.com/,266,0,0
1774386523399,623,3 - Comprar Passagem,200,OK,Teste de Carga - 250 usuarios 1-240,text,true,,6719,420,250,250,https://www.blazedemo.com/purchase.php,610,0,0
1774386523773,263,2 - Escolher Voo,200,OK,Teste de Carga - 250 usuarios 1-79,text,true,,7381,250,250,250,https://www.blazedemo.com/reserve.php,243,0,0
1774386523763,278,3 - Comprar Passagem,200,OK,Teste de Carga - 250 usuarios 1-69,text,true,,6719,420,250,250,https://www.blazedemo.com/purchase.php,261,0,0
1774386523687,360,1 - Acessar Home,200,OK,Teste de Carga - 250 usuarios 1-236,text,true,,4757,120,250,250,https://www.blazedemo.com/,348,0,0
1774386523467,581,1 - Acessar Home,200,OK,Teste de Carga - 250 usuarios 1-92,text,true,,4757,120,250,250,https://www.blazedemo.com/,569,0,0
1774386523660,391,2 - Escolher Voo,200,OK,Teste de Carga - 250 usuarios 1-56,text,true,,7381,250,250,250,https://www.blazedemo.com/reserve.php,371,0,0
1774386523692,363,2 - Escolher Voo,200,OK,Teste de Carga - 250 usuarios 1-121,text,true,,7381,250,250,250,https://www.blazedemo.com/reserve.php,343,0,0
1774386523684,376,1 - Acessar Home,200,OK,Teste de Carga - 250 usuarios 1-176,text,true,,4757,120,250,250,https://www.blazedemo.com/,366,0,0
1774386523730,334,1 - Acessar Home,200,OK,Teste de Carga - 250 usuarios 1-190,text,true,,4757,120,250,250,https://www.blazedemo.com/,323,0,0
1774386523668,400,1 - Acessar Home,200,OK,Teste de Carga - 250 usuarios 1-105,text,true,,4757,120,250,250,https://www.blazedemo.com/,387,0,0
1774386523791,284,2 - Escolher Voo,200,OK,Teste de Carga - 250 usuarios 1-182,text,true,,7381,250,250,250,https://www.blazedemo.com/reserve.php,264,0,0
1774386523262,817,3 - Comprar Passagem,200,OK,Teste de Carga - 250 usuarios 1-27,text,true,,6719,420,250,250,https://www.blazedemo.com/purchase.php,804,0,0
1774386523760,321,3 - Comprar Passagem,200,OK,Teste de Carga - 250 usuarios 1-55,text,true,,6719,420,250,250,https://www.blazedemo.com/purchase.php,308,0,0
1774386523464,619,2 - Escolher Voo,200,OK,Teste de Carga - 250 usuarios 1-198,text,true,,7381,250,250,250,https://www.blazedemo.com/reserve.php,603,0,0
1774386523499,585,1 - Acessar Home,200,OK,Teste de Carga - 250 usuarios 1-97,text,true,,4757,120,250,250,https://www.blazedemo.com/,573,0,0
1774386522454,1632,2 - Escolher Voo,200,OK,Teste de Carga - 250 usuarios 1-103,text,true,,7381,250,250,250,https://www.blazedemo.com/reserve.php,1612,0,0
1774386523778,309,1 - Acessar Home,200,OK,Teste de Carga - 250 usuarios 1-154,text,true,,4757,120,250,250,https://www.blazedemo.com/,297,0,0
1774386520314,3776,2 - Escolher Voo,200,OK,Teste de Carga - 250 usuarios 1-2,text,true,,7381,250,250,250,https://www.blazedemo.com/reserve.php,3755,0,0
1774386523851,240,1 - Acessar Home,200,OK,Teste de Carga - 250 usuarios 1-172,text,true,,4757,120,250,250,https://www.blazedemo.com/,229,0,0
1774386523521,571,1 - Acessar Home,200,OK,Teste de Carga - 250 usuarios 1-73,text,true,,4757,120,250,250,https://www.blazedemo.com/,560,0,0
1774386519829,4274,2 - Escolher Voo,200,OK,Teste de Carga - 250 usuarios 1-200,text,true,,7381,250,250,250,https://www.blazedemo.com/reserve.php,4253,0,0
1774386523835,269,1 - Acessar Home,200,OK,Teste de Carga - 250 usuarios 1-23,text,true,,4757,120,250,250,https://www.blazedemo.com/,257,0,0
1774386523731,377,1 - Acessar Home,200,OK,Teste de Carga - 250 usuarios 1-201,text,true,,4757,120,250,250,https://www.blazedemo.com/,364,0,0
1774386523841,272,1 - Acessar Home,200,OK,Teste de Carga - 250 usuarios 1-98,text,true,,4757,120,250,250,https://www.blazedemo.com/,261,0,0
1774386523487,632,1 - Acessar Home,200,OK,Teste de Carga - 250 usuarios 1-18,text,true,,4757,120,250,250,https://www.blazedemo.com/,620,0,0
1774386523733,386,1 - Acessar Home,200,OK,Teste de Carga - 250 usuarios 1-222,text,true,,4757,120,250,250,https://www.blazedemo.com/,374,0,0
1774386523374,752,3 - Comprar Passagem,200,OK,Teste de Carga - 250 usuarios 1-124,text,true,,6719,420,250,250,https://www.blazedemo.com/purchase.php,737,0,0
1774386523474,661,2 - Escolher Voo,200,OK,Teste de Carga - 250 usuarios 1-151,text,true,,7381,250,250,250,https://www.blazedemo.com/reserve.php,640,0,0
1774386523871,273,2 - Escolher Voo,200,OK,Teste de Carga - 250 usuarios 1-122,text,true,,7381,250,250,250,https://www.blazedemo.com/reserve.php,253,0,0
1774386520300,3847,1 - Acessar Home,200,OK,Teste de Carga - 250 usuarios 1-227,text,true,,4757,120,250,250,https://www.blazedemo.com/,3835,0,0
1774386523790,361,1 - Acessar Home,200,OK,Teste de Carga - 250 usuarios 1-208,text,true,,4757,120,250,250,https://www.blazedemo.com/,348,0,0
1774386523271,886,1 - Acessar Home,200,OK,Teste de Carga - 250 usuarios 1-152,text,true,,4757,120,250,250,https://www.blazedemo.com/,873,0,0
1774386523397,760,2 - Escolher Voo,200,OK,Teste de Carga - 250 usuarios 1-181,text,true,,7381,250,250,250,https://www.blazedemo.com/reserve.php,739,0,0
1774386523416,742,1 - Acessar Home,200,OK,Teste de Carga - 250 usuarios 1-195,text,true,,4757,120,250,250,https://www.blazedemo.com/,731,0,0
1774386523763,402,2 - Escolher Voo,200,OK,Teste de Carga - 250 usuarios 1-197,text,true,,7381,250,250,250,https://www.blazedemo.com/reserve.php,381,0,0
1774386523287,880,2 - Escolher Voo,200,OK,Teste de Carga - 250 usuarios 1-225,text,true,,7381,250,250,250,https://www.blazedemo.com/reserve.php,864,0,0
1774386523881,292,1 - Acessar Home,200,OK,Teste de Carga - 250 usuarios 1-177,text,true,,4757,120,250,250,https://www.blazedemo.com/,280,0,0
1774386523813,362,2 - Escolher Voo,200,OK,Teste de Carga - 250 usuarios 1-47,text,true,,7381,250,250,250,https://www.blazedemo.com/reserve.php,342,0,0
1774386523662,516,3 - Comprar Passagem,200,OK,Teste de Carga - 250 usuarios 1-5,text,true,,6719,420,250,250,https://www.blazedemo.com/purchase.php,504,0,0
1774386523873,311,1 - Acessar Home,200,OK,Teste de Carga - 250 usuarios 1-130,text,true,,4757,120,250,250,https://www.blazedemo.com/,300,0,0
1774386523561,623,3 - Comprar Passagem,200,OK,Teste de Carga - 250 usuarios 1-179,text,true,,6719,420,250,250,https://www.blazedemo.com/purchase.php,611,0,0
1774386523918,267,2 - Escolher Voo,200,OK,Teste de Carga - 250 usuarios 1-192,text,true,,7381,250,250,250,https://www.blazedemo.com/reserve.php,241,0,0
1774386522464,1724,3 - Comprar Passagem,200,OK,Teste de Carga - 250 usuarios 1-168,text,true,,6719,420,250,250,https://www.blazedemo.com/purchase.php,1712,0,0
1774386523847,341,2 - Escolher Voo,200,OK,Teste de Carga - 250 usuarios 1-99,text,true,,7381,250,250,250,https://www.blazedemo.com/reserve.php,324,0,0
1774386523793,399,3 - Comprar Passagem,200,OK,Teste de Carga - 250 usuarios 1-15,text,true,,6719,420,250,250,https://www.blazedemo.com/purchase.php,387,0,0
1774386523571,627,3 - Comprar Passagem,200,OK,Teste de Carga - 250 usuarios 1-245,text,true,,6719,420,250,250,https://www.blazedemo.com/purchase.php,614,0,0
1774386523528,677,2 - Escolher Voo,200,OK,Teste de Carga - 250 usuarios 1-129,text,true,,7381,250,250,250,https://www.blazedemo.com/reserve.php,657,0,0
1774386523961,247,3 - Comprar Passagem,200,OK,Teste de Carga - 250 usuarios 1-148,text,true,,6719,420,250,250,https://www.blazedemo.com/purchase.php,235,0,0
1774386519879,4330,3 - Comprar Passagem,200,OK,Teste de Carga - 250 usuarios 1-126,text,true,,6719,420,250,250,https://www.blazedemo.com/purchase.php,4318,0,0
1774386523846,367,3 - Comprar Passagem,200,OK,Teste de Carga - 250 usuarios 1-203,text,true,,6719,420,250,250,https://www.blazedemo.com/purchase.php,358,0,0
1774386523940,281,2 - Escolher Voo,200,OK,Teste de Carga - 250 usuarios 1-155,text,true,,7385,250,250,250,https://www.blazedemo.com/reserve.php,260,0,0
1774386523845,377,2 - Escolher Voo,200,OK,Teste de Carga - 250 usuarios 1-96,text,true,,7381,250,250,250,https://www.blazedemo.com/reserve.php,360,0,0
1774386523718,508,1 - Acessar Home,200,OK,Teste de Carga - 250 usuarios 1-70,text,true,,4757,120,250,250,https://www.blazedemo.com/,495,0,0
1774386523890,357,3 - Comprar Passagem,200,OK,Teste de Carga - 250 usuarios 1-153,text,true,,6719,420,250,250,https://www.blazedemo.com/purchase.php,344,0,0
1774386520543,3704,3 - Comprar Passagem,200,OK,Teste de Carga - 250 usuarios 1-95,text,true,,6719,420,250,250,https://www.blazedemo.com/purchase.php,3693,0,0
1774386523843,414,2 - Escolher Voo,200,OK,Teste de Carga - 250 usuarios 1-109,text,true,,7381,250,250,250,https://www.blazedemo.com/reserve.php,393,0,0
1774386523980,281,2 - Escolher Voo,200,OK,Teste de Carga - 250 usuarios 1-221,text,true,,7381,250,250,250,https://www.blazedemo.com/reserve.php,261,0,0
1774386523970,295,1 - Acessar Home,200,OK,Teste de Carga - 250 usuarios 1-189,text,true,,4757,120,250,250,https://www.blazedemo.com/,283,0,0
1774386523419,846,1 - Acessar Home,200,OK,Teste de Carga - 250 usuarios 1-66,text,true,,4757,120,250,250,https://www.blazedemo.com/,835,0,0
1774386523562,703,2 - Escolher Voo,200,OK,Teste de Carga - 250 usuarios 1-133,text,true,,7381,250,250,250,https://www.blazedemo.com/reserve.php,687,0,0
1774386523954,317,3 - Comprar Passagem,200,OK,Teste de Carga - 250 usuarios 1-188,text,true,,6719,420,250,250,https://www.blazedemo.com/purchase.php,304,0,0
1774386523413,858,2 - Escolher Voo,200,OK,Teste de Carga - 250 usuarios 1-123,text,true,,7381,250,250,250,https://www.blazedemo.com/reserve.php,839,0,0
1774386520706,3566,3 - Comprar Passagem,200,OK,Teste de Carga - 250 usuarios 1-104,text,true,,6719,420,250,250,https://www.blazedemo.com/purchase.php,3555,0,0
1774386523604,669,3 - Comprar Passagem,200,OK,Teste de Carga - 250 usuarios 1-28,text,true,,6719,420,250,250,https://www.blazedemo.com/purchase.php,657,0,0
1774386523860,420,1 - Acessar Home,200,OK,Teste de Carga - 250 usuarios 1-186,text,true,,4757,120,250,250,https://www.blazedemo.com/,408,0,0
1774386523611,673,3 - Comprar Passagem,200,OK,Teste de Carga - 250 usuarios 1-235,text,true,,6719,420,250,250,https://www.blazedemo.com/purchase.php,664,0,0
1774386523989,295,1 - Acessar Home,200,OK,Teste de Carga - 250 usuarios 1-89,text,true,,4757,120,250,250,https://www.blazedemo.com/,283,0,0
1774386523964,326,1 - Acessar Home,200,OK,Teste de Carga - 250 usuarios 1-138,text,true,,4757,120,250,250,https://www.blazedemo.com/,314,0,0
1774386521028,3264,3 - Comprar Passagem,200,OK,Teste de Carga - 250 usuarios 1-53,text,true,,6719,420,250,250,https://www.blazedemo.com/purchase.php,3253,0,0
1774386523957,335,3 - Comprar Passagem,200,OK,Teste de Carga - 250 usuarios 1-24,text,true,,6719,420,250,250,https://www.blazedemo.com/purchase.php,323,0,0
1774386523876,417,3 - Comprar Passagem,200,OK,Teste de Carga - 250 usuarios 1-178,text,true,,6719,420,250,250,https://www.blazedemo.com/purchase.php,401,0,0
1774386522575,1718,2 - Escolher Voo,200,OK,Teste de Carga - 250 usuarios 1-67,text,true,,7381,250,250,250,https://www.blazedemo.com/reserve.php,1697,0,0
1774386523973,323,2 - Escolher Voo,200,OK,Teste de Carga - 250 usuarios 1-163,text,true,,7381,250,250,250,https://www.blazedemo.com/reserve.php,303,0,0
1774386523625,680,2 - Escolher Voo,200,OK,Teste de Carga - 250 usuarios 1-144,text,true,,7381,250,250,250,https://www.blazedemo.com/reserve.php,660,0,0
1774386523958,357,3 - Comprar Passagem,200,OK,Teste de Carga - 250 usuarios 1-212,text,true,,6719,420,250,250,https://www.blazedemo.com/purchase.php,345,0,0
1774386524048,275,2 - Escolher Voo,200,OK,Teste de Carga - 250 usuarios 1-92,text,true,,7381,250,250,250,https://www.blazedemo.com/reserve.php,255,0,0
1774386523738,588,3 - Comprar Passagem,200,OK,Teste de Carga - 250 usuarios 1-131,text,true,,6719,420,250,250,https://www.blazedemo.com/purchase.php,575,0,0
1774386524079,259,1 - Acessar Home,200,OK,Teste de Carga - 250 usuarios 1-27,text,true,,4757,120,250,250,https://www.blazedemo.com/,246,0,0
1774386524048,291,2 - Escolher Voo,200,OK,Teste de Carga - 250 usuarios 1-236,text,true,,7381,250,250,250,https://www.blazedemo.com/reserve.php,271,0,0
1774386520854,3485,2 - Escolher Voo,200,OK,Teste de Carga - 250 usuarios 1-30,text,true,,7381,250,250,250,https://www.blazedemo.com/reserve.php,3465,0,0
1774386523966,373,3 - Comprar Passagem,200,OK,Teste de Carga - 250 usuarios 1-113,text,true,,6719,420,250,250,https://www.blazedemo.com/purchase.php,361,0,0
1774386523641,700,3 - Comprar Passagem,200,OK,Teste de Carga - 250 usuarios 1-218,text,true,,6719,420,250,250,https://www.blazedemo.com/purchase.php,688,0,0
1774386523971,378,3 - Comprar Passagem,200,OK,Teste de Carga - 250 usuarios 1-86,text,true,,6719,420,250,250,https://www.blazedemo.com/purchase.php,367,0,0
1774386524014,338,2 - Escolher Voo,200,OK,Teste de Carga - 250 usuarios 1-175,text,true,,7381,250,250,250,https://www.blazedemo.com/reserve.php,321,0,0
1774386520716,3645,2 - Escolher Voo,200,OK,Teste de Carga - 250 usuarios 1-62,text,true,,7381,250,250,250,https://www.blazedemo.com/reserve.php,3626,0,0
1774386523519,850,1 - Acessar Home,200,OK,Teste de Carga - 250 usuarios 1-137,text,true,,4757,120,250,250,https://www.blazedemo.com/,838,0,0
1774386524090,280,3 - Comprar Passagem,200,OK,Teste de Carga - 250 usuarios 1-2,text,true,,6719,420,250,250,https://www.blazedemo.com/purchase.php,268,0,0
1774386524119,254,2 - Escolher Voo,200,OK,Teste de Carga - 250 usuarios 1-222,text,true,,7381,250,250,250,https://www.blazedemo.com/reserve.php,238,0,0
1774386523988,391,3 - Comprar Passagem,200,OK,Teste de Carga - 250 usuarios 1-44,text,true,,6719,420,250,250,https://www.blazedemo.com/purchase.php,382,0,0
1774386524081,303,1 - Acessar Home,200,OK,Teste de Carga - 250 usuarios 1-55,text,true,,4757,120,250,250,https://www.blazedemo.com/,291,0,0
1774386521025,3363,2 - Escolher Voo,200,OK,Teste de Carga - 250 usuarios 1-167,text,true,,7381,250,250,250,https://www.blazedemo.com/reserve.php,3345,0,0
1774386524119,277,2 - Escolher Voo,200,OK,Teste de Carga - 250 usuarios 1-18,text,true,,7381,250,250,250,https://www.blazedemo.com/reserve.php,256,0,0
1774386523996,400,3 - Comprar Passagem,200,OK,Teste de Carga - 250 usuarios 1-37,text,true,,6719,420,250,250,https://www.blazedemo.com/purchase.php,389,0,0
1774386524092,304,2 - Escolher Voo,200,OK,Teste de Carga - 250 usuarios 1-73,text,true,,7381,250,250,250,https://www.blazedemo.com/reserve.php,284,0,0
1774386523793,607,1 - Acessar Home,200,OK,Teste de Carga - 250 usuarios 1-6,text,true,,4757,120,250,250,https://www.blazedemo.com/,595,0,0
1774386524114,294,2 - Escolher Voo,200,OK,Teste de Carga - 250 usuarios 1-98,text,true,,7381,250,250,250,https://www.blazedemo.com/reserve.php,285,0,0
1774386523880,537,1 - Acessar Home,200,OK,Teste de Carga - 250 usuarios 1-233,text,true,,4757,120,250,250,https://www.blazedemo.com/,525,0,0
1774386520956,3464,1 - Acessar Home,200,OK,Teste de Carga - 250 usuarios 1-29,text,true,,4757,120,250,250,https://www.blazedemo.com/,3452,0,0
1774386523847,573,1 - Acessar Home,200,OK,Teste de Carga - 250 usuarios 1-65,text,true,,4757,120,250,250,https://www.blazedemo.com/,562,0,0
1774386523756,668,3 - Comprar Passagem,200,OK,Teste de Carga - 250 usuarios 1-38,text,true,,6719,420,250,250,https://www.blazedemo.com/purchase.php,656,0,0
1774386523749,679,3 - Comprar Passagem,200,OK,Teste de Carga - 250 usuarios 1-127,text,true,,6719,420,250,250,https://www.blazedemo.com/purchase.php,667,0,0
1774386524060,372,2 - Escolher Voo,200,OK,Teste de Carga - 250 usuarios 1-176,text,true,,7381,250,250,250,https://www.blazedemo.com/reserve.php,352,0,0
1774386524126,310,1 - Acessar Home,200,OK,Teste de Carga - 250 usuarios 1-124,text,true,,4757,120,250,250,https://www.blazedemo.com/,298,0,0
1774386520248,4191,3 - Comprar Passagem,200,OK,Teste de Carga - 250 usuarios 1-46,text,true,,6719,420,250,250,https://www.blazedemo.com/purchase.php,4179,0,0
1774386524103,337,3 - Comprar Passagem,200,OK,Teste de Carga - 250 usuarios 1-200,text,true,,6719,420,250,250,https://www.blazedemo.com/purchase.php,325,0,0
1774386524167,278,3 - Comprar Passagem,200,OK,Teste de Carga - 250 usuarios 1-225,text,true,,6719,420,250,250,https://www.blazedemo.com/purchase.php,267,0,0
1774386523887,564,2 - Escolher Voo,200,OK,Teste de Carga - 250 usuarios 1-248,text,true,,7381,250,250,250,https://www.blazedemo.com/reserve.php,547,0,0
1774386524188,267,3 - Comprar Passagem,200,OK,Teste de Carga - 250 usuarios 1-99,text,true,,6719,420,250,250,https://www.blazedemo.com/purchase.php,255,0,0
1774386524147,312,2 - Escolher Voo,200,OK,Teste de Carga - 250 usuarios 1-227,text,true,,7381,250,250,250,https://www.blazedemo.com/reserve.php,289,0,0
1774386524051,409,3 - Comprar Passagem,200,OK,Teste de Carga - 250 usuarios 1-56,text,true,,6719,420,250,250,https://www.blazedemo.com/purchase.php,397,0,0
1774386524188,274,1 - Acessar Home,200,OK,Teste de Carga - 250 usuarios 1-168,text,true,,4757,120,250,250,https://www.blazedemo.com/,262,0,0
1774386524157,311,2 - Escolher Voo,200,OK,Teste de Carga - 250 usuarios 1-152,text,true,,7381,250,250,250,https://www.blazedemo.com/reserve.php,291,0,0
1774386521055,3424,2 - Escolher Voo,200,OK,Teste de Carga - 250 usuarios 1-84,text,true,,7381,250,250,250,https://www.blazedemo.com/reserve.php,3403,0,0
1774386523793,686,2 - Escolher Voo,200,OK,Teste de Carga - 250 usuarios 1-12,text,true,,7381,250,250,250,https://www.blazedemo.com/reserve.php,666,0,0
1774386524214,268,1 - Acessar Home,200,OK,Teste de Carga - 250 usuarios 1-203,text,true,,4757,120,250,250,https://www.blazedemo.com/,255,0,0
1774386524083,401,3 - Comprar Passagem,200,OK,Teste de Carga - 250 usuarios 1-198,text,true,,6719,420,250,250,https://www.blazedemo.com/purchase.php,389,0,0
1774386523826,663,3 - Comprar Passagem,200,OK,Teste de Carga - 250 usuarios 1-134,text,true,,6719,420,250,250,https://www.blazedemo.com/purchase.php,651,0,0
1774386524068,423,2 - Escolher Voo,200,OK,Teste de Carga - 250 usuarios 1-105,text,true,,7381,250,250,250,https://www.blazedemo.com/reserve.php,403,0,0
1774386524145,364,3 - Comprar Passagem,200,OK,Teste de Carga - 250 usuarios 1-122,text,true,,6719,420,250,250,https://www.blazedemo.com/purchase.php,352,0,0
1774386524135,378,3 - Comprar Passagem,200,OK,Teste de Carga - 250 usuarios 1-151,text,true,,6719,420,250,250,https://www.blazedemo.com/purchase.php,362,0,0
1774386524208,306,1 - Acessar Home,200,OK,Teste de Carga - 250 usuarios 1-148,text,true,,4757,120,250,250,https://www.blazedemo.com/,295,0,0
1774386523978,540,1 - Acessar Home,200,OK,Teste de Carga - 250 usuarios 1-165,text,true,,4757,120,250,250,https://www.blazedemo.com/,528,0,0
1774386524261,263,3 - Comprar Passagem,200,OK,Teste de Carga - 250 usuarios 1-221,text,true,,6719,420,250,250,https://www.blazedemo.com/purchase.php,251,0,0
1774386524221,306,3 - Comprar Passagem,200,OK,Teste de Carga - 250 usuarios 1-155,text,true,,6719,420,250,250,https://www.blazedemo.com/purchase.php,294,0,0
1774386524266,262,2 - Escolher Voo,200,OK,Teste de Carga - 250 usuarios 1-189,text,true,,7381,250,250,250,https://www.blazedemo.com/reserve.php,242,0,0
1774386524271,261,3 - Comprar Passagem,200,OK,Teste de Carga - 250 usuarios 1-123,text,true,,6719,420,250,250,https://www.blazedemo.com/purchase.php,250,0,0
1774386523822,716,2 - Escolher Voo,200,OK,Teste de Carga - 250 usuarios 1-228,text,true,,7381,250,250,250,https://www.blazedemo.com/reserve.php,695,0,0
1774386524292,247,1 - Acessar Home,200,OK,Teste de Carga - 250 usuarios 1-24,text,true,,4757,120,250,250,https://www.blazedemo.com/,235,0,0
1774386520997,3545,3 - Comprar Passagem,200,OK,Teste de Carga - 250 usuarios 1-209,text,true,,6719,420,250,250,https://www.blazedemo.com/purchase.php,3533,0,0
1774386524247,304,1 - Acessar Home,200,OK,Teste de Carga - 250 usuarios 1-153,text,true,,4757,120,250,250,https://www.blazedemo.com/,292,0,0
1774386523836,719,3 - Comprar Passagem,200,OK,Teste de Carga - 250 usuarios 1-232,text,true,,6719,420,250,250,https://www.blazedemo.com/purchase.php,706,0,0
1774386524315,249,1 - Acessar Home,200,OK,Teste de Carga - 250 usuarios 1-212,text,true,,4757,120,250,250,https://www.blazedemo.com/,237,0,0
1774386524266,302,3 - Comprar Passagem,200,OK,Teste de Carga - 250 usuarios 1-133,text,true,,6719,420,250,250,https://www.blazedemo.com/purchase.php,291,0,0
1774386524284,285,1 - Acessar Home,200,OK,Teste de Carga - 250 usuarios 1-235,text,true,,4757,120,250,250,https://www.blazedemo.com/,271,0,0
1774386524324,258,3 - Comprar Passagem,200,OK,Teste de Carga - 250 usuarios 1-92,text,true,,6719,420,250,250,https://www.blazedemo.com/purchase.php,245,0,0
1774386524284,301,2 - Escolher Voo,200,OK,Teste de Carga - 250 usuarios 1-89,text,true,,7381,250,250,250,https://www.blazedemo.com/reserve.php,279,0,0
1774386524088,498,2 - Escolher Voo,200,OK,Teste de Carga - 250 usuarios 1-154,text,true,,7381,250,250,250,https://www.blazedemo.com/reserve.php,478,0,0
1774386522746,1845,1 - Acessar Home,200,OK,Teste de Carga - 250 usuarios 1-114,text,true,,4757,120,250,250,https://www.blazedemo.com/,1833,0,0
1774386524037,556,3 - Comprar Passagem,200,OK,Teste de Carga - 250 usuarios 1-79,text,true,,6719,420,250,250,https://www.blazedemo.com/purchase.php,543,0,0
1774386524293,301,1 - Acessar Home,200,OK,Teste de Carga - 250 usuarios 1-178,text,true,,4757,120,250,250,https://www.blazedemo.com/,289,0,0
1774386524273,325,1 - Acessar Home,200,OK,Teste de Carga - 250 usuarios 1-28,text,true,,4757,120,250,250,https://www.blazedemo.com/,313,0,0
1774386524104,498,2 - Escolher Voo,200,OK,Teste de Carga - 250 usuarios 1-23,text,true,,7381,250,250,250,https://www.blazedemo.com/reserve.php,478,0,0
1774386524165,441,3 - Comprar Passagem,200,OK,Teste de Carga - 250 usuarios 1-197,text,true,,6719,420,250,250,https://www.blazedemo.com/purchase.php,426,0,0
1774386524293,315,3 - Comprar Passagem,200,OK,Teste de Carga - 250 usuarios 1-67,text,true,,6719,420,250,250,https://www.blazedemo.com/purchase.php,305,0,0
1774386524022,593,1 - Acessar Home,200,OK,Teste de Carga - 250 usuarios 1-240,text,true,,4757,120,250,250,https://www.blazedemo.com/,581,0,0
1774386521200,3418,3 - Comprar Passagem,200,OK,Teste de Carga - 250 usuarios 1-250,text,true,,6719,420,250,250,https://www.blazedemo.com/purchase.php,3406,0,0
1774386524349,276,1 - Acessar Home,200,OK,Teste de Carga - 250 usuarios 1-86,text,true,,4757,120,250,250,https://www.blazedemo.com/,262,0,0
1774386524339,286,3 - Comprar Passagem,200,OK,Teste de Carga - 250 usuarios 1-236,text,true,,6719,420,250,250,https://www.blazedemo.com/purchase.php,270,0,0
1774386524339,288,3 - Comprar Passagem,200,OK,Teste de Carga - 250 usuarios 1-30,text,true,,6719,420,250,250,https://www.blazedemo.com/purchase.php,275,0,0
1774386524198,431,1 - Acessar Home,200,OK,Teste de Carga - 250 usuarios 1-245,text,true,,4757,120,250,250,https://www.blazedemo.com/,420,0,0
1774386524184,447,2 - Escolher Voo,200,OK,Teste de Carga - 250 usuarios 1-130,text,true,,7381,250,250,250,https://www.blazedemo.com/reserve.php,427,0,0
1774386524338,294,2 - Escolher Voo,200,OK,Teste de Carga - 250 usuarios 1-27,text,true,,7381,250,250,250,https://www.blazedemo.com/reserve.php,273,0,0
1774386521099,3546,3 - Comprar Passagem,200,OK,Teste de Carga - 250 usuarios 1-17,text,true,,6719,420,250,250,https://www.blazedemo.com/purchase.php,3533,0,0
1774386520387,4263,1 - Acessar Home,200,OK,Teste de Carga - 250 usuarios 1-196,text,true,,4757,120,250,250,https://www.blazedemo.com/,4251,0,0
1774386523971,680,3 - Comprar Passagem,200,OK,Teste de Carga - 250 usuarios 1-135,text,true,,6719,420,250,250,https://www.blazedemo.com/purchase.php,666,0,0
1774386523969,690,3 - Comprar Passagem,200,OK,Teste de Carga - 250 usuarios 1-220,text,true,,6719,420,250,250,https://www.blazedemo.com/purchase.php,678,0,0
1774386523973,688,1 - Acessar Home,200,OK,Teste de Carga - 250 usuarios 1-237,text,true,,4757,120,250,250,https://www.blazedemo.com/,676,0,0
1774386521485,3176,1 - Acessar Home,200,OK,Teste de Carga - 250 usuarios 1-101,text,true,,4757,120,250,250,https://www.blazedemo.com/,3164,0,0
1774386524092,570,2 - Escolher Voo,200,OK,Teste de Carga - 250 usuarios 1-172,text,true,,7381,250,250,250,https://www.blazedemo.com/reserve.php,549,0,0
1774386524085,580,2 - Escolher Voo,200,OK,Teste de Carga - 250 usuarios 1-97,text,true,,7381,250,250,250,https://www.blazedemo.com/reserve.php,559,0,0
1774386523974,695,2 - Escolher Voo,200,OK,Teste de Carga - 250 usuarios 1-193,text,true,,7381,250,250,250,https://www.blazedemo.com/reserve.php,678,0,0
1774386524306,367,3 - Comprar Passagem,200,OK,Teste de Carga - 250 usuarios 1-144,text,true,,6719,420,250,250,https://www.blazedemo.com/purchase.php,355,0,0
1774386524339,335,1 - Acessar Home,200,OK,Teste de Carga - 250 usuarios 1-113,text,true,,4757,120,250,250,https://www.blazedemo.com/,322,0,0
1774386524420,258,2 - Escolher Voo,200,OK,Teste de Carga - 250 usuarios 1-65,text,true,,7381,250,250,250,https://www.blazedemo.com/reserve.php,238,0,0
1774386524428,254,1 - Acessar Home,200,OK,Teste de Carga - 250 usuarios 1-127,text,true,,4757,120,250,250,https://www.blazedemo.com/,242,0,0
1774386524341,352,1 - Acessar Home,200,OK,Teste de Carga - 250 usuarios 1-218,text,true,,4757,120,250,250,https://www.blazedemo.com/,340,0,0
1774386524408,298,3 - Comprar Passagem,200,OK,Teste de Carga - 250 usuarios 1-98,text,true,,6719,420,250,250,https://www.blazedemo.com/purchase.php,286,0,0
1774386524396,310,1 - Acessar Home,200,OK,Teste de Carga - 250 usuarios 1-37,text,true,,4757,120,250,250,https://www.blazedemo.com/,298,0,0
1774386520487,4221,1 - Acessar Home,200,OK,Teste de Carga - 250 usuarios 1-171,text,true,,4757,120,250,250,https://www.blazedemo.com/,4209,0,0
1774386522758,1966,2 - Escolher Voo,200,OK,Teste de Carga - 250 usuarios 1-183,text,true,,7381,250,250,250,https://www.blazedemo.com/reserve.php,1946,0,0
1774386524064,661,2 - Escolher Voo,200,OK,Teste de Carga - 250 usuarios 1-190,text,true,,7381,250,250,250,https://www.blazedemo.com/reserve.php,640,0,0
1774386524185,542,3 - Comprar Passagem,200,OK,Teste de Carga - 250 usuarios 1-192,text,true,,6719,420,250,250,https://www.blazedemo.com/purchase.php,529,0,0
1774386524192,536,1 - Acessar Home,200,OK,Teste de Carga - 250 usuarios 1-15,text,true,,4757,120,250,250,https://www.blazedemo.com/,524,0,0
1774386521290,3438,3 - Comprar Passagem,200,OK,Teste de Carga - 250 usuarios 1-76,text,true,,6719,420,250,250,https://www.blazedemo.com/purchase.php,3426,0,0
1774386524108,622,2 - Escolher Voo,200,OK,Teste de Carga - 250 usuarios 1-201,text,true,,7381,250,250,250,https://www.blazedemo.com/reserve.php,601,0,0
1774386524462,274,2 - Escolher Voo,200,OK,Teste de Carga - 250 usuarios 1-168,text,true,,7381,250,250,250,https://www.blazedemo.com/reserve.php,246,0,0
1774386524455,282,1 - Acessar Home,200,OK,Teste de Carga - 250 usuarios 1-99,text,true,,4757,120,250,250,https://www.blazedemo.com/,270,0,0
1774386521136,3607,2 - Escolher Voo,200,OK,Teste de Carga - 250 usuarios 1-32,text,true,,7381,250,250,250,https://www.blazedemo.com/reserve.php,3588,0,0
1774386524370,374,2 - Escolher Voo,200,OK,Teste de Carga - 250 usuarios 1-137,text,true,,7381,250,250,250,https://www.blazedemo.com/reserve.php,354,0,0
1774386524173,571,2 - Escolher Voo,200,OK,Teste de Carga - 250 usuarios 1-177,text,true,,7381,250,250,250,https://www.blazedemo.com/reserve.php,551,0,0
1774386521519,3228,1 - Acessar Home,200,OK,Teste de Carga - 250 usuarios 1-60,text,true,,4757,120,250,250,https://www.blazedemo.com/,3216,0,0
1774386524151,602,2 - Escolher Voo,200,OK,Teste de Carga - 250 usuarios 1-208,text,true,,7381,250,250,250,https://www.blazedemo.com/reserve.php,582,0,0
1774386524417,337,2 - Escolher Voo,200,OK,Teste de Carga - 250 usuarios 1-233,text,true,,7381,250,250,250,https://www.blazedemo.com/reserve.php,316,0,0
1774386524420,341,2 - Escolher Voo,200,OK,Teste de Carga - 250 usuarios 1-29,text,true,,7381,250,250,250,https://www.blazedemo.com/reserve.php,322,0,0
1774386524436,330,2 - Escolher Voo,200,OK,Teste de Carga - 250 usuarios 1-124,text,true,,7381,250,250,250,https://www.blazedemo.com/reserve.php,309,0,0
1774386524482,292,2 - Escolher Voo,200,OK,Teste de Carga - 250 usuarios 1-203,text,true,,7381,250,250,250,https://www.blazedemo.com/reserve.php,274,0,0
1774386524157,618,3 - Comprar Passagem,200,OK,Teste de Carga - 250 usuarios 1-181,text,true,,6719,420,250,250,https://www.blazedemo.com/purchase.php,607,0,0
1774386524205,570,3 - Comprar Passagem,200,OK,Teste de Carga - 250 usuarios 1-129,text,true,,6719,420,250,250,https://www.blazedemo.com/purchase.php,557,0,0
1774386524439,339,1 - Acessar Home,200,OK,Teste de Carga - 250 usuarios 1-46,text,true,,4757,120,250,250,https://www.blazedemo.com/,327,0,0
1774386524175,605,3 - Comprar Passagem,200,OK,Teste de Carga - 250 usuarios 1-47,text,true,,6719,420,250,250,https://www.blazedemo.com/purchase.php,594,0,0
1774386524509,272,1 - Acessar Home,200,OK,Teste de Carga - 250 usuarios 1-122,text,true,,4757,120,250,250,https://www.blazedemo.com/,260,0,0
1774386524489,293,1 - Acessar Home,200,OK,Teste de Carga - 250 usuarios 1-134,text,true,,4757,120,250,250,https://www.blazedemo.com/,281,0,0
1774386524388,395,3 - Comprar Passagem,200,OK,Teste de Carga - 250 usuarios 1-167,text,true,,6719,420,250,250,https://www.blazedemo.com/purchase.php,382,0,0
1774386524518,270,2 - Escolher Voo,200,OK,Teste de Carga - 250 usuarios 1-165,text,true,,7381,250,250,250,https://www.blazedemo.com/reserve.php,250,0,0
1774386524247,558,1 - Acessar Home,200,OK,Teste de Carga - 250 usuarios 1-95,text,true,,4757,120,250,250,https://www.blazedemo.com/,546,0,0
1774386524222,589,3 - Comprar Passagem,200,OK,Teste de Carga - 250 usuarios 1-96,text,true,,6719,420,250,250,https://www.blazedemo.com/purchase.php,578,0,0
1774386524568,253,1 - Acessar Home,200,OK,Teste de Carga - 250 usuarios 1-133,text,true,,4757,120,250,250,https://www.blazedemo.com/,241,0,0
1774386521294,3532,2 - Escolher Voo,200,OK,Teste de Carga - 250 usuarios 1-191,text,true,,7381,250,250,250,https://www.blazedemo.com/reserve.php,3515,0,0
1774386524184,642,1 - Acessar Home,200,OK,Teste de Carga - 250 usuarios 1-179,text,true,,4757,120,250,250,https://www.blazedemo.com/,630,0,0
1774386522827,2002,3 - Comprar Passagem,200,OK,Teste de Carga - 250 usuarios 1-136,text,true,,6719,420,250,250,https://www.blazedemo.com/purchase.php,1989,0,0
1774386524479,350,3 - Comprar Passagem,200,OK,Teste de Carga - 250 usuarios 1-12,text,true,,6719,420,250,250,https://www.blazedemo.com/purchase.php,337,0,0
1774386524384,454,2 - Escolher Voo,200,OK,Teste de Carga - 250 usuarios 1-55,text,true,,7381,250,250,250,https://www.blazedemo.com/reserve.php,434,0,0
1774386524539,300,2 - Escolher Voo,200,OK,Teste de Carga - 250 usuarios 1-24,text,true,,7381,250,250,250,https://www.blazedemo.com/reserve.php,279,0,0
1774386524292,551,1 - Acessar Home,200,OK,Teste de Carga - 250 usuarios 1-53,text,true,,4757,120,250,250,https://www.blazedemo.com/,539,0,0
1774386521604,3239,2 - Escolher Voo,200,OK,Teste de Carga - 250 usuarios 1-43,text,true,,7381,250,250,250,https://www.blazedemo.com/reserve.php,3219,0,0
1774386524271,575,1 - Acessar Home,200,OK,Teste de Carga - 250 usuarios 1-188,text,true,,4757,120,250,250,https://www.blazedemo.com/,563,0,0
1774386524257,591,3 - Comprar Passagem,200,OK,Teste de Carga - 250 usuarios 1-109,text,true,,6719,420,250,250,https://www.blazedemo.com/purchase.php,578,0,0
1774386521155,3696,2 - Escolher Voo,200,OK,Teste de Carga - 250 usuarios 1-143,text,true,,7381,250,250,250,https://www.blazedemo.com/reserve.php,3676,0,0
1774386524593,266,1 - Acessar Home,200,OK,Teste de Carga - 250 usuarios 1-79,text,true,,4757,120,250,250,https://www.blazedemo.com/,255,0,0
1774386524532,331,1 - Acessar Home,200,OK,Teste de Carga - 250 usuarios 1-123,text,true,,4757,120,250,250,https://www.blazedemo.com/,321,0,0
1774386524524,339,1 - Acessar Home,200,OK,Teste de Carga - 250 usuarios 1-221,text,true,,4757,120,250,250,https://www.blazedemo.com/,328,0,0
1774386524400,475,2 - Escolher Voo,200,OK,Teste de Carga - 250 usuarios 1-6,text,true,,7381,250,250,250,https://www.blazedemo.com/reserve.php,455,0,0
1774386524266,610,2 - Escolher Voo,200,OK,Teste de Carga - 250 usuarios 1-66,text,true,,7381,250,250,250,https://www.blazedemo.com/reserve.php,593,0,0
1774386524625,257,1 - Acessar Home,200,OK,Teste de Carga - 250 usuarios 1-236,text,true,,4757,120,250,250,https://www.blazedemo.com/,242,0,0
1774386524631,262,3 - Comprar Passagem,200,OK,Teste de Carga - 250 usuarios 1-130,text,true,,6719,420,250,250,https://www.blazedemo.com/purchase.php,252,0,0
1774386524326,569,1 - Acessar Home,200,OK,Teste de Carga - 250 usuarios 1-131,text,true,,4757,120,250,250,https://www.blazedemo.com/,557,0,0
1774386524280,616,2 - Escolher Voo,200,OK,Teste de Carga - 250 usuarios 1-186,text,true,,7381,250,250,250,https://www.blazedemo.com/reserve.php,587,0,0
1774386524296,604,3 - Comprar Passagem,200,OK,Teste de Carga - 250 usuarios 1-163,text,true,,6719,420,250,250,https://www.blazedemo.com/purchase.php,590,0,0
1774386524396,506,3 - Comprar Passagem,200,OK,Teste de Carga - 250 usuarios 1-18,text,true,,6719,420,250,250,https://www.blazedemo.com/purchase.php,493,0,0
1774386524625,277,2 - Escolher Voo,200,OK,Teste de Carga - 250 usuarios 1-86,text,true,,7381,250,250,250,https://www.blazedemo.com/reserve.php,257,0,0
1774386521342,3562,1 - Acessar Home,200,OK,Teste de Carga - 250 usuarios 1-19,text,true,,4757,120,250,250,https://www.blazedemo.com/,3549,0,0
1774386524538,369,3 - Comprar Passagem,200,OK,Teste de Carga - 250 usuarios 1-228,text,true,,6719,420,250,250,https://www.blazedemo.com/purchase.php,357,0,0
1774386524650,263,2 - Escolher Voo,200,OK,Teste de Carga - 250 usuarios 1-196,text,true,,7381,250,250,250,https://www.blazedemo.com/reserve.php,243,0,0
1774386520511,4402,3 - Comprar Passagem,200,OK,Teste de Carga - 250 usuarios 1-106,text,true,,6719,420,250,250,https://www.blazedemo.com/purchase.php,4391,0,0
1774386524627,292,1 - Acessar Home,200,OK,Teste de Carga - 250 usuarios 1-30,text,true,,4757,120,250,250,https://www.blazedemo.com/,280,0,0
1774386521698,3225,1 - Acessar Home,200,OK,Teste de Carga - 250 usuarios 1-160,text,true,,4757,120,250,250,https://www.blazedemo.com/,3213,0,0
1774386524491,432,3 - Comprar Passagem,200,OK,Teste de Carga - 250 usuarios 1-105,text,true,,6719,420,250,250,https://www.blazedemo.com/purchase.php,421,0,0
1774386524460,467,1 - Acessar Home,200,OK,Teste de Carga - 250 usuarios 1-56,text,true,,4757,120,250,250,https://www.blazedemo.com/,455,0,0
1774386524661,281,2 - Escolher Voo,200,OK,Teste de Carga - 250 usuarios 1-237,text,true,,7381,250,250,250,https://www.blazedemo.com/reserve.php,259,0,0
1774386524594,354,2 - Escolher Voo,200,OK,Teste de Carga - 250 usuarios 1-178,text,true,,7381,250,250,250,https://www.blazedemo.com/reserve.php,337,0,0
1774386522975,1980,2 - Escolher Voo,200,OK,Teste de Carga - 250 usuarios 1-10,text,true,,7381,250,250,250,https://www.blazedemo.com/reserve.php,1960,0,0
1774386524451,515,3 - Comprar Passagem,200,OK,Teste de Carga - 250 usuarios 1-248,text,true,,6719,420,250,250,https://www.blazedemo.com/purchase.php,503,0,0
1774386524432,538,3 - Comprar Passagem,200,OK,Teste de Carga - 250 usuarios 1-176,text,true,,6719,420,250,250,https://www.blazedemo.com/purchase.php,525,0,0
1774386524379,593,1 - Acessar Home,200,OK,Teste de Carga - 250 usuarios 1-44,text,true,,4757,120,250,250,https://www.blazedemo.com/,579,0,0
1774386524665,307,3 - Comprar Passagem,200,OK,Teste de Carga - 250 usuarios 1-97,text,true,,6719,420,250,250,https://www.blazedemo.com/purchase.php,294,0,0
1774386524693,283,2 - Escolher Voo,200,OK,Teste de Carga - 250 usuarios 1-218,text,true,,7381,250,250,250,https://www.blazedemo.com/reserve.php,267,0,0
1774386524682,296,2 - Escolher Voo,200,OK,Teste de Carga - 250 usuarios 1-127,text,true,,7381,250,250,250,https://www.blazedemo.com/reserve.php,275,0,0
1774386524629,354,2 - Escolher Voo,200,OK,Teste de Carga - 250 usuarios 1-245,text,true,,7381,250,250,250,https://www.blazedemo.com/reserve.php,337,0,0
1774386524586,404,3 - Comprar Passagem,200,OK,Teste de Carga - 250 usuarios 1-154,text,true,,6719,420,250,250,https://www.blazedemo.com/purchase.php,392,0,0
1774386521413,3580,3 - Comprar Passagem,200,OK,Teste de Carga - 250 usuarios 1-112,text,true,,6719,420,250,250,https://www.blazedemo.com/purchase.php,3568,0,0
1774386524542,455,1 - Acessar Home,200,OK,Teste de Carga - 250 usuarios 1-209,text,true,,4757,120,250,250,https://www.blazedemo.com/,443,0,0
1774386524618,381,1 - Acessar Home,200,OK,Teste de Carga - 250 usuarios 1-250,text,true,,4757,120,250,250,https://www.blazedemo.com/,370,0,0
1774386524551,449,2 - Escolher Voo,200,OK,Teste de Carga - 250 usuarios 1-153,text,true,,7381,250,250,250,https://www.blazedemo.com/reserve.php,428,0,0
1774386524361,642,3 - Comprar Passagem,200,OK,Teste de Carga - 250 usuarios 1-62,text,true,,6719,420,250,250,https://www.blazedemo.com/purchase.php,630,0,0
1774386524514,499,2 - Escolher Voo,200,OK,Teste de Carga - 250 usuarios 1-148,text,true,,7381,250,250,250,https://www.blazedemo.com/reserve.php,479,0,0
1774386524352,663,3 - Comprar Passagem,200,OK,Teste de Carga - 250 usuarios 1-175,text,true,,6719,420,250,250,https://www.blazedemo.com/purchase.php,651,0,0
1774386524725,292,3 - Comprar Passagem,200,OK,Teste de Carga - 250 usuarios 1-190,text,true,,6719,420,250,250,https://www.blazedemo.com/purchase.php,276,0,0
1774386524606,416,1 - Acessar Home,200,OK,Teste de Carga - 250 usuarios 1-197,text,true,,4757,120,250,250,https://www.blazedemo.com/,404,0,0
1774386524730,296,3 - Comprar Passagem,200,OK,Teste de Carga - 250 usuarios 1-201,text,true,,6719,420,250,250,https://www.blazedemo.com/purchase.php,286,0,0
1774386524564,466,2 - Escolher Voo,200,OK,Teste de Carga - 250 usuarios 1-212,text,true,,7381,250,250,250,https://www.blazedemo.com/reserve.php,450,0,0
1774386521819,3220,2 - Escolher Voo,200,OK,Teste de Carga - 250 usuarios 1-31,text,true,,7381,250,250,250,https://www.blazedemo.com/reserve.php,3199,0,0
1774386524445,596,1 - Acessar Home,200,OK,Teste de Carga - 250 usuarios 1-225,text,true,,4757,120,250,250,https://www.blazedemo.com/,584,0,0
1774386524708,337,2 - Escolher Voo,200,OK,Teste de Carga - 250 usuarios 1-171,text,true,,7381,250,250,250,https://www.blazedemo.com/reserve.php,318,0,0
1774386524736,325,3 - Comprar Passagem,200,OK,Teste de Carga - 250 usuarios 1-168,text,true,,6719,420,250,250,https://www.blazedemo.com/purchase.php,313,0,0
1774386523077,1989,1 - Acessar Home,200,OK,Teste de Carga - 250 usuarios 1-156,text,true,,4757,120,250,250,https://www.blazedemo.com/,1977,0,0
1774386524659,415,1 - Acessar Home,200,OK,Teste de Carga - 250 usuarios 1-220,text,true,,4757,120,250,250,https://www.blazedemo.com/,403,0,0
1774386521470,3606,1 - Acessar Home,200,OK,Teste de Carga - 250 usuarios 1-34,text,true,,4757,120,250,250,https://www.blazedemo.com/,3594,0,0
1774386524669,414,3 - Comprar Passagem,200,OK,Teste de Carga - 250 usuarios 1-193,text,true,,6719,420,250,250,https://www.blazedemo.com/purchase.php,397,0,0
1774386524598,487,2 - Escolher Voo,200,OK,Teste de Carga - 250 usuarios 1-28,text,true,,7381,250,250,250,https://www.blazedemo.com/reserve.php,466,0,0
1774386524821,265,2 - Escolher Voo,200,OK,Teste de Carga - 250 usuarios 1-133,text,true,,7381,250,250,250,https://www.blazedemo.com/reserve.php,250,0,0
1774386524762,335,3 - Comprar Passagem,200,OK,Teste de Carga - 250 usuarios 1-29,text,true,,6719,420,250,250,https://www.blazedemo.com/purchase.php,322,0,0
1774386524744,354,3 - Comprar Passagem,200,OK,Teste de Carga - 250 usuarios 1-137,text,true,,6719,420,250,250,https://www.blazedemo.com/purchase.php,341,0,0
1774386520714,4386,1 - Acessar Home,200,OK,Teste de Carga - 250 usuarios 1-234,text,true,,4757,120,250,250,https://www.blazedemo.com/,4374,0,0
1774386520743,4360,1 - Acessar Home,200,OK,Teste de Carga - 250 usuarios 1-139,text,true,,4757,120,250,250,https://www.blazedemo.com/,4348,0,0
1774386524781,323,2 - Escolher Voo,200,OK,Teste de Carga - 250 usuarios 1-122,text,true,,7381,250,250,250,https://www.blazedemo.com/reserve.php,302,0,0
1774386521253,3852,2 - Escolher Voo,200,OK,Teste de Carga - 250 usuarios 1-244,text,true,,7381,250,250,250,https://www.blazedemo.com/reserve.php,3833,0,0
1774386524774,333,3 - Comprar Passagem,200,OK,Teste de Carga - 250 usuarios 1-203,text,true,,6719,420,250,250,https://www.blazedemo.com/purchase.php,320,0,0
1774386524778,336,2 - Escolher Voo,200,OK,Teste de Carga - 250 usuarios 1-46,text,true,,7381,250,250,250,https://www.blazedemo.com/reserve.php,316,0,0
1774386524459,658,3 - Comprar Passagem,200,OK,Teste de Carga - 250 usuarios 1-227,text,true,,6719,420,250,250,https://www.blazedemo.com/purchase.php,647,0,0
1774386524582,536,1 - Acessar Home,200,OK,Teste de Carga - 250 usuarios 1-92,text,true,,4757,120,250,250,https://www.blazedemo.com/,525,0,0
1774386524780,341,1 - Acessar Home,200,OK,Teste de Carga - 250 usuarios 1-47,text,true,,4757,120,250,250,https://www.blazedemo.com/,328,0,0
1774386524632,490,3 - Comprar Passagem,200,OK,Teste de Carga - 250 usuarios 1-27,text,true,,6719,420,250,250,https://www.blazedemo.com/purchase.php,477,0,0
1774386524737,392,2 - Escolher Voo,200,OK,Teste de Carga - 250 usuarios 1-99,text,true,,7381,250,250,250,https://www.blazedemo.com/reserve.php,375,0,0
1774386524863,267,2 - Escolher Voo,200,OK,Teste de Carga - 250 usuarios 1-221,text,true,,7381,250,250,250,https://www.blazedemo.com/reserve.php,247,0,0
1774386524776,362,1 - Acessar Home,200,OK,Teste de Carga - 250 usuarios 1-181,text,true,,4757,120,250,250,https://www.blazedemo.com/,349,0,0
1774386524645,499,1 - Acessar Home,200,OK,Teste de Carga - 250 usuarios 1-17,text,true,,4757,120,250,250,https://www.blazedemo.com/,487,0,0
1774386524875,276,3 - Comprar Passagem,200,OK,Teste de Carga - 250 usuarios 1-6,text,true,,6719,420,250,250,https://www.blazedemo.com/purchase.php,263,0,0
1774386524753,404,3 - Comprar Passagem,200,OK,Teste de Carga - 250 usuarios 1-208,text,true,,6719,420,250,250,https://www.blazedemo.com/purchase.php,393,0,0
1774386524724,434,3 - Comprar Passagem,200,OK,Teste de Carga - 250 usuarios 1-183,text,true,,6719,420,250,250,https://www.blazedemo.com/purchase.php,422,0,0
1774386523170,2000,2 - Escolher Voo,200,OK,Teste de Carga - 250 usuarios 1-217,text,true,,7381,250,250,250,https://www.blazedemo.com/reserve.php,1984,0,0
1774386524603,567,3 - Comprar Passagem,200,OK,Teste de Carga - 250 usuarios 1-23,text,true,,6719,420,250,250,https://www.blazedemo.com/purchase.php,554,0,0
1774386524782,395,2 - Escolher Voo,200,OK,Teste de Carga - 250 usuarios 1-134,text,true,,7381,250,250,250,https://www.blazedemo.com/reserve.php,374,0,0
1774386524907,270,1 - Acessar Home,200,OK,Teste de Carga - 250 usuarios 1-228,text,true,,4757,120,250,250,https://www.blazedemo.com/,259,0,0
1774386524900,280,1 - Acessar Home,200,OK,Teste de Carga - 250 usuarios 1-163,text,true,,4757,120,250,250,https://www.blazedemo.com/,268,0,0
1774386524591,592,2 - Escolher Voo,200,OK,Teste de Carga - 250 usuarios 1-114,text,true,,7381,250,250,250,https://www.blazedemo.com/reserve.php,570,0,0
1774386524829,356,1 - Acessar Home,200,OK,Teste de Carga - 250 usuarios 1-136,text,true,,4757,120,250,250,https://www.blazedemo.com/,344,0,0
1774386524662,535,3 - Comprar Passagem,200,OK,Teste de Carga - 250 usuarios 1-172,text,true,,6719,420,250,250,https://www.blazedemo.com/purchase.php,524,0,0
1774386524923,275,2 - Escolher Voo,200,OK,Teste de Carga - 250 usuarios 1-160,text,true,,7381,250,250,250,https://www.blazedemo.com/reserve.php,254,0,0
1774386524863,335,2 - Escolher Voo,200,OK,Teste de Carga - 250 usuarios 1-123,text,true,,7381,250,250,250,https://www.blazedemo.com/reserve.php,315,0,0
1774386524843,361,2 - Escolher Voo,200,OK,Teste de Carga - 250 usuarios 1-53,text,true,,7381,250,250,250,https://www.blazedemo.com/reserve.php,340,0,0
1774386524839,372,3 - Comprar Passagem,200,OK,Teste de Carga - 250 usuarios 1-24,text,true,,6719,420,250,250,https://www.blazedemo.com/purchase.php,362,0,0
1774386524679,538,3 - Comprar Passagem,200,OK,Teste de Carga - 250 usuarios 1-65,text,true,,6719,420,250,250,https://www.blazedemo.com/purchase.php,525,0,0
1774386522041,3177,1 - Acessar Home,200,OK,Teste de Carga - 250 usuarios 1-13,text,true,,4757,120,250,250,https://www.blazedemo.com/,3165,0,0
1774386524966,256,1 - Acessar Home,200,OK,Teste de Carga - 250 usuarios 1-248,text,true,,4757,120,250,250,https://www.blazedemo.com/,244,0,0
1774386524893,343,1 - Acessar Home,200,OK,Teste de Carga - 250 usuarios 1-130,text,true,,4757,120,250,250,https://www.blazedemo.com/,331,0,0
1774386524913,329,1 - Acessar Home,200,OK,Teste de Carga - 250 usuarios 1-106,text,true,,4757,120,250,250,https://www.blazedemo.com/,318,0,0
1774386524972,281,2 - Escolher Voo,200,OK,Teste de Carga - 250 usuarios 1-44,text,true,,7381,250,250,250,https://www.blazedemo.com/reserve.php,261,0,0
1774386525017,249,1 - Acessar Home,200,OK,Teste de Carga - 250 usuarios 1-190,text,true,,4757,120,250,250,https://www.blazedemo.com/,237,0,0
1774386524913,358,3 - Comprar Passagem,200,OK,Teste de Carga - 250 usuarios 1-196,text,true,,6719,420,250,250,https://www.blazedemo.com/purchase.php,346,0,0
1774386520829,4443,3 - Comprar Passagem,200,OK,Teste de Carga - 250 usuarios 1-224,text,true,,6719,420,250,250,https://www.blazedemo.com/purchase.php,4424,0,0
1774386524972,305,1 - Acessar Home,200,OK,Teste de Carga - 250 usuarios 1-97,text,true,,4757,120,250,250,https://www.blazedemo.com/,293,0,0
1774386520862,4416,2 - Escolher Voo,200,OK,Teste de Carga - 250 usuarios 1-242,text,true,,7381,250,250,250,https://www.blazedemo.com/reserve.php,4395,0,0
1774386524904,376,2 - Escolher Voo,200,OK,Teste de Carga - 250 usuarios 1-19,text,true,,7381,250,250,250,https://www.blazedemo.com/reserve.php,357,0,0
1774386525030,255,3 - Comprar Passagem,200,OK,Teste de Carga - 250 usuarios 1-212,text,true,,6719,420,250,250,https://www.blazedemo.com/purchase.php,242,0,0
1774386521546,3739,1 - Acessar Home,200,OK,Teste de Carga - 250 usuarios 1-157,text,true,,4757,120,250,250,https://www.blazedemo.com/,3726,0,0
1774386524896,390,3 - Comprar Passagem,200,OK,Teste de Carga - 250 usuarios 1-186,text,true,,6719,420,250,250,https://www.blazedemo.com/purchase.php,378,0,0
1774386524983,305,3 - Comprar Passagem,200,OK,Teste de Carga - 250 usuarios 1-245,text,true,,6719,420,250,250,https://www.blazedemo.com/purchase.php,289,0,0
1774386524674,618,2 - Escolher Voo,200,OK,Teste de Carga - 250 usuarios 1-113,text,true,,7381,250,250,250,https://www.blazedemo.com/reserve.php,597,0,0
1774386520810,4485,3 - Comprar Passagem,200,OK,Teste de Carga - 250 usuarios 1-119,text,true,,6719,420,250,250,https://www.blazedemo.com/purchase.php,4475,0,0
1774386524766,529,3 - Comprar Passagem,200,OK,Teste de Carga - 250 usuarios 1-124,text,true,,6719,420,250,250,https://www.blazedemo.com/purchase.php,512,0,0
1774386525013,283,3 - Comprar Passagem,200,OK,Teste de Carga - 250 usuarios 1-148,text,true,,6719,420,250,250,https://www.blazedemo.com/purchase.php,272,0,0
1774386521458,3839,2 - Escolher Voo,200,OK,Teste de Carga - 250 usuarios 1-115,text,true,,7381,250,250,250,https://www.blazedemo.com/reserve.php,3819,0,0
1774386525015,289,1 - Acessar Home,200,OK,Teste de Carga - 250 usuarios 1-175,text,true,,4757,120,250,250,https://www.blazedemo.com/,276,0,0
1774386522062,3246,1 - Acessar Home,200,OK,Teste de Carga - 250 usuarios 1-241,text,true,,4757,120,250,250,https://www.blazedemo.com/,3234,0,0
1774386524948,378,3 - Comprar Passagem,200,OK,Teste de Carga - 250 usuarios 1-178,text,true,,6719,420,250,250,https://www.blazedemo.com/purchase.php,367,0,0
1774386524744,585,3 - Comprar Passagem,200,OK,Teste de Carga - 250 usuarios 1-177,text,true,,6719,420,250,250,https://www.blazedemo.com/purchase.php,573,0,0
1774386524783,549,1 - Acessar Home,200,OK,Teste de Carga - 250 usuarios 1-167,text,true,,4757,120,250,250,https://www.blazedemo.com/,535,0,0
1774386524727,606,1 - Acessar Home,200,OK,Teste de Carga - 250 usuarios 1-192,text,true,,4757,120,250,250,https://www.blazedemo.com/,591,0,0
1774386524993,346,1 - Acessar Home,200,OK,Teste de Carga - 250 usuarios 1-112,text,true,,4757,120,250,250,https://www.blazedemo.com/,334,0,0
1774386524990,351,1 - Acessar Home,200,OK,Teste de Carga - 250 usuarios 1-154,text,true,,4757,120,250,250,https://www.blazedemo.com/,341,0,0
1774386525041,303,2 - Escolher Voo,200,OK,Teste de Carga - 250 usuarios 1-225,text,true,,7381,250,250,250,https://www.blazedemo.com/reserve.php,283,0,0
1774386521644,3708,1 - Acessar Home,200,OK,Teste de Carga - 250 usuarios 1-25,text,true,,4757,120,250,250,https://www.blazedemo.com/,3695,0,0
1774386524970,401,1 - Acessar Home,200,OK,Teste de Carga - 250 usuarios 1-176,text,true,,4757,120,250,250,https://www.blazedemo.com/,389,0,0
1774386525083,291,1 - Acessar Home,200,OK,Teste de Carga - 250 usuarios 1-193,text,true,,4757,120,250,250,https://www.blazedemo.com/,281,0,0
1774386524942,437,3 - Comprar Passagem,200,OK,Teste de Carga - 250 usuarios 1-237,text,true,,6719,420,250,250,https://www.blazedemo.com/purchase.php,420,0,0
1774386525104,285,3 - Comprar Passagem,200,OK,Teste de Carga - 250 usuarios 1-122,text,true,,6719,420,250,250,https://www.blazedemo.com/purchase.php,274,0,0
1774386524728,664,1 - Acessar Home,200,OK,Teste de Carga - 250 usuarios 1-76,text,true,,4757,120,250,250,https://www.blazedemo.com/,652,0,0
1774386522110,3288,1 - Acessar Home,200,OK,Teste de Carga - 250 usuarios 1-51,text,true,,4757,120,250,250,https://www.blazedemo.com/,3277,0,0
1774386524728,670,2 - Escolher Voo,200,OK,Teste de Carga - 250 usuarios 1-15,text,true,,7381,250,250,250,https://www.blazedemo.com/reserve.php,651,0,0
1774386525074,329,2 - Escolher Voo,200,OK,Teste de Carga - 250 usuarios 1-220,text,true,,7381,250,250,250,https://www.blazedemo.com/reserve.php,309,0,0
1774386520906,4500,1 - Acessar Home,200,OK,Teste de Carga - 250 usuarios 1-3,text,true,,4757,120,250,250,https://www.blazedemo.com/,4487,0,0
1774386525100,306,2 - Escolher Voo,200,OK,Teste de Carga - 250 usuarios 1-234,text,true,,7381,250,250,250,https://www.blazedemo.com/reserve.php,290,0,0
1774386521553,3859,3 - Comprar Passagem,200,OK,Teste de Carga - 250 usuarios 1-80,text,true,,6719,420,250,250,https://www.blazedemo.com/purchase.php,3847,0,0
1774386524919,497,2 - Escolher Voo,200,OK,Teste de Carga - 250 usuarios 1-30,text,true,,7381,250,250,250,https://www.blazedemo.com/reserve.php,478,0,0
1774386525130,286,3 - Comprar Passagem,200,OK,Teste de Carga - 250 usuarios 1-221,text,true,,6719,420,250,250,https://www.blazedemo.com/purchase.php,274,0,0
1774386525157,266,1 - Acessar Home,200,OK,Teste de Carga - 250 usuarios 1-208,text,true,,4757,120,250,250,https://www.blazedemo.com/,255,0,0
1774386525144,287,2 - Escolher Voo,200,OK,Teste de Carga - 250 usuarios 1-17,text,true,,7381,250,250,250,https://www.blazedemo.com/reserve.php,266,0,0
1774386521640,3794,3 - Comprar Passagem,200,OK,Teste de Carga - 250 usuarios 1-87,text,true,,6719,420,250,250,https://www.blazedemo.com/purchase.php,3781,0,0
1774386524923,511,1 - Acessar Home,200,OK,Teste de Carga - 250 usuarios 1-105,text,true,,4757,120,250,250,https://www.blazedemo.com/,500,0,0
1774386525159,280,1 - Acessar Home,200,OK,Teste de Carga - 250 usuarios 1-183,text,true,,4757,120,250,250,https://www.blazedemo.com/,268,0,0
1774386524788,656,3 - Comprar Passagem,200,OK,Teste de Carga - 250 usuarios 1-165,text,true,,6719,420,250,250,https://www.blazedemo.com/purchase.php,644,0,0
1774386525000,451,3 - Comprar Passagem,200,OK,Teste de Carga - 250 usuarios 1-153,text,true,,6719,420,250,250,https://www.blazedemo.com/purchase.php,439,0,0
1774386525197,263,1 - Acessar Home,200,OK,Teste de Carga - 250 usuarios 1-172,text,true,,4757,120,250,250,https://www.blazedemo.com/,251,0,0
1774386525097,367,1 - Acessar Home,200,OK,Teste de Carga - 250 usuarios 1-29,text,true,,4757,120,250,250,https://www.blazedemo.com/,255,0,0
1774386525130,334,3 - Comprar Passagem,200,OK,Teste de Carga - 250 usuarios 1-99,text,true,,6719,420,250,250,https://www.blazedemo.com/purchase.php,323,0,0
1774386525107,359,1 - Acessar Home,200,OK,Teste de Carga - 250 usuarios 1-203,text,true,,4757,120,250,250,https://www.blazedemo.com/,348,0,0
1774386520961,4507,3 - Comprar Passagem,200,OK,Teste de Carga - 250 usuarios 1-150,text,true,,6719,420,250,250,https://www.blazedemo.com/purchase.php,4496,0,0
1774386524812,657,1 - Acessar Home,200,OK,Teste de Carga - 250 usuarios 1-96,text,true,,4757,120,250,250,https://www.blazedemo.com/,645,0,0
1774386524829,647,1 - Acessar Home,200,OK,Teste de Carga - 250 usuarios 1-12,text,true,,4757,120,250,250,https://www.blazedemo.com/,635,0,0
1774386521609,3867,2 - Escolher Voo,200,OK,Teste de Carga - 250 usuarios 1-61,text,true,,7381,250,250,250,https://www.blazedemo.com/reserve.php,3847,0,0
1774386524805,684,2 - Escolher Voo,200,OK,Teste de Carga - 250 usuarios 1-95,text,true,,7381,250,250,250,https://www.blazedemo.com/reserve.php,663,0,0
1774386525181,311,2 - Escolher Voo,200,OK,Teste de Carga - 250 usuarios 1-163,text,true,,7381,250,250,250,https://www.blazedemo.com/reserve.php,291,0,0
1774386522206,3288,2 - Escolher Voo,200,OK,Teste de Carga - 250 usuarios 1-249,text,true,,7381,250,250,250,https://www.blazedemo.com/reserve.php,3272,0,0
1774386524997,500,2 - Escolher Voo,200,OK,Teste de Carga - 250 usuarios 1-209,text,true,,7381,250,250,250,https://www.blazedemo.com/reserve.php,481,0,0
1774386525170,331,3 - Comprar Passagem,200,OK,Teste de Carga - 250 usuarios 1-217,text,true,,6719,420,250,250,https://www.blazedemo.com/purchase.php,319,0,0
1774386525204,306,3 - Comprar Passagem,200,OK,Teste de Carga - 250 usuarios 1-53,text,true,,6719,420,250,250,https://www.blazedemo.com/purchase.php,294,0,0
1774386525199,315,3 - Comprar Passagem,200,OK,Teste de Carga - 250 usuarios 1-123,text,true,,6719,420,250,250,https://www.blazedemo.com/purchase.php,303,0,0
1774386524848,667,1 - Acessar Home,200,OK,Teste de Carga - 250 usuarios 1-109,text,true,,4757,120,250,250,https://www.blazedemo.com/,655,0,0
1774386524895,624,2 - Escolher Voo,200,OK,Teste de Carga - 250 usuarios 1-131,text,true,,7381,250,250,250,https://www.blazedemo.com/reserve.php,604,0,0
1774386523638,1881,2 - Escolher Voo,200,OK,Teste de Carga - 250 usuarios 1-14,text,true,,7381,250,250,250,https://www.blazedemo.com/reserve.php,1865,0,0
1774386525022,504,2 - Escolher Voo,200,OK,Teste de Carga - 250 usuarios 1-197,text,true,,7381,250,250,250,https://www.blazedemo.com/reserve.php,484,0,0
1774386521775,3756,1 - Acessar Home,200,OK,Teste de Carga - 250 usuarios 1-149,text,true,,4757,120,250,250,https://www.blazedemo.com/,3745,0,0
1774386525285,248,1 - Acessar Home,200,OK,Teste de Carga - 250 usuarios 1-212,text,true,,4757,120,250,250,https://www.blazedemo.com/,237,0,0
1774386525253,282,3 - Comprar Passagem,200,OK,Teste de Carga - 250 usuarios 1-44,text,true,,6719,420,250,250,https://www.blazedemo.com/purchase.php,266,0,0
1774386525293,248,3 - Comprar Passagem,200,OK,Teste de Carga - 250 usuarios 1-113,text,true,,6719,420,250,250,https://www.blazedemo.com/purchase.php,235,0,0
1774386525285,257,2 - Escolher Voo,200,OK,Teste de Carga - 250 usuarios 1-157,text,true,,7381,250,250,250,https://www.blazedemo.com/reserve.php,236,0,0
1774386525098,448,1 - Acessar Home,200,OK,Teste de Carga - 250 usuarios 1-137,text,true,,4757,120,250,250,https://www.blazedemo.com/,438,0,0
1774386525295,257,1 - Acessar Home,200,OK,Teste de Carga - 250 usuarios 1-124,text,true,,4757,120,250,250,https://www.blazedemo.com/,246,0,0
1774386525267,295,2 - Escolher Voo,200,OK,Teste de Carga - 250 usuarios 1-190,text,true,,7381,250,250,250,https://www.blazedemo.com/reserve.php,276,0,0
1774386522209,3353,3 - Comprar Passagem,200,OK,Teste de Carga - 250 usuarios 1-40,text,true,,6719,420,250,250,https://www.blazedemo.com/purchase.php,3341,0,0
1774386524826,738,3 - Comprar Passagem,200,OK,Teste de Carga - 250 usuarios 1-191,text,true,,6719,420,250,250,https://www.blazedemo.com/purchase.php,725,0,0
1774386525114,453,3 - Comprar Passagem,200,OK,Teste de Carga - 250 usuarios 1-46,text,true,,6719,420,250,250,https://www.blazedemo.com/purchase.php,432,0,0
1774386524859,710,2 - Escolher Voo,200,OK,Teste de Carga - 250 usuarios 1-79,text,true,,7381,250,250,250,https://www.blazedemo.com/reserve.php,689,0,0
1774386525277,292,2 - Escolher Voo,200,OK,Teste de Carga - 250 usuarios 1-97,text,true,,7381,250,250,250,https://www.blazedemo.com/reserve.php,272,0,0
1774386525332,247,2 - Escolher Voo,200,OK,Teste de Carga - 250 usuarios 1-167,text,true,,7381,250,250,250,https://www.blazedemo.com/reserve.php,227,0,0
1774386525121,458,2 - Escolher Voo,200,OK,Teste de Carga - 250 usuarios 1-47,text,true,,7381,250,250,250,https://www.blazedemo.com/reserve.php,438,0,0
1774386520981,4607,2 - Escolher Voo,200,OK,Teste de Carga - 250 usuarios 1-210,text,true,,7381,250,250,250,https://www.blazedemo.com/reserve.php,4587,0,0
1774386522333,3257,2 - Escolher Voo,200,OK,Teste de Carga - 250 usuarios 1-41,text,true,,7381,250,250,250,https://www.blazedemo.com/reserve.php,3245,0,0
1774386525219,373,2 - Escolher Voo,200,OK,Teste de Carga - 250 usuarios 1-13,text,true,,7381,250,250,250,https://www.blazedemo.com/reserve.php,352,0,0
1774386524955,642,3 - Comprar Passagem,200,OK,Teste de Carga - 250 usuarios 1-10,text,true,,6719,420,250,250,https://www.blazedemo.com/purchase.php,630,0,0
1774386521220,4380,3 - Comprar Passagem,200,OK,Teste de Carga - 250 usuarios 1-58,text,true,,6719,420,250,250,https://www.blazedemo.com/purchase.php,4364,0,0
1774386521693,3910,1 - Acessar Home,200,OK,Teste de Carga - 250 usuarios 1-223,text,true,,4757,120,250,250,https://www.blazedemo.com/,3899,0,0
1774386525286,320,1 - Acessar Home,200,OK,Teste de Carga - 250 usuarios 1-186,text,true,,4757,120,250,250,https://www.blazedemo.com/,308,0,0
1774386525106,502,3 - Comprar Passagem,200,OK,Teste de Carga - 250 usuarios 1-244,text,true,,6719,420,250,250,https://www.blazedemo.com/purchase.php,486,0,0
1774386521831,3793,1 - Acessar Home,200,OK,Teste de Carga - 250 usuarios 1-45,text,true,,4757,120,250,250,https://www.blazedemo.com/,3780,0,0
1774386520968,4661,1 - Acessar Home,200,OK,Teste de Carga - 250 usuarios 1-211,text,true,,4757,120,250,250,https://www.blazedemo.com/,4650,0,0
1774386523842,1794,3 - Comprar Passagem,200,OK,Teste de Carga - 250 usuarios 1-141,text,true,,6719,420,250,250,https://www.blazedemo.com/purchase.php,1782,0,0
1774386525398,242,3 - Comprar Passagem,200,OK,Teste de Carga - 250 usuarios 1-15,text,true,,6719,420,250,250,https://www.blazedemo.com/purchase.php,231,0,0
1774386525392,251,2 - Escolher Voo,200,OK,Teste de Carga - 250 usuarios 1-76,text,true,,7381,250,250,250,https://www.blazedemo.com/reserve.php,231,0,0
1774386524826,820,2 - Escolher Voo,200,OK,Teste de Carga - 250 usuarios 1-179,text,true,,7381,250,250,250,https://www.blazedemo.com/reserve.php,799,0,0
1774386525304,343,2 - Escolher Voo,200,OK,Teste de Carga - 250 usuarios 1-175,text,true,,7381,250,250,250,https://www.blazedemo.com/reserve.php,324,0,0
1774386525026,622,1 - Acessar Home,200,OK,Teste de Carga - 250 usuarios 1-201,text,true,,4757,120,250,250,https://www.blazedemo.com/,610,0,0
1774386525039,609,3 - Comprar Passagem,200,OK,Teste de Carga - 250 usuarios 1-31,text,true,,6719,420,250,250,https://www.blazedemo.com/purchase.php,591,0,0
1774386525390,265,1 - Acessar Home,200,OK,Teste de Carga - 250 usuarios 1-122,text,true,,4757,120,250,250,https://www.blazedemo.com/,253,0,0
1774386525403,255,3 - Comprar Passagem,200,OK,Teste de Carga - 250 usuarios 1-220,text,true,,6719,420,250,250,https://www.blazedemo.com/purchase.php,243,0,0
1774386525118,541,1 - Acessar Home,200,OK,Teste de Carga - 250 usuarios 1-227,text,true,,4757,120,250,250,https://www.blazedemo.com/,529,0,0
1774386525379,285,1 - Acessar Home,200,OK,Teste de Carga - 250 usuarios 1-237,text,true,,4757,120,250,250,https://www.blazedemo.com/,272,0,0
1774386525330,334,1 - Acessar Home,200,OK,Teste de Carga - 250 usuarios 1-177,text,true,,4757,120,250,250,https://www.blazedemo.com/,322,0,0
1774386525242,422,2 - Escolher Voo,200,OK,Teste de Carga - 250 usuarios 1-106,text,true,,7381,250,250,250,https://www.blazedemo.com/reserve.php,401,0,0
1774386525416,248,1 - Acessar Home,200,OK,Teste de Carga - 250 usuarios 1-221,text,true,,4757,120,250,250,https://www.blazedemo.com/,236,0,0
1774386525295,374,1 - Acessar Home,200,OK,Teste de Carga - 250 usuarios 1-119,text,true,,4757,120,250,250,https://www.blazedemo.com/,363,0,0
1774386525122,555,1 - Acessar Home,200,OK,Teste de Carga - 250 usuarios 1-27,text,true,,4757,120,250,250,https://www.blazedemo.com/,543,0,0
1774386525374,305,2 - Escolher Voo,200,OK,Teste de Carga - 250 usuarios 1-193,text,true,,7381,250,250,250,https://www.blazedemo.com/reserve.php,285,0,0
1774386525416,264,3 - Comprar Passagem,200,OK,Teste de Carga - 250 usuarios 1-30,text,true,,6719,420,250,250,https://www.blazedemo.com/purchase.php,253,0,0
1774386525184,496,3 - Comprar Passagem,200,OK,Teste de Carga - 250 usuarios 1-114,text,true,,6719,420,250,250,https://www.blazedemo.com/purchase.php,485,0,0
1774386521741,3947,1 - Acessar Home,200,OK,Teste de Carga - 250 usuarios 1-229,text,true,,4757,120,250,250,https://www.blazedemo.com/,3935,0,0
1774386525288,417,1 - Acessar Home,200,OK,Teste de Carga - 250 usuarios 1-245,text,true,,4757,120,250,250,https://www.blazedemo.com/,406,0,0
1774386521269,4438,1 - Acessar Home,200,OK,Teste de Carga - 250 usuarios 1-85,text,true,,4757,120,250,250,https://www.blazedemo.com/,4426,0,0
1774386522359,3357,3 - Comprar Passagem,200,OK,Teste de Carga - 250 usuarios 1-9,text,true,,6719,420,250,250,https://www.blazedemo.com/purchase.php,3344,0,0
1774386525406,310,2 - Escolher Voo,200,OK,Teste de Carga - 250 usuarios 1-3,text,true,,7381,250,250,250,https://www.blazedemo.com/reserve.php,292,0,0
1774386524876,843,3 - Comprar Passagem,200,OK,Teste de Carga - 250 usuarios 1-66,text,true,,6719,420,250,250,https://www.blazedemo.com/purchase.php,829,0,0
1774386521261,4461,2 - Escolher Voo,200,OK,Teste de Carga - 250 usuarios 1-142,text,true,,7381,250,250,250,https://www.blazedemo.com/reserve.php,4440,0,0
1774386521732,3998,2 - Escolher Voo,200,OK,Teste de Carga - 250 usuarios 1-20,text,true,,7381,250,250,250,https://www.blazedemo.com/reserve.php,3977,0,0
1774386521862,3869,3 - Comprar Passagem,200,OK,Teste de Carga - 250 usuarios 1-158,text,true,,6719,420,250,250,https://www.blazedemo.com/purchase.php,3857,0,0
1774386525460,276,2 - Escolher Voo,200,OK,Teste de Carga - 250 usuarios 1-172,text,true,,7381,250,250,250,https://www.blazedemo.com/reserve.php,256,0,0
1774386525061,679,1 - Acessar Home,200,OK,Teste de Carga - 250 usuarios 1-168,text,true,,4757,120,250,250,https://www.blazedemo.com/,667,0,0
1774386525271,470,1 - Acessar Home,200,OK,Teste de Carga - 250 usuarios 1-196,text,true,,4757,120,250,250,https://www.blazedemo.com/,461,0,0
1774386525496,246,3 - Comprar Passagem,200,OK,Teste de Carga - 250 usuarios 1-209,text,true,,6719,420,250,250,https://www.blazedemo.com/purchase.php,231,0,0
1774386525466,280,2 - Escolher Voo,200,OK,Teste de Carga - 250 usuarios 1-203,text,true,,7381,250,250,250,https://www.blazedemo.com/reserve.php,261,0,0
1774386525186,568,2 - Escolher Voo,200,OK,Teste de Carga - 250 usuarios 1-136,text,true,,7381,250,250,250,https://www.blazedemo.com/reserve.php,548,0,0
1774386525492,266,3 - Comprar Passagem,200,OK,Teste de Carga - 250 usuarios 1-163,text,true,,6719,420,250,250,https://www.blazedemo.com/purchase.php,254,0,0
1774386525151,610,1 - Acessar Home,200,OK,Teste de Carga - 250 usuarios 1-6,text,true,,4757,120,250,250,https://www.blazedemo.com/,598,0,0
1774386525444,321,1 - Acessar Home,200,OK,Teste de Carga - 250 usuarios 1-165,text,true,,4757,120,250,250,https://www.blazedemo.com/,310,0,0
1774386525398,373,2 - Escolher Voo,200,OK,Teste de Carga - 250 usuarios 1-51,text,true,,7381,250,250,250,https://www.blazedemo.com/reserve.php,349,0,0
1774386524055,1716,3 - Comprar Passagem,200,OK,Teste de Carga - 250 usuarios 1-121,text,true,,6719,420,250,250,https://www.blazedemo.com/purchase.php,1704,0,0
1774386522447,3324,3 - Comprar Passagem,200,OK,Teste de Carga - 250 usuarios 1-194,text,true,,6719,420,250,250,https://www.blazedemo.com/purchase.php,3307,0,0
1774386525513,258,1 - Acessar Home,200,OK,Teste de Carga - 250 usuarios 1-123,text,true,,4757,120,250,250,https://www.blazedemo.com/,246,0,0
1774386521761,4014,1 - Acessar Home,200,OK,Teste de Carga - 250 usuarios 1-247,text,true,,4757,120,250,250,https://www.blazedemo.com/,4002,0,0
1774386525540,240,1 - Acessar Home,200,OK,Teste de Carga - 250 usuarios 1-113,text,true,,4757,120,250,250,https://www.blazedemo.com/,228,0,0
1774386524158,1626,2 - Escolher Voo,200,OK,Teste de Carga - 250 usuarios 1-195,text,true,,7381,250,250,250,https://www.blazedemo.com/reserve.php,1610,0,0
1774386525308,480,2 - Escolher Voo,200,OK,Teste de Carga - 250 usuarios 1-241,text,true,,7381,250,250,250,https://www.blazedemo.com/reserve.php,459,0,0
1774386525475,313,3 - Comprar Passagem,200,OK,Teste de Carga - 250 usuarios 1-61,text,true,,6719,420,250,250,https://www.blazedemo.com/purchase.php,299,0,0
1774386525514,280,2 - Escolher Voo,200,OK,Teste de Carga - 250 usuarios 1-109,text,true,,7381,250,250,250,https://www.blazedemo.com/reserve.php,242,0,0
1774386525177,630,3 - Comprar Passagem,200,OK,Teste de Carga - 250 usuarios 1-134,text,true,,6719,420,250,250,https://www.blazedemo.com/purchase.php,618,0,0
1774386525118,691,2 - Escolher Voo,200,OK,Teste de Carga - 250 usuarios 1-92,text,true,,7381,250,250,250,https://www.blazedemo.com/reserve.php,671,0,0
1774386522434,3380,1 - Acessar Home,200,OK,Teste de Carga - 250 usuarios 1-164,text,true,,4757,120,250,250,https://www.blazedemo.com/,3368,0,0
1774386525519,301,3 - Comprar Passagem,200,OK,Teste de Carga - 250 usuarios 1-14,text,true,,6723,420,250,250,https://www.blazedemo.com/purchase.php,289,0,0
1774386525525,300,3 - Comprar Passagem,200,OK,Teste de Carga - 250 usuarios 1-197,text,true,,6719,420,250,250,https://www.blazedemo.com/purchase.php,287,0,0
1774386525296,530,1 - Acessar Home,200,OK,Teste de Carga - 250 usuarios 1-148,text,true,,4757,120,250,250,https://www.blazedemo.com/,518,0,0
1774386521966,3864,1 - Acessar Home,200,OK,Teste de Carga - 250 usuarios 1-239,text,true,,4757,120,250,250,https://www.blazedemo.com/,3851,0,0
1774386525493,341,3 - Comprar Passagem,200,OK,Teste de Carga - 250 usuarios 1-249,text,true,,6719,420,250,250,https://www.blazedemo.com/purchase.php,329,0,0
1774386525579,259,3 - Comprar Passagem,200,OK,Teste de Carga - 250 usuarios 1-47,text,true,,6719,420,250,250,https://www.blazedemo.com/purchase.php,247,0,0
1774386525561,281,3 - Comprar Passagem,200,OK,Teste de Carga - 250 usuarios 1-190,text,true,,6719,420,250,250,https://www.blazedemo.com/purchase.php,269,0,0
1774386525212,631,1 - Acessar Home,200,OK,Teste de Carga - 250 usuarios 1-24,text,true,,4757,120,250,250,https://www.blazedemo.com/,619,0,0
1774386521980,3864,1 - Acessar Home,200,OK,Teste de Carga - 250 usuarios 1-184,text,true,,4757,120,250,250,https://www.blazedemo.com/,3850,0,0
1774386525344,502,3 - Comprar Passagem,200,OK,Teste de Carga - 250 usuarios 1-225,text,true,,6719,420,250,250,https://www.blazedemo.com/purchase.php,490,0,0
1774386525534,318,1 - Acessar Home,200,OK,Teste de Carga - 250 usuarios 1-44,text,true,,4757,120,250,250,https://www.blazedemo.com/,306,0,0
1774386525607,247,1 - Acessar Home,200,OK,Teste de Carga - 250 usuarios 1-244,text,true,,4757,120,250,250,https://www.blazedemo.com/,235,0,0
1774386525451,411,1 - Acessar Home,200,OK,Teste de Carga - 250 usuarios 1-153,text,true,,4757,120,250,250,https://www.blazedemo.com/,398,0,0
1774386525439,423,2 - Escolher Voo,200,OK,Teste de Carga - 250 usuarios 1-183,text,true,,7381,250,250,250,https://www.blazedemo.com/reserve.php,403,0,0
1774386522512,3352,2 - Escolher Voo,200,OK,Teste de Carga - 250 usuarios 1-4,text,true,,7381,250,250,250,https://www.blazedemo.com/reserve.php,3336,0,0
1774386525602,263,2 - Escolher Voo,200,OK,Teste de Carga - 250 usuarios 1-223,text,true,,7381,250,250,250,https://www.blazedemo.com/reserve.php,240,0,0
1774386525468,399,1 - Acessar Home,200,OK,Teste de Carga - 250 usuarios 1-150,text,true,,4757,120,250,250,https://www.blazedemo.com/,385,0,0
1774386525424,445,2 - Escolher Voo,200,OK,Teste de Carga - 250 usuarios 1-208,text,true,,7381,250,250,250,https://www.blazedemo.com/reserve.php,425,0,0
1774386521967,3902,3 - Comprar Passagem,200,OK,Teste de Carga - 250 usuarios 1-111,text,true,,6719,420,250,250,https://www.blazedemo.com/purchase.php,3886,0,0
1774386525076,798,2 - Escolher Voo,200,OK,Teste de Carga - 250 usuarios 1-34,text,true,,7381,250,250,250,https://www.blazedemo.com/reserve.php,775,0,0
1774386525589,292,3 - Comprar Passagem,200,OK,Teste de Carga - 250 usuarios 1-41,text,true,,6719,420,250,250,https://www.blazedemo.com/purchase.php,275,0,0
1774386525639,261,1 - Acessar Home,200,OK,Teste de Carga - 250 usuarios 1-15,text,true,,4757,120,250,250,https://www.blazedemo.com/,249,0,0
1774386522649,3271,3 - Comprar Passagem,200,OK,Teste de Carga - 250 usuarios 1-75,text,true,,6719,420,250,250,https://www.blazedemo.com/purchase.php,3258,0,0
1774386525645,278,3 - Comprar Passagem,200,OK,Teste de Carga - 250 usuarios 1-179,text,true,,6719,420,250,250,https://www.blazedemo.com/purchase.php,267,0,0
1774386521448,4479,3 - Comprar Passagem,200,OK,Teste de Carga - 250 usuarios 1-68,text,true,,6719,420,250,250,https://www.blazedemo.com/purchase.php,4467,0,0
1774386525679,247,1 - Acessar Home,200,OK,Teste de Carga - 250 usuarios 1-30,text,true,,4757,120,250,250,https://www.blazedemo.com/,237,0,0
1774386525541,387,3 - Comprar Passagem,200,OK,Teste de Carga - 250 usuarios 1-157,text,true,,6719,420,250,250,https://www.blazedemo.com/purchase.php,374,0,0
1774386525605,326,2 - Escolher Voo,200,OK,Teste de Carga - 250 usuarios 1-186,text,true,,7381,250,250,250,https://www.blazedemo.com/reserve.php,306,0,0
1774386525687,245,2 - Escolher Voo,200,OK,Teste de Carga - 250 usuarios 1-229,text,true,,7381,250,250,250,https://www.blazedemo.com/reserve.php,228,0,0
1774386525198,739,3 - Comprar Passagem,200,OK,Teste de Carga - 250 usuarios 1-160,text,true,,6719,420,250,250,https://www.blazedemo.com/purchase.php,729,0,0
1774386525678,258,3 - Comprar Passagem,200,OK,Teste de Carga - 250 usuarios 1-193,text,true,,6719,420,250,250,https://www.blazedemo.com/purchase.php,246,0,0
1774386525434,504,1 - Acessar Home,200,OK,Teste de Carga - 250 usuarios 1-87,text,true,,4757,120,250,250,https://www.blazedemo.com/,492,0,0
1774386525551,386,2 - Escolher Voo,200,OK,Teste de Carga - 250 usuarios 1-124,text,true,,7381,250,250,250,https://www.blazedemo.com/reserve.php,369,0,0
1774386525217,722,1 - Acessar Home,200,OK,Teste de Carga - 250 usuarios 1-65,text,true,,4757,120,250,250,https://www.blazedemo.com/,712,0,0
1774386525647,291,1 - Acessar Home,200,OK,Teste de Carga - 250 usuarios 1-31,text,true,,4757,120,250,250,https://www.blazedemo.com/,281,0,0
1774386522185,3759,2 - Escolher Voo,200,OK,Teste de Carga - 250 usuarios 1-199,text,true,,7381,250,250,250,https://www.blazedemo.com/reserve.php,3739,0,0
1774386525563,381,1 - Acessar Home,200,OK,Teste de Carga - 250 usuarios 1-191,text,true,,4757,120,250,250,https://www.blazedemo.com/,370,0,0
1774386525635,316,1 - Acessar Home,200,OK,Teste de Carga - 250 usuarios 1-141,text,true,,4757,120,250,250,https://www.blazedemo.com/,305,0,0
1774386525663,292,3 - Comprar Passagem,200,OK,Teste de Carga - 250 usuarios 1-106,text,true,,6719,420,250,250,https://www.blazedemo.com/purchase.php,279,0,0
1774386525341,616,2 - Escolher Voo,200,OK,Teste de Carga - 250 usuarios 1-154,text,true,,7381,250,250,250,https://www.blazedemo.com/reserve.php,596,0,0
1774386525272,685,1 - Acessar Home,200,OK,Teste de Carga - 250 usuarios 1-224,text,true,,4757,120,250,250,https://www.blazedemo.com/,673,0,0
1774386525086,873,3 - Comprar Passagem,200,OK,Teste de Carga - 250 usuarios 1-133,text,true,,6719,420,250,250,https://www.blazedemo.com/purchase.php,861,0,0
1774386525469,503,2 - Escolher Voo,200,OK,Teste de Carga - 250 usuarios 1-96,text,true,,7381,250,250,250,https://www.blazedemo.com/reserve.php,487,0,0
1774386525326,651,1 - Acessar Home,200,OK,Teste de Carga - 250 usuarios 1-178,text,true,,4757,120,250,250,https://www.blazedemo.com/,638,0,0
1774386525500,477,1 - Acessar Home,200,OK,Teste de Carga - 250 usuarios 1-217,text,true,,4757,120,250,250,https://www.blazedemo.com/,465,0,0
1774386525085,893,3 - Comprar Passagem,200,OK,Teste de Carga - 250 usuarios 1-28,text,true,,6719,420,250,250,https://www.blazedemo.com/purchase.php,881,0,0
1774386524529,1449,3 - Comprar Passagem,200,OK,Teste de Carga - 250 usuarios 1-189,text,true,,6719,420,250,250,https://www.blazedemo.com/purchase.php,1437,0,0
1774386525412,569,1 - Acessar Home,200,OK,Teste de Carga - 250 usuarios 1-80,text,true,,4757,120,250,250,https://www.blazedemo.com/,558,0,0
1774386525729,265,3 - Comprar Passagem,200,OK,Teste de Carga - 250 usuarios 1-20,text,true,,6719,420,250,250,https://www.blazedemo.com/purchase.php,254,0,0
1774386522714,3284,3 - Comprar Passagem,200,OK,Teste de Carga - 250 usuarios 1-59,text,true,,6719,420,250,250,https://www.blazedemo.com/purchase.php,3272,0,0
1774386524585,1418,3 - Comprar Passagem,200,OK,Teste de Carga - 250 usuarios 1-89,text,true,,6719,420,250,250,https://www.blazedemo.com/purchase.php,1402,0,0
1774386521983,4037,1 - Acessar Home,200,OK,Teste de Carga - 250 usuarios 1-1,text,true,,4757,120,250,250,https://www.blazedemo.com/,4024,0,0
1774386525663,359,2 - Escolher Voo,200,OK,Teste de Carga - 250 usuarios 1-177,text,true,,7381,250,250,250,https://www.blazedemo.com/reserve.php,339,0,0
1774386525730,295,1 - Acessar Home,200,OK,Teste de Carga - 250 usuarios 1-158,text,true,,4757,120,250,250,https://www.blazedemo.com/,283,0,0
1774386525509,517,1 - Acessar Home,200,OK,Teste de Carga - 250 usuarios 1-53,text,true,,4757,120,250,250,https://www.blazedemo.com/,506,0,0
1774386525745,282,3 - Comprar Passagem,200,OK,Teste de Carga - 250 usuarios 1-203,text,true,,6719,420,250,250,https://www.blazedemo.com/purchase.php,270,0,0
1774386525668,360,2 - Escolher Voo,200,OK,Teste de Carga - 250 usuarios 1-119,text,true,,7381,250,250,250,https://www.blazedemo.com/reserve.php,340,0,0
1774386525770,258,1 - Acessar Home,200,OK,Teste de Carga - 250 usuarios 1-194,text,true,,4757,120,250,250,https://www.blazedemo.com/,248,0,0
1774386525739,298,2 - Escolher Voo,200,OK,Teste de Carga - 250 usuarios 1-168,text,true,,7381,250,250,250,https://www.blazedemo.com/reserve.php,276,0,0
1774386525333,712,2 - Escolher Voo,200,OK,Teste de Carga - 250 usuarios 1-192,text,true,,7381,250,250,250,https://www.blazedemo.com/reserve.php,690,0,0
1774386525530,516,2 - Escolher Voo,200,OK,Teste de Carga - 250 usuarios 1-149,text,true,,7381,250,250,250,https://www.blazedemo.com/reserve.php,496,0,0
1774386525783,265,3 - Comprar Passagem,200,OK,Teste de Carga - 250 usuarios 1-195,text,true,,6719,420,250,250,https://www.blazedemo.com/purchase.php,252,0,0
1774386525599,452,1 - Acessar Home,200,OK,Teste de Carga - 250 usuarios 1-58,text,true,,4757,120,250,250,https://www.blazedemo.com/,440,0,0
1774386525591,460,3 - Comprar Passagem,200,OK,Teste de Carga - 250 usuarios 1-13,text,true,,6719,420,250,250,https://www.blazedemo.com/purchase.php,448,0,0
1774386522222,3833,3 - Comprar Passagem,200,OK,Teste de Carga - 250 usuarios 1-146,text,true,,6719,420,250,250,https://www.blazedemo.com/purchase.php,3821,0,0
1774386525770,284,3 - Comprar Passagem,200,OK,Teste de Carga - 250 usuarios 1-51,text,true,,6719,420,250,250,https://www.blazedemo.com/purchase.php,271,0,0
1774386521656,4399,2 - Escolher Voo,200,OK,Teste de Carga - 250 usuarios 1-117,text,true,,7381,250,250,250,https://www.blazedemo.com/reserve.php,4379,0,0
1774386525760,298,2 - Escolher Voo,200,OK,Teste de Carga - 250 usuarios 1-6,text,true,,7381,250,250,250,https://www.blazedemo.com/reserve.php,277,0,0
1774386525806,258,1 - Acessar Home,200,OK,Teste de Carga - 250 usuarios 1-134,text,true,,4757,120,250,250,https://www.blazedemo.com/,246,0,0
1774386525808,257,3 - Comprar Passagem,200,OK,Teste de Carga - 250 usuarios 1-92,text,true,,6719,420,250,250,https://www.blazedemo.com/purchase.php,244,0,0
1774386525170,898,1 - Acessar Home,200,OK,Teste de Carga - 250 usuarios 1-23,text,true,,4757,120,250,250,https://www.blazedemo.com/,886,0,0
1774386525646,421,3 - Comprar Passagem,200,OK,Teste de Carga - 250 usuarios 1-175,text,true,,6719,420,250,250,https://www.blazedemo.com/purchase.php,409,0,0
1774386525788,286,1 - Acessar Home,200,OK,Teste de Carga - 250 usuarios 1-61,text,true,,4757,120,250,250,https://www.blazedemo.com/,274,0,0
1774386525658,418,2 - Escolher Voo,200,OK,Teste de Carga - 250 usuarios 1-227,text,true,,7381,250,250,250,https://www.blazedemo.com/reserve.php,397,0,0
1774386522979,3110,3 - Comprar Passagem,200,OK,Teste de Carga - 250 usuarios 1-57,text,true,,6719,420,250,250,https://www.blazedemo.com/purchase.php,3098,0,0
1774386525676,415,2 - Escolher Voo,200,OK,Teste de Carga - 250 usuarios 1-27,text,true,,7381,250,250,250,https://www.blazedemo.com/reserve.php,395,0,0
1774386525774,317,2 - Escolher Voo,200,OK,Teste de Carga - 250 usuarios 1-247,text,true,,7381,250,250,250,https://www.blazedemo.com/reserve.php,301,0,0
1774386525475,620,2 - Escolher Voo,200,OK,Teste de Carga - 250 usuarios 1-12,text,true,,7381,250,250,250,https://www.blazedemo.com/reserve.php,600,0,0
1774386521809,4292,1 - Acessar Home,200,OK,Teste de Carga - 250 usuarios 1-205,text,true,,4757,120,250,250,https://www.blazedemo.com/,4280,0,0
1774386525518,586,3 - Comprar Passagem,200,OK,Teste de Carga - 250 usuarios 1-131,text,true,,6719,420,250,250,https://www.blazedemo.com/purchase.php,575,0,0
1774386525647,469,2 - Escolher Voo,200,OK,Teste de Carga - 250 usuarios 1-201,text,true,,7381,250,250,250,https://www.blazedemo.com/reserve.php,448,0,0
1774386525881,239,1 - Acessar Home,200,OK,Teste de Carga - 250 usuarios 1-41,text,true,,4757,120,250,250,https://www.blazedemo.com/,228,0,0
1774386525825,303,1 - Acessar Home,200,OK,Teste de Carga - 250 usuarios 1-197,text,true,,4757,120,250,250,https://www.blazedemo.com/,291,0,0
1774386524706,1424,2 - Escolher Voo,200,OK,Teste de Carga - 250 usuarios 1-37,text,true,,7381,250,250,250,https://www.blazedemo.com/reserve.php,1404,0,0
1774386525770,360,1 - Acessar Home,200,OK,Teste de Carga - 250 usuarios 1-121,text,true,,4757,120,250,250,https://www.blazedemo.com/,348,0,0
1774386525863,270,3 - Comprar Passagem,200,OK,Teste de Carga - 250 usuarios 1-4,text,true,,6719,420,250,250,https://www.blazedemo.com/purchase.php,258,0,0
1774386525866,270,2 - Escolher Voo,200,OK,Teste de Carga - 250 usuarios 1-150,text,true,,7381,250,250,250,https://www.blazedemo.com/reserve.php,247,0,0
1774386525623,517,2 - Escolher Voo,200,OK,Teste de Carga - 250 usuarios 1-45,text,true,,7381,250,250,250,https://www.blazedemo.com/reserve.php,497,0,0
1774386522279,3869,3 - Comprar Passagem,200,OK,Teste de Carga - 250 usuarios 1-48,text,true,,6719,420,250,250,https://www.blazedemo.com/purchase.php,3853,0,0
1774386522259,3889,3 - Comprar Passagem,200,OK,Teste de Carga - 250 usuarios 1-215,text,true,,6719,420,250,250,https://www.blazedemo.com/purchase.php,3877,0,0
1774386525434,721,2 - Escolher Voo,200,OK,Teste de Carga - 250 usuarios 1-105,text,true,,7381,250,250,250,https://www.blazedemo.com/reserve.php,701,0,0
1774386525813,347,2 - Escolher Voo,200,OK,Teste de Carga - 250 usuarios 1-164,text,true,,7381,250,250,250,https://www.blazedemo.com/reserve.php,331,0,0
1774386525900,262,2 - Escolher Voo,200,OK,Teste de Carga - 250 usuarios 1-15,text,true,,7381,250,250,250,https://www.blazedemo.com/reserve.php,243,0,0
1774386525715,451,1 - Acessar Home,200,OK,Teste de Carga - 250 usuarios 1-9,text,true,,4757,120,250,250,https://www.blazedemo.com/,439,0,0
1774386525297,870,3 - Comprar Passagem,200,OK,Teste de Carga - 250 usuarios 1-115,text,true,,6719,420,250,250,https://www.blazedemo.com/purchase.php,858,0,0
1774386522480,3689,3 - Comprar Passagem,200,OK,Teste de Carga - 250 usuarios 1-125,text,true,,6719,420,250,250,https://www.blazedemo.com/purchase.php,3676,0,0
1774386522998,3174,2 - Escolher Voo,200,OK,Teste de Carga - 250 usuarios 1-226,text,true,,7381,250,250,250,https://www.blazedemo.com/reserve.php,3152,0,0
1774386525663,508,2 - Escolher Voo,200,OK,Teste de Carga - 250 usuarios 1-237,text,true,,7381,250,250,250,https://www.blazedemo.com/reserve.php,487,0,0
1774386521933,4240,2 - Escolher Voo,200,OK,Teste de Carga - 250 usuarios 1-90,text,true,,7381,250,250,250,https://www.blazedemo.com/reserve.php,4220,0,0
1774386524882,1294,2 - Escolher Voo,200,OK,Teste de Carga - 250 usuarios 1-236,text,true,,7381,250,250,250,https://www.blazedemo.com/reserve.php,1273,0,0
1774386524927,1260,2 - Escolher Voo,200,OK,Teste de Carga - 250 usuarios 1-56,text,true,,7381,250,250,250,https://www.blazedemo.com/reserve.php,1240,0,0
1774386525842,346,2 - Escolher Voo,200,OK,Teste de Carga - 250 usuarios 1-24,text,true,,7381,250,250,250,https://www.blazedemo.com/reserve.php,325,0,0
1774386525568,641,3 - Comprar Passagem,200,OK,Teste de Carga - 250 usuarios 1-97,text,true,,6719,420,250,250,https://www.blazedemo.com/purchase.php,629,0,0
1774386525794,416,3 - Comprar Passagem,200,OK,Teste de Carga - 250 usuarios 1-109,text,true,,6719,420,250,250,https://www.blazedemo.com/purchase.php,404,0,0
1774386525937,280,2 - Escolher Voo,200,OK,Teste de Carga - 250 usuarios 1-87,text,true,,7381,250,250,250,https://www.blazedemo.com/reserve.php,260,0,0
1774386525861,356,3 - Comprar Passagem,200,OK,Teste de Carga - 250 usuarios 1-183,text,true,,6719,420,250,250,https://www.blazedemo.com/purchase.php,344,0,0
1774386525704,514,2 - Escolher Voo,200,OK,Teste de Carga - 250 usuarios 1-245,text,true,,7381,250,250,250,https://www.blazedemo.com/reserve.php,493,0,0
1774386525955,269,1 - Acessar Home,200,OK,Teste de Carga - 250 usuarios 1-106,text,true,,4757,120,250,250,https://www.blazedemo.com/,257,0,0
1774386525939,285,2 - Escolher Voo,200,OK,Teste de Carga - 250 usuarios 1-31,text,true,,7381,250,250,250,https://www.blazedemo.com/reserve.php,264,0,0
1774386523059,3168,3 - Comprar Passagem,200,OK,Teste de Carga - 250 usuarios 1-88,text,true,,6719,420,250,250,https://www.blazedemo.com/purchase.php,3151,0,0
1774386525936,292,1 - Acessar Home,200,OK,Teste de Carga - 250 usuarios 1-193,text,true,,4757,120,250,250,https://www.blazedemo.com/,281,0,0
1774386525545,683,2 - Escolher Voo,200,OK,Teste de Carga - 250 usuarios 1-137,text,true,,7381,250,250,250,https://www.blazedemo.com/reserve.php,663,0,0
1774386525923,308,1 - Acessar Home,200,OK,Teste de Carga - 250 usuarios 1-179,text,true,,4757,120,250,250,https://www.blazedemo.com/,295,0,0
1774386525943,288,3 - Comprar Passagem,200,OK,Teste de Carga - 250 usuarios 1-199,text,true,,6719,420,250,250,https://www.blazedemo.com/purchase.php,276,0,0
1774386525753,482,3 - Comprar Passagem,200,OK,Teste de Carga - 250 usuarios 1-136,text,true,,6719,420,250,250,https://www.blazedemo.com/purchase.php,471,0,0
1774386525931,305,3 - Comprar Passagem,200,OK,Teste de Carga - 250 usuarios 1-186,text,true,,6719,420,250,250,https://www.blazedemo.com/purchase.php,293,0,0
1774386525838,399,1 - Acessar Home,200,OK,Teste de Carga - 250 usuarios 1-47,text,true,,4757,120,250,250,https://www.blazedemo.com/,387,0,0
1774386523106,3135,3 - Comprar Passagem,200,OK,Teste de Carga - 250 usuarios 1-185,text,true,,6719,420,250,250,https://www.blazedemo.com/purchase.php,3124,0,0
1774386525865,377,3 - Comprar Passagem,200,OK,Teste de Carga - 250 usuarios 1-223,text,true,,6719,420,250,250,https://www.blazedemo.com/purchase.php,365,0,0
1774386526003,254,1 - Acessar Home,200,OK,Teste de Carga - 250 usuarios 1-89,text,true,,4757,120,250,250,https://www.blazedemo.com/,243,0,0
1774386525977,282,1 - Acessar Home,200,OK,Teste de Carga - 250 usuarios 1-28,text,true,,4757,120,250,250,https://www.blazedemo.com/,271,0,0
1774386522499,3762,1 - Acessar Home,200,OK,Teste de Carga - 250 usuarios 1-238,text,true,,4757,120,250,250,https://www.blazedemo.com/,3749,0,0
1774386525861,402,2 - Escolher Voo,200,OK,Teste de Carga - 250 usuarios 1-153,text,true,,7381,250,250,250,https://www.blazedemo.com/reserve.php,381,0,0
1774386525758,509,1 - Acessar Home,200,OK,Teste de Carga - 250 usuarios 1-163,text,true,,4757,120,250,250,https://www.blazedemo.com/,496,0,0
1774386525488,785,3 - Comprar Passagem,200,OK,Teste de Carga - 250 usuarios 1-95,text,true,,6719,420,250,250,https://www.blazedemo.com/purchase.php,772,0,0
1774386525997,286,1 - Acessar Home,200,OK,Teste de Carga - 250 usuarios 1-59,text,true,,4757,120,250,250,https://www.blazedemo.com/,274,0,0
1774386525642,645,3 - Comprar Passagem,200,OK,Teste de Carga - 250 usuarios 1-76,text,true,,6719,420,250,250,https://www.blazedemo.com/purchase.php,633,0,0
1774386522528,3766,3 - Comprar Passagem,200,OK,Teste de Carga - 250 usuarios 1-162,text,true,,6719,420,250,250,https://www.blazedemo.com/purchase.php,3754,0,0
1774386525820,476,1 - Acessar Home,200,OK,Teste de Carga - 250 usuarios 1-14,text,true,,4757,120,250,250,https://www.blazedemo.com/,464,0,0
1774386525926,374,1 - Acessar Home,200,OK,Teste de Carga - 250 usuarios 1-68,text,true,,4757,120,250,250,https://www.blazedemo.com/,362,0,0
1774386525561,745,1 - Acessar Home,200,OK,Teste de Carga - 250 usuarios 1-40,text,true,,4757,120,250,250,https://www.blazedemo.com/,734,0,0
1774386525735,571,3 - Comprar Passagem,200,OK,Teste de Carga - 250 usuarios 1-172,text,true,,6719,420,250,250,https://www.blazedemo.com/purchase.php,559,0,0
1774386525944,366,2 - Escolher Voo,200,OK,Teste de Carga - 250 usuarios 1-191,text,true,,7381,250,250,250,https://www.blazedemo.com/reserve.php,348,0,0
1774386523168,3152,1 - Acessar Home,200,OK,Teste de Carga - 250 usuarios 1-7,text,true,,4757,120,250,250,https://www.blazedemo.com/,3142,0,0
1774386525854,477,2 - Escolher Voo,200,OK,Teste de Carga - 250 usuarios 1-244,text,true,,7381,250,250,250,https://www.blazedemo.com/reserve.php,456,0,0
1774386522638,3699,2 - Escolher Voo,200,OK,Teste de Carga - 250 usuarios 1-243,text,true,,7381,250,250,250,https://www.blazedemo.com/reserve.php,3678,0,0
1774386525919,418,1 - Acessar Home,200,OK,Teste de Carga - 250 usuarios 1-75,text,true,,4757,120,250,250,https://www.blazedemo.com/,407,0,0
1774386526065,272,1 - Acessar Home,200,OK,Teste de Carga - 250 usuarios 1-92,text,true,,4757,120,250,250,https://www.blazedemo.com/,261,0,0
1774386525939,409,2 - Escolher Voo,200,OK,Teste de Carga - 250 usuarios 1-65,text,true,,7381,250,250,250,https://www.blazedemo.com/reserve.php,392,0,0
1774386522221,4129,2 - Escolher Voo,200,OK,Teste de Carga - 250 usuarios 1-36,text,true,,7381,250,250,250,https://www.blazedemo.com/reserve.php,4109,0,0
1774386526067,283,2 - Escolher Voo,200,OK,Teste de Carga - 250 usuarios 1-23,text,true,,7381,250,250,250,https://www.blazedemo.com/reserve.php,264,0,0
1774386525587,771,3 - Comprar Passagem,200,OK,Teste de Carga - 250 usuarios 1-210,text,true,,6719,420,250,250,https://www.blazedemo.com/purchase.php,759,0,0
1774386525977,381,2 - Escolher Voo,200,OK,Teste de Carga - 250 usuarios 1-217,text,true,,7381,250,250,250,https://www.blazedemo.com/reserve.php,361,0,0
1774386525951,409,2 - Escolher Voo,200,OK,Teste de Carga - 250 usuarios 1-141,text,true,,7381,250,250,250,https://www.blazedemo.com/reserve.php,388,0,0
1774386526065,295,2 - Escolher Voo,200,OK,Teste de Carga - 250 usuarios 1-134,text,true,,7381,250,250,250,https://www.blazedemo.com/reserve.php,275,0,0
1774386526044,318,3 - Comprar Passagem,200,OK,Teste de Carga - 250 usuarios 1-192,text,true,,6719,420,250,250,https://www.blazedemo.com/purchase.php,307,0,0
1774386526054,309,3 - Comprar Passagem,200,OK,Teste de Carga - 250 usuarios 1-117,text,true,,6719,420,250,250,https://www.blazedemo.com/purchase.php,298,0,0
1774386525236,1129,2 - Escolher Voo,200,OK,Teste de Carga - 250 usuarios 1-130,text,true,,7381,250,250,250,https://www.blazedemo.com/reserve.php,1108,0,0
1774386525657,707,1 - Acessar Home,200,OK,Teste de Carga - 250 usuarios 1-220,text,true,,4757,120,250,250,https://www.blazedemo.com/,695,0,0
1774386526052,314,1 - Acessar Home,200,OK,Teste de Carga - 250 usuarios 1-13,text,true,,4757,120,250,250,https://www.blazedemo.com/,303,0,0
1774386523250,3117,2 - Escolher Voo,200,OK,Teste de Carga - 250 usuarios 1-132,text,true,,7381,250,250,250,https://www.blazedemo.com/reserve.php,3096,0,0
1774386525976,394,2 - Escolher Voo,200,OK,Teste de Carga - 250 usuarios 1-178,text,true,,7381,250,250,250,https://www.blazedemo.com/reserve.php,373,0,0
1774386525281,1091,3 - Comprar Passagem,200,OK,Teste de Carga - 250 usuarios 1-19,text,true,,6719,420,250,250,https://www.blazedemo.com/purchase.php,1079,0,0
1774386526022,353,3 - Comprar Passagem,200,OK,Teste de Carga - 250 usuarios 1-177,text,true,,6719,420,250,250,https://www.blazedemo.com/purchase.php,341,0,0
1774386526133,252,1 - Acessar Home,200,OK,Teste de Carga - 250 usuarios 1-4,text,true,,4757,120,250,250,https://www.blazedemo.com/,241,0,0
1774386525932,453,3 - Comprar Passagem,200,OK,Teste de Carga - 250 usuarios 1-229,text,true,,6719,420,250,250,https://www.blazedemo.com/purchase.php,440,0,0
1774386522285,4105,1 - Acessar Home,200,OK,Teste de Carga - 250 usuarios 1-116,text,true,,4757,120,250,250,https://www.blazedemo.com/,4093,0,0
1774386525843,550,2 - Escolher Voo,200,OK,Teste de Carga - 250 usuarios 1-184,text,true,,7381,250,250,250,https://www.blazedemo.com/reserve.php,530,0,0
1774386525958,439,1 - Acessar Home,200,OK,Teste de Carga - 250 usuarios 1-133,text,true,,4757,120,250,250,https://www.blazedemo.com/,427,0,0
1774386526091,319,3 - Comprar Passagem,200,OK,Teste de Carga - 250 usuarios 1-247,text,true,,6719,420,250,250,https://www.blazedemo.com/purchase.php,307,0,0
1774386522608,3805,2 - Escolher Voo,200,OK,Teste de Carga - 250 usuarios 1-180,text,true,,7381,250,250,250,https://www.blazedemo.com/reserve.php,3785,0,0
1774386523262,3152,3 - Comprar Passagem,200,OK,Teste de Carga - 250 usuarios 1-35,text,true,,6719,420,250,250,https://www.blazedemo.com/purchase.php,3140,0,0
1774386526049,369,1 - Acessar Home,200,OK,Teste de Carga - 250 usuarios 1-195,text,true,,4757,120,250,250,https://www.blazedemo.com/,357,0,0
1774386526136,284,3 - Comprar Passagem,200,OK,Teste de Carga - 250 usuarios 1-150,text,true,,6719,420,250,250,https://www.blazedemo.com/purchase.php,268,0,0
1774386526117,303,3 - Comprar Passagem,200,OK,Teste de Carga - 250 usuarios 1-201,text,true,,6719,420,250,250,https://www.blazedemo.com/purchase.php,292,0,0
1774386525764,661,2 - Escolher Voo,200,OK,Teste de Carga - 250 usuarios 1-165,text,true,,7381,250,250,250,https://www.blazedemo.com/reserve.php,641,0,0
1774386526019,412,2 - Escolher Voo,200,OK,Teste de Carga - 250 usuarios 1-1,text,true,,7381,250,250,250,https://www.blazedemo.com/reserve.php,392,0,0
1774386526047,386,3 - Comprar Passagem,200,OK,Teste de Carga - 250 usuarios 1-149,text,true,,6719,420,250,250,https://www.blazedemo.com/purchase.php,371,0,0
1774386526171,270,3 - Comprar Passagem,200,OK,Teste de Carga - 250 usuarios 1-237,text,true,,6719,420,250,250,https://www.blazedemo.com/purchase.php,257,0,0
1774386526095,349,3 - Comprar Passagem,200,OK,Teste de Carga - 250 usuarios 1-12,text,true,,6719,420,250,250,https://www.blazedemo.com/purchase.php,336,0,0
1774386525679,775,1 - Acessar Home,200,OK,Teste de Carga - 250 usuarios 1-114,text,true,,4757,120,250,250,https://www.blazedemo.com/,763,0,0
1774386526171,285,3 - Comprar Passagem,200,OK,Teste de Carga - 250 usuarios 1-226,text,true,,6719,420,250,250,https://www.blazedemo.com/purchase.php,273,0,0
1774386526175,281,3 - Comprar Passagem,200,OK,Teste de Carga - 250 usuarios 1-236,text,true,,6719,420,250,250,https://www.blazedemo.com/purchase.php,269,0,0
1774386525937,525,3 - Comprar Passagem,200,OK,Teste de Carga - 250 usuarios 1-124,text,true,,6719,420,250,250,https://www.blazedemo.com/purchase.php,512,0,0
1774386522664,3799,2 - Escolher Voo,200,OK,Teste de Carga - 250 usuarios 1-107,text,true,,7381,250,250,250,https://www.blazedemo.com/reserve.php,3782,0,0
1774386522739,3724,2 - Escolher Voo,200,OK,Teste de Carga - 250 usuarios 1-54,text,true,,7381,250,250,250,https://www.blazedemo.com/reserve.php,3704,0,0
1774386526168,301,1 - Acessar Home,200,OK,Teste de Carga - 250 usuarios 1-125,text,true,,4757,120,250,250,https://www.blazedemo.com/,289,0,0
1774386525629,844,2 - Escolher Voo,200,OK,Teste de Carga - 250 usuarios 1-211,text,true,,7381,250,250,250,https://www.blazedemo.com/reserve.php,824,0,0
1774386526105,371,1 - Acessar Home,200,OK,Teste de Carga - 250 usuarios 1-131,text,true,,4757,120,250,250,https://www.blazedemo.com/,356,0,0
1774386522919,3560,1 - Acessar Home,200,OK,Teste de Carga - 250 usuarios 1-16,text,true,,4757,120,250,250,https://www.blazedemo.com/,3548,0,0
1774386523287,3194,1 - Acessar Home,200,OK,Teste de Carga - 250 usuarios 1-120,text,true,,4757,120,250,250,https://www.blazedemo.com/,3182,0,0
1774386522285,4204,2 - Escolher Voo,200,OK,Teste de Carga - 250 usuarios 1-81,text,true,,7381,250,250,250,https://www.blazedemo.com/reserve.php,4184,0,0
1774386526238,252,2 - Escolher Voo,200,OK,Teste de Carga - 250 usuarios 1-47,text,true,,7381,250,250,250,https://www.blazedemo.com/reserve.php,235,0,0
1774386526027,464,1 - Acessar Home,200,OK,Teste de Carga - 250 usuarios 1-203,text,true,,4757,120,250,250,https://www.blazedemo.com/,452,0,0
1774386526218,274,3 - Comprar Passagem,200,OK,Teste de Carga - 250 usuarios 1-245,text,true,,6719,420,250,250,https://www.blazedemo.com/purchase.php,264,0,0
1774386525928,569,1 - Acessar Home,200,OK,Teste de Carga - 250 usuarios 1-157,text,true,,4757,120,250,250,https://www.blazedemo.com/,557,0,0
1774386526088,426,1 - Acessar Home,200,OK,Teste de Carga - 250 usuarios 1-57,text,true,,4757,120,250,250,https://www.blazedemo.com/,414,0,0
1774386522543,3976,2 - Escolher Voo,200,OK,Teste de Carga - 250 usuarios 1-118,text,true,,7381,250,250,250,https://www.blazedemo.com/reserve.php,3954,0,0
1774386526130,388,2 - Escolher Voo,200,OK,Teste de Carga - 250 usuarios 1-121,text,true,,7381,250,250,250,https://www.blazedemo.com/reserve.php,368,0,0
1774386526211,307,1 - Acessar Home,200,OK,Teste de Carga - 250 usuarios 1-109,text,true,,4757,120,250,250,https://www.blazedemo.com/,294,0,0
1774386526242,282,1 - Acessar Home,200,OK,Teste de Carga - 250 usuarios 1-223,text,true,,4757,120,250,250,https://www.blazedemo.com/,270,0,0
1774386525868,656,1 - Acessar Home,200,OK,Teste de Carga - 250 usuarios 1-111,text,true,,4757,120,250,250,https://www.blazedemo.com/,646,0,0
1774386526236,290,1 - Acessar Home,200,OK,Teste de Carga - 250 usuarios 1-186,text,true,,4757,120,250,250,https://www.blazedemo.com/,278,0,0
1774386526217,311,3 - Comprar Passagem,200,OK,Teste de Carga - 250 usuarios 1-87,text,true,,6719,420,250,250,https://www.blazedemo.com/purchase.php,299,0,0
1774386526226,305,1 - Acessar Home,200,OK,Teste de Carga - 250 usuarios 1-88,text,true,,4757,120,250,250,https://www.blazedemo.com/,292,0,0
1774386522793,3744,3 - Comprar Passagem,200,OK,Teste de Carga - 250 usuarios 1-170,text,true,,6719,420,250,250,https://www.blazedemo.com/purchase.php,3731,0,0
1774386525825,711,2 - Escolher Voo,200,OK,Teste de Carga - 250 usuarios 1-148,text,true,,7381,250,250,250,https://www.blazedemo.com/reserve.php,691,0,0
1774386526160,388,3 - Comprar Passagem,200,OK,Teste de Carga - 250 usuarios 1-164,text,true,,6719,420,250,250,https://www.blazedemo.com/purchase.php,376,0,0
1774386525718,842,1 - Acessar Home,200,OK,Teste de Carga - 250 usuarios 1-66,text,true,,4757,120,250,250,https://www.blazedemo.com/,830,0,0
1774386526306,260,1 - Acessar Home,200,OK,Teste de Carga - 250 usuarios 1-172,text,true,,4757,120,250,250,https://www.blazedemo.com/,248,0,0
1774386525406,1161,3 - Comprar Passagem,200,OK,Teste de Carga - 250 usuarios 1-234,text,true,,6719,420,250,250,https://www.blazedemo.com/purchase.php,1145,0,0
1774386523308,3261,3 - Comprar Passagem,200,OK,Teste de Carga - 250 usuarios 1-207,text,true,,6719,420,250,250,https://www.blazedemo.com/purchase.php,3248,0,0
1774386526054,515,1 - Acessar Home,200,OK,Teste de Carga - 250 usuarios 1-51,text,true,,4757,120,250,250,https://www.blazedemo.com/,503,0,0
1774386526225,345,2 - Escolher Voo,200,OK,Teste de Carga - 250 usuarios 1-106,text,true,,7381,250,250,250,https://www.blazedemo.com/reserve.php,325,0,0
1774386523375,3201,3 - Comprar Passagem,200,OK,Teste de Carga - 250 usuarios 1-147,text,true,,6719,420,250,250,https://www.blazedemo.com/purchase.php,3189,0,0
1774386526236,343,1 - Acessar Home,200,OK,Teste de Carga - 250 usuarios 1-136,text,true,,4757,120,250,250,https://www.blazedemo.com/,331,0,0
1774386526273,306,1 - Acessar Home,200,OK,Teste de Carga - 250 usuarios 1-95,text,true,,4757,120,250,250,https://www.blazedemo.com/,295,0,0
1774386526147,435,1 - Acessar Home,200,OK,Teste de Carga - 250 usuarios 1-48,text,true,,4757,120,250,250,https://www.blazedemo.com/,423,0,0
1774386526028,565,2 - Escolher Voo,200,OK,Teste de Carga - 250 usuarios 1-194,text,true,,7381,250,250,250,https://www.blazedemo.com/reserve.php,545,0,0
1774386526147,453,1 - Acessar Home,200,OK,Teste de Carga - 250 usuarios 1-215,text,true,,4757,120,250,250,https://www.blazedemo.com/,442,0,0
1774386522940,3664,3 - Comprar Passagem,200,OK,Teste de Carga - 250 usuarios 1-230,text,true,,6719,420,250,250,https://www.blazedemo.com/purchase.php,3647,0,0
1774386526121,487,2 - Escolher Voo,200,OK,Teste de Carga - 250 usuarios 1-41,text,true,,7381,250,250,250,https://www.blazedemo.com/reserve.php,466,0,0
1774386522566,4045,3 - Comprar Passagem,200,OK,Teste de Carga - 250 usuarios 1-93,text,true,,6719,420,250,250,https://www.blazedemo.com/purchase.php,4034,0,0
1774386522964,3647,2 - Escolher Voo,200,OK,Teste de Carga - 250 usuarios 1-169,text,true,,7381,250,250,250,https://www.blazedemo.com/reserve.php,3628,0,0
1774386526263,348,3 - Comprar Passagem,200,OK,Teste de Carga - 250 usuarios 1-153,text,true,,6719,420,250,250,https://www.blazedemo.com/purchase.php,336,0,0
1774386522964,3650,3 - Comprar Passagem,200,OK,Teste de Carga - 250 usuarios 1-159,text,true,,6719,420,250,250,https://www.blazedemo.com/purchase.php,3639,0,0
1774386523484,3146,2 - Escolher Voo,200,OK,Teste de Carga - 250 usuarios 1-187,text,true,,7381,250,250,250,https://www.blazedemo.com/reserve.php,3125,0,0
1774386526140,493,3 - Comprar Passagem,200,OK,Teste de Carga - 250 usuarios 1-45,text,true,,6719,420,250,250,https://www.blazedemo.com/purchase.php,481,0,0
1774386525868,765,3 - Comprar Passagem,200,OK,Teste de Carga - 250 usuarios 1-208,text,true,,6719,420,250,250,https://www.blazedemo.com/purchase.php,752,0,0
1774386525972,667,3 - Comprar Passagem,200,OK,Teste de Carga - 250 usuarios 1-96,text,true,,6719,420,250,250,https://www.blazedemo.com/purchase.php,657,0,0
1774386525721,923,3 - Comprar Passagem,200,OK,Teste de Carga - 250 usuarios 1-142,text,true,,6719,420,250,250,https://www.blazedemo.com/purchase.php,908,0,0
1774386526288,358,1 - Acessar Home,200,OK,Teste de Carga - 250 usuarios 1-76,text,true,,4757,120,250,250,https://www.blazedemo.com/,346,0,0
1774386526358,290,1 - Acessar Home,200,OK,Teste de Carga - 250 usuarios 1-210,text,true,,4757,120,250,250,https://www.blazedemo.com/,278,0,0
1774386526336,312,3 - Comprar Passagem,200,OK,Teste de Carga - 250 usuarios 1-243,text,true,,6719,420,250,250,https://www.blazedemo.com/purchase.php,300,0,0
1774386526028,621,3 - Comprar Passagem,200,OK,Teste de Carga - 250 usuarios 1-119,text,true,,6719,420,250,250,https://www.blazedemo.com/purchase.php,609,0,0
1774386523163,3489,1 - Acessar Home,200,OK,Teste de Carga - 250 usuarios 1-42,text,true,,4757,120,250,250,https://www.blazedemo.com/,3477,0,0
1774386526366,293,3 - Comprar Passagem,200,OK,Teste de Carga - 250 usuarios 1-132,text,true,,6719,420,250,250,https://www.blazedemo.com/purchase.php,280,0,0
1774386526350,309,3 - Comprar Passagem,200,OK,Teste de Carga - 250 usuarios 1-23,text,true,,6719,420,250,250,https://www.blazedemo.com/purchase.php,296,0,0
1774386526217,445,1 - Acessar Home,200,OK,Teste de Carga - 250 usuarios 1-183,text,true,,4757,120,250,250,https://www.blazedemo.com/,434,0,0
1774386526306,359,2 - Escolher Voo,200,OK,Teste de Carga - 250 usuarios 1-40,text,true,,7381,250,250,250,https://www.blazedemo.com/reserve.php,339,0,0
1774386526154,516,3 - Comprar Passagem,200,OK,Teste de Carga - 250 usuarios 1-105,text,true,,6719,420,250,250,https://www.blazedemo.com/purchase.php,503,0,0
1774386526360,315,3 - Comprar Passagem,200,OK,Teste de Carga - 250 usuarios 1-134,text,true,,6719,420,250,250,https://www.blazedemo.com/purchase.php,303,0,0
1774386526375,310,1 - Acessar Home,200,OK,Teste de Carga - 250 usuarios 1-177,text,true,,4757,120,250,250,https://www.blazedemo.com/,298,0,0
1774386526363,324,1 - Acessar Home,200,OK,Teste de Carga - 250 usuarios 1-117,text,true,,4757,120,250,250,https://www.blazedemo.com/,316,0,0
1774386526389,298,2 - Escolher Voo,200,OK,Teste de Carga - 250 usuarios 1-116,text,true,,7381,250,250,250,https://www.blazedemo.com/reserve.php,278,0,0
1774386526187,503,3 - Comprar Passagem,200,OK,Teste de Carga - 250 usuarios 1-56,text,true,,6719,420,250,250,https://www.blazedemo.com/purchase.php,492,0,0
1774386526412,283,3 - Comprar Passagem,200,OK,Teste de Carga - 250 usuarios 1-180,text,true,,6719,420,250,250,https://www.blazedemo.com/purchase.php,271,0,0
1774386526283,419,2 - Escolher Voo,200,OK,Teste de Carga - 250 usuarios 1-59,text,true,,7381,250,250,250,https://www.blazedemo.com/reserve.php,398,0,0
1774386526444,269,1 - Acessar Home,200,OK,Teste de Carga - 250 usuarios 1-12,text,true,,4757,120,250,250,https://www.blazedemo.com/,258,0,0
1774386526188,526,3 - Comprar Passagem,200,OK,Teste de Carga - 250 usuarios 1-24,text,true,,6719,420,250,250,https://www.blazedemo.com/purchase.php,516,0,0
1774386526337,377,2 - Escolher Voo,200,OK,Teste de Carga - 250 usuarios 1-75,text,true,,7381,250,250,250,https://www.blazedemo.com/reserve.php,356,0,0
1774386526433,282,1 - Acessar Home,200,OK,Teste de Carga - 250 usuarios 1-149,text,true,,4757,120,250,250,https://www.blazedemo.com/,271,0,0
1774386525956,765,2 - Escolher Voo,200,OK,Teste de Carga - 250 usuarios 1-224,text,true,,7381,250,250,250,https://www.blazedemo.com/reserve.php,749,0,0
1774386526301,420,2 - Escolher Voo,200,OK,Teste de Carga - 250 usuarios 1-68,text,true,,7381,250,250,250,https://www.blazedemo.com/reserve.php,401,0,0
1774386522655,4067,3 - Comprar Passagem,200,OK,Teste de Carga - 250 usuarios 1-26,text,true,,6719,420,250,250,https://www.blazedemo.com/purchase.php,4055,0,0
1774386525566,1158,1 - Acessar Home,200,OK,Teste de Carga - 250 usuarios 1-46,text,true,,4757,120,250,250,https://www.blazedemo.com/,1146,0,0
1774386526413,315,1 - Acessar Home,200,OK,Teste de Carga - 250 usuarios 1-35,text,true,,4757,120,250,250,https://www.blazedemo.com/,304,0,0
1774386523129,3602,3 - Comprar Passagem,200,OK,Teste de Carga - 250 usuarios 1-140,text,true,,6719,420,250,250,https://www.blazedemo.com/purchase.php,3590,0,0
1774386523562,3173,2 - Escolher Voo,200,OK,Teste de Carga - 250 usuarios 1-52,text,true,,7381,250,250,250,https://www.blazedemo.com/reserve.php,3156,0,0
1774386526129,612,3 - Comprar Passagem,200,OK,Teste de Carga - 250 usuarios 1-37,text,true,,6719,420,250,250,https://www.blazedemo.com/purchase.php,601,0,0
1774386523049,3694,3 - Comprar Passagem,200,OK,Teste de Carga - 250 usuarios 1-206,text,true,,6719,420,250,250,https://www.blazedemo.com/purchase.php,3682,0,0
1774386525579,1163,3 - Comprar Passagem,200,OK,Teste de Carga - 250 usuarios 1-167,text,true,,6719,420,250,250,https://www.blazedemo.com/purchase.php,1150,0,0
1774386526431,315,3 - Comprar Passagem,200,OK,Teste de Carga - 250 usuarios 1-1,text,true,,6719,420,250,250,https://www.blazedemo.com/purchase.php,304,0,0
1774386526229,518,3 - Comprar Passagem,200,OK,Teste de Carga - 250 usuarios 1-137,text,true,,6719,420,250,250,https://www.blazedemo.com/purchase.php,506,0,0
1774386523256,3501,2 - Escolher Voo,200,OK,Teste de Carga - 250 usuarios 1-108,text,true,,7381,250,250,250,https://www.blazedemo.com/reserve.php,3480,0,0
1774386526497,259,2 - Escolher Voo,200,OK,Teste de Carga - 250 usuarios 1-157,text,true,,7381,250,250,250,https://www.blazedemo.com/reserve.php,240,0,0
1774386526074,683,2 - Escolher Voo,200,OK,Teste de Carga - 250 usuarios 1-61,text,true,,7381,250,250,250,https://www.blazedemo.com/reserve.php,662,0,0
1774386526366,396,2 - Escolher Voo,200,OK,Teste de Carga - 250 usuarios 1-13,text,true,,7381,250,250,250,https://www.blazedemo.com/reserve.php,375,0,0
1774386526231,532,1 - Acessar Home,200,OK,Teste de Carga - 250 usuarios 1-199,text,true,,4757,120,250,250,https://www.blazedemo.com/,518,0,0
1774386526492,274,1 - Acessar Home,200,OK,Teste de Carga - 250 usuarios 1-245,text,true,,4757,120,250,250,https://www.blazedemo.com/,261,0,0
1774386523723,3044,2 - Escolher Voo,200,OK,Teste de Carga - 250 usuarios 1-216,text,true,,7381,250,250,250,https://www.blazedemo.com/reserve.php,3024,0,0
1774386526425,341,3 - Comprar Passagem,200,OK,Teste de Carga - 250 usuarios 1-165,text,true,,6719,420,250,250,https://www.blazedemo.com/purchase.php,330,0,0
1774386526518,260,3 - Comprar Passagem,200,OK,Teste de Carga - 250 usuarios 1-121,text,true,,6719,420,250,250,https://www.blazedemo.com/purchase.php,248,0,0
1774386526240,540,1 - Acessar Home,200,OK,Teste de Carga - 250 usuarios 1-185,text,true,,4757,120,250,250,https://www.blazedemo.com/,528,0,0
1774386523809,2973,2 - Escolher Voo,200,OK,Teste de Carga - 250 usuarios 1-33,text,true,,7381,250,250,250,https://www.blazedemo.com/reserve.php,2956,0,0
1774386526456,328,1 - Acessar Home,200,OK,Teste de Carga - 250 usuarios 1-226,text,true,,4757,120,250,250,https://www.blazedemo.com/,316,0,0
1774386526525,263,2 - Escolher Voo,200,OK,Teste de Carga - 250 usuarios 1-111,text,true,,7381,250,250,250,https://www.blazedemo.com/reserve.php,243,0,0
1774386526420,369,1 - Acessar Home,200,OK,Teste de Carga - 250 usuarios 1-150,text,true,,4757,120,250,250,https://www.blazedemo.com/,359,0,0
1774386526257,534,2 - Escolher Voo,200,OK,Teste de Carga - 250 usuarios 1-89,text,true,,7381,250,250,250,https://www.blazedemo.com/reserve.php,513,0,0
1774386526462,329,3 - Comprar Passagem,200,OK,Teste de Carga - 250 usuarios 1-107,text,true,,6719,420,250,250,https://www.blazedemo.com/purchase.php,318,0,0
1774386523371,3422,2 - Escolher Voo,200,OK,Teste de Carga - 250 usuarios 1-100,text,true,,7381,250,250,250,https://www.blazedemo.com/reserve.php,3402,0,0
1774386526026,785,2 - Escolher Voo,200,OK,Teste de Carga - 250 usuarios 1-53,text,true,,7381,250,250,250,https://www.blazedemo.com/reserve.php,764,0,0
1774386526469,342,2 - Escolher Voo,200,OK,Teste de Carga - 250 usuarios 1-125,text,true,,7381,250,250,250,https://www.blazedemo.com/reserve.php,320,0,0
1774386526293,519,1 - Acessar Home,200,OK,Teste de Carga - 250 usuarios 1-162,text,true,,4757,120,250,250,https://www.blazedemo.com/,507,0,0
1774386526462,365,1 - Acessar Home,200,OK,Teste de Carga - 250 usuarios 1-124,text,true,,4757,120,250,250,https://www.blazedemo.com/,354,0,0
1774386526568,261,1 - Acessar Home,200,OK,Teste de Carga - 250 usuarios 1-207,text,true,,4757,120,250,250,https://www.blazedemo.com/,250,0,0
1774386523152,3678,1 - Acessar Home,200,OK,Teste de Carga - 250 usuarios 1-63,text,true,,4757,120,250,250,https://www.blazedemo.com/,3665,0,0
1774386526229,601,2 - Escolher Voo,200,OK,Teste de Carga - 250 usuarios 1-193,text,true,,7381,250,250,250,https://www.blazedemo.com/reserve.php,584,0,0
1774386526473,360,3 - Comprar Passagem,200,OK,Teste de Carga - 250 usuarios 1-211,text,true,,6719,420,250,250,https://www.blazedemo.com/purchase.php,348,0,0
1774386523218,3618,1 - Acessar Home,200,OK,Teste de Carga - 250 usuarios 1-213,text,true,,4757,120,250,250,https://www.blazedemo.com/,3606,0,0
1774386526310,533,3 - Comprar Passagem,200,OK,Teste de Carga - 250 usuarios 1-191,text,true,,6719,420,250,250,https://www.blazedemo.com/purchase.php,521,0,0
1774386526348,496,3 - Comprar Passagem,200,OK,Teste de Carga - 250 usuarios 1-65,text,true,,6719,420,250,250,https://www.blazedemo.com/purchase.php,484,0,0
1774386526526,323,2 - Escolher Voo,200,OK,Teste de Carga - 250 usuarios 1-186,text,true,,7381,250,250,250,https://www.blazedemo.com/reserve.php,304,0,0
1774386526528,334,1 - Acessar Home,200,OK,Teste de Carga - 250 usuarios 1-87,text,true,,4757,120,250,250,https://www.blazedemo.com/,323,0,0
1774386523571,3293,3 - Comprar Passagem,200,OK,Teste de Carga - 250 usuarios 1-145,text,true,,6719,420,250,250,https://www.blazedemo.com/purchase.php,3281,0,0
1774386526629,239,3 - Comprar Passagem,200,OK,Teste de Carga - 250 usuarios 1-187,text,true,,6719,420,250,250,https://www.blazedemo.com/purchase.php,227,0,0
1774386525771,1102,2 - Escolher Voo,200,OK,Teste de Carga - 250 usuarios 1-123,text,true,,7381,250,250,250,https://www.blazedemo.com/reserve.php,1081,0,0
1774386526385,496,1 - Acessar Home,200,OK,Teste de Carga - 250 usuarios 1-229,text,true,,4757,120,250,250,https://www.blazedemo.com/,484,0,0
1774386526600,281,2 - Escolher Voo,200,OK,Teste de Carga - 250 usuarios 1-215,text,true,,7381,250,250,250,https://www.blazedemo.com/reserve.php,264,0,0
1774386526537,354,3 - Comprar Passagem,200,OK,Teste de Carga - 250 usuarios 1-148,text,true,,6719,420,250,250,https://www.blazedemo.com/purchase.php,338,0,0
1774386526525,372,2 - Escolher Voo,200,OK,Teste de Carga - 250 usuarios 1-223,text,true,,7381,250,250,250,https://www.blazedemo.com/reserve.php,352,0,0
1774386526371,529,1 - Acessar Home,200,OK,Teste de Carga - 250 usuarios 1-19,text,true,,4757,120,250,250,https://www.blazedemo.com/,517,0,0
1774386523662,3243,1 - Acessar Home,200,OK,Teste de Carga - 250 usuarios 1-214,text,true,,4757,120,250,250,https://www.blazedemo.com/,3223,0,0
1774386526259,650,2 - Escolher Voo,200,OK,Teste de Carga - 250 usuarios 1-28,text,true,,7381,250,250,250,https://www.blazedemo.com/reserve.php,630,0,0
1774386525852,1061,2 - Escolher Voo,200,OK,Teste de Carga - 250 usuarios 1-44,text,true,,7381,250,250,250,https://www.blazedemo.com/reserve.php,1040,0,0
1774386526593,322,3 - Comprar Passagem,200,OK,Teste de Carga - 250 usuarios 1-194,text,true,,6719,420,250,250,https://www.blazedemo.com/purchase.php,309,0,0
1774386526575,349,1 - Acessar Home,200,OK,Teste de Carga - 250 usuarios 1-147,text,true,,4757,120,250,250,https://www.blazedemo.com/,338,0,0
1774386526608,318,3 - Comprar Passagem,200,OK,Teste de Carga - 250 usuarios 1-41,text,true,,6719,420,250,250,https://www.blazedemo.com/purchase.php,307,0,0
1774386523973,2969,2 - Escolher Voo,200,OK,Teste de Carga - 250 usuarios 1-77,text,true,,7381,250,250,250,https://www.blazedemo.com/reserve.php,2949,0,0
1774386526685,256,2 - Escolher Voo,200,OK,Teste de Carga - 250 usuarios 1-177,text,true,,7381,250,250,250,https://www.blazedemo.com/reserve.php,237,0,0
1774386526603,341,1 - Acessar Home,200,OK,Teste de Carga - 250 usuarios 1-230,text,true,,4757,120,250,250,https://www.blazedemo.com/,329,0,0
1774386523334,3612,3 - Comprar Passagem,200,OK,Teste de Carga - 250 usuarios 1-72,text,true,,6719,420,250,250,https://www.blazedemo.com/purchase.php,3600,0,0
1774386526393,552,3 - Comprar Passagem,200,OK,Teste de Carga - 250 usuarios 1-184,text,true,,6719,420,250,250,https://www.blazedemo.com/purchase.php,535,0,0
1774386523325,3624,1 - Acessar Home,200,OK,Teste de Carga - 250 usuarios 1-50,text,true,,4757,120,250,250,https://www.blazedemo.com/,3612,0,0
1774386522705,4244,1 - Acessar Home,200,OK,Teste de Carga - 250 usuarios 1-110,text,true,,4757,120,250,250,https://www.blazedemo.com/,4226,0,0
1774386526662,293,2 - Escolher Voo,200,OK,Teste de Carga - 250 usuarios 1-183,text,true,,7381,250,250,250,https://www.blazedemo.com/reserve.php,272,0,0
1774386526362,598,1 - Acessar Home,200,OK,Teste de Carga - 250 usuarios 1-192,text,true,,4757,120,250,250,https://www.blazedemo.com/,587,0,0
1774386526490,472,3 - Comprar Passagem,200,OK,Teste de Carga - 250 usuarios 1-47,text,true,,6719,420,250,250,https://www.blazedemo.com/purchase.php,463,0,0
1774386526659,308,1 - Acessar Home,200,OK,Teste de Carga - 250 usuarios 1-23,text,true,,4757,120,250,250,https://www.blazedemo.com/,296,0,0
1774386526611,373,3 - Comprar Passagem,200,OK,Teste de Carga - 250 usuarios 1-169,text,true,,6719,420,250,250,https://www.blazedemo.com/purchase.php,361,0,0
1774386526360,626,3 - Comprar Passagem,200,OK,Teste de Carga - 250 usuarios 1-141,text,true,,6719,420,250,250,https://www.blazedemo.com/purchase.php,615,0,0
1774386523680,3312,1 - Acessar Home,200,OK,Teste de Carga - 250 usuarios 1-204,text,true,,4757,120,250,250,https://www.blazedemo.com/,3300,0,0
1774386526714,278,1 - Acessar Home,200,OK,Teste de Carga - 250 usuarios 1-24,text,true,,4757,120,250,250,https://www.blazedemo.com/,267,0,0
1774386526370,623,3 - Comprar Passagem,200,OK,Teste de Carga - 250 usuarios 1-178,text,true,,6719,420,250,250,https://www.blazedemo.com/purchase.php,609,0,0
1774386526462,531,3 - Comprar Passagem,200,OK,Teste de Carga - 250 usuarios 1-54,text,true,,6719,420,250,250,https://www.blazedemo.com/purchase.php,520,0,0
1774386526456,543,1 - Acessar Home,200,OK,Teste de Carga - 250 usuarios 1-236,text,true,,4757,120,250,250,https://www.blazedemo.com/,531,0,0
1774386524178,2824,1 - Acessar Home,200,OK,Teste de Carga - 250 usuarios 1-5,text,true,,4757,120,250,250,https://www.blazedemo.com/,2812,0,0
1774386526728,274,2 - Escolher Voo,200,OK,Teste de Carga - 250 usuarios 1-35,text,true,,7381,250,250,250,https://www.blazedemo.com/reserve.php,254,0,0
1774386526397,607,2 - Escolher Voo,200,OK,Teste de Carga - 250 usuarios 1-133,text,true,,7381,250,250,250,https://www.blazedemo.com/reserve.php,590,0,0
1774386526659,345,1 - Acessar Home,200,OK,Teste de Carga - 250 usuarios 1-132,text,true,,4757,120,250,250,https://www.blazedemo.com/,334,0,0
1774386523727,3282,3 - Comprar Passagem,200,OK,Teste de Carga - 250 usuarios 1-173,text,true,,6719,420,250,250,https://www.blazedemo.com/purchase.php,3270,0,0
1774386525936,1073,1 - Acessar Home,200,OK,Teste de Carga - 250 usuarios 1-160,text,true,,4757,120,250,250,https://www.blazedemo.com/,1060,0,0
1774386526514,497,2 - Escolher Voo,200,OK,Teste de Carga - 250 usuarios 1-57,text,true,,7381,250,250,250,https://www.blazedemo.com/reserve.php,481,0,0
1774386526648,368,2 - Escolher Voo,200,OK,Teste de Carga - 250 usuarios 1-210,text,true,,7381,250,250,250,https://www.blazedemo.com/reserve.php,348,0,0
1774386526670,348,1 - Acessar Home,200,OK,Teste de Carga - 250 usuarios 1-105,text,true,,4757,120,250,250,https://www.blazedemo.com/,336,0,0
1774386526665,355,3 - Comprar Passagem,200,OK,Teste de Carga - 250 usuarios 1-40,text,true,,6719,420,250,250,https://www.blazedemo.com/purchase.php,343,0,0
1774386526676,348,1 - Acessar Home,200,OK,Teste de Carga - 250 usuarios 1-134,text,true,,4757,120,250,250,https://www.blazedemo.com/,336,0,0
1774386525956,1081,3 - Comprar Passagem,200,OK,Teste de Carga - 250 usuarios 1-154,text,true,,6719,420,250,250,https://www.blazedemo.com/purchase.php,1065,0,0
1774386526721,322,3 - Comprar Passagem,200,OK,Teste de Carga - 250 usuarios 1-68,text,true,,6719,420,250,250,https://www.blazedemo.com/purchase.php,310,0,0
1774386524209,2844,1 - Acessar Home,200,OK,Teste de Carga - 250 usuarios 1-126,text,true,,4757,120,250,250,https://www.blazedemo.com/,2832,0,0
1774386526633,419,1 - Acessar Home,200,OK,Teste de Carga - 250 usuarios 1-208,text,true,,4757,120,250,250,https://www.blazedemo.com/,407,0,0
1774386522744,4309,2 - Escolher Voo,200,OK,Teste de Carga - 250 usuarios 1-219,text,true,,7381,250,250,250,https://www.blazedemo.com/reserve.php,4289,0,0
1774386523394,3667,2 - Escolher Voo,200,OK,Teste de Carga - 250 usuarios 1-21,text,true,,7381,250,250,250,https://www.blazedemo.com/reserve.php,3647,0,0
1774386526531,529,2 - Escolher Voo,200,OK,Teste de Carga - 250 usuarios 1-88,text,true,,7381,250,250,250,https://www.blazedemo.com/reserve.php,509,0,0
1774386526687,374,2 - Escolher Voo,200,OK,Teste de Carga - 250 usuarios 1-117,text,true,,7381,250,250,250,https://www.blazedemo.com/reserve.php,357,0,0
1774386526695,369,1 - Acessar Home,200,OK,Teste de Carga - 250 usuarios 1-180,text,true,,4757,120,250,250,https://www.blazedemo.com/,357,0,0
1774386526702,363,3 - Comprar Passagem,200,OK,Teste de Carga - 250 usuarios 1-59,text,true,,6719,420,250,250,https://www.blazedemo.com/purchase.php,354,0,0
1774386526488,589,3 - Comprar Passagem,200,OK,Teste de Carga - 250 usuarios 1-81,text,true,,6719,420,250,250,https://www.blazedemo.com/purchase.php,577,0,0
1774386526364,716,3 - Comprar Passagem,200,OK,Teste de Carga - 250 usuarios 1-130,text,true,,6719,420,250,250,https://www.blazedemo.com/purchase.php,704,0,0
1774386526410,672,1 - Acessar Home,200,OK,Teste de Carga - 250 usuarios 1-247,text,true,,4757,120,250,250,https://www.blazedemo.com/,660,0,0
1774386526830,255,2 - Escolher Voo,200,OK,Teste de Carga - 250 usuarios 1-63,text,true,,7381,250,250,250,https://www.blazedemo.com/reserve.php,234,0,0
1774386523379,3717,2 - Escolher Voo,200,OK,Teste de Carga - 250 usuarios 1-39,text,true,,7381,250,250,250,https://www.blazedemo.com/reserve.php,3697,0,0
1774386526844,253,1 - Acessar Home,200,OK,Teste de Carga - 250 usuarios 1-65,text,true,,4757,120,250,250,https://www.blazedemo.com/,241,0,0
1774386526713,386,2 - Escolher Voo,200,OK,Teste de Carga - 250 usuarios 1-12,text,true,,7381,250,250,250,https://www.blazedemo.com/reserve.php,366,0,0
1774386526421,678,1 - Acessar Home,200,OK,Teste de Carga - 250 usuarios 1-201,text,true,,4757,120,250,250,https://www.blazedemo.com/,667,0,0
1774386526784,319,2 - Escolher Voo,200,OK,Teste de Carga - 250 usuarios 1-226,text,true,,7381,250,250,250,https://www.blazedemo.com/reserve.php,298,0,0
1774386526756,352,3 - Comprar Passagem,200,OK,Teste de Carga - 250 usuarios 1-157,text,true,,6719,420,250,250,https://www.blazedemo.com/purchase.php,340,0,0
1774386526868,255,1 - Acessar Home,200,OK,Teste de Carga - 250 usuarios 1-187,text,true,,4757,120,250,250,https://www.blazedemo.com/,242,0,0
1774386526747,376,1 - Acessar Home,200,OK,Teste de Carga - 250 usuarios 1-137,text,true,,4757,120,250,250,https://www.blazedemo.com/,363,0,0
1774386526830,294,3 - Comprar Passagem,200,OK,Teste de Carga - 250 usuarios 1-193,text,true,,6719,420,250,250,https://www.blazedemo.com/purchase.php,281,0,0
1774386526791,333,1 - Acessar Home,200,OK,Teste de Carga - 250 usuarios 1-107,text,true,,4757,120,250,250,https://www.blazedemo.com/,321,0,0
1774386526569,556,2 - Escolher Voo,200,OK,Teste de Carga - 250 usuarios 1-51,text,true,,7381,250,250,250,https://www.blazedemo.com/reserve.php,533,0,0
1774386526054,1080,1 - Acessar Home,200,OK,Teste de Carga - 250 usuarios 1-146,text,true,,4757,120,250,250,https://www.blazedemo.com/,1067,0,0
1774386526364,771,2 - Escolher Voo,200,OK,Teste de Carga - 250 usuarios 1-220,text,true,,7381,250,250,250,https://www.blazedemo.com/reserve.php,751,0,0
1774386526067,1070,1 - Acessar Home,200,OK,Teste de Carga - 250 usuarios 1-175,text,true,,4757,120,250,250,https://www.blazedemo.com/,1058,0,0
1774386526757,387,3 - Comprar Passagem,200,OK,Teste de Carga - 250 usuarios 1-61,text,true,,6719,420,250,250,https://www.blazedemo.com/purchase.php,375,0,0
1774386526648,496,1 - Acessar Home,200,OK,Teste de Carga - 250 usuarios 1-243,text,true,,4757,120,250,250,https://www.blazedemo.com/,485,0,0
1774386526714,437,3 - Comprar Passagem,200,OK,Teste de Carga - 250 usuarios 1-75,text,true,,6719,420,250,250,https://www.blazedemo.com/purchase.php,424,0,0
1774386526690,469,1 - Acessar Home,200,OK,Teste de Carga - 250 usuarios 1-56,text,true,,4757,120,250,250,https://www.blazedemo.com/,457,0,0
1774386522940,4228,2 - Escolher Voo,200,OK,Teste de Carga - 250 usuarios 1-82,text,true,,7381,250,250,250,https://www.blazedemo.com/reserve.php,4209,0,0
1774386524440,2738,1 - Acessar Home,200,OK,Teste de Carga - 250 usuarios 1-200,text,true,,4757,120,250,250,https://www.blazedemo.com/,2725,0,0
1774386524396,2782,3 - Comprar Passagem,200,OK,Teste de Carga - 250 usuarios 1-73,text,true,,6719,420,250,250,https://www.blazedemo.com/purchase.php,2771,0,0
1774386526897,281,3 - Comprar Passagem,200,OK,Teste de Carga - 250 usuarios 1-223,text,true,,6719,420,250,250,https://www.blazedemo.com/purchase.php,264,0,0
1774386526863,318,1 - Acessar Home,200,OK,Teste de Carga - 250 usuarios 1-145,text,true,,4757,120,250,250,https://www.blazedemo.com/,307,0,0
1774386526418,763,2 - Escolher Voo,200,OK,Teste de Carga - 250 usuarios 1-195,text,true,,7381,250,250,250,https://www.blazedemo.com/reserve.php,746,0,0
1774386523949,3237,1 - Acessar Home,200,OK,Teste de Carga - 250 usuarios 1-128,text,true,,4757,120,250,250,https://www.blazedemo.com/,3225,0,0
1774386526481,704,2 - Escolher Voo,200,OK,Teste de Carga - 250 usuarios 1-120,text,true,,7381,250,250,250,https://www.blazedemo.com/reserve.php,683,0,0
1774386526454,732,2 - Escolher Voo,200,OK,Teste de Carga - 250 usuarios 1-114,text,true,,7381,250,250,250,https://www.blazedemo.com/reserve.php,711,0,0
1774386526491,698,2 - Escolher Voo,200,OK,Teste de Carga - 250 usuarios 1-203,text,true,,7381,250,250,250,https://www.blazedemo.com/reserve.php,678,0,0
1774386523465,3726,1 - Acessar Home,200,OK,Teste de Carga - 250 usuarios 1-8,text,true,,4757,120,250,250,https://www.blazedemo.com/,3714,0,0
1774386526909,282,3 - Comprar Passagem,200,OK,Teste de Carga - 250 usuarios 1-28,text,true,,6719,420,250,250,https://www.blazedemo.com/purchase.php,271,0,0
1774386526478,727,2 - Escolher Voo,200,OK,Teste de Carga - 250 usuarios 1-16,text,true,,7381,250,250,250,https://www.blazedemo.com/reserve.php,711,0,0
1774386526792,424,3 - Comprar Passagem,200,OK,Teste de Carga - 250 usuarios 1-100,text,true,,6719,420,250,250,https://www.blazedemo.com/purchase.php,412,0,0
1774386526812,413,2 - Escolher Voo,200,OK,Teste de Carga - 250 usuarios 1-162,text,true,,7381,250,250,250,https://www.blazedemo.com/reserve.php,392,0,0
1774386526900,326,2 - Escolher Voo,200,OK,Teste de Carga - 250 usuarios 1-19,text,true,,7381,250,250,250,https://www.blazedemo.com/reserve.php,306,0,0
1774386526735,495,3 - Comprar Passagem,200,OK,Teste de Carga - 250 usuarios 1-52,text,true,,6719,420,250,250,https://www.blazedemo.com/purchase.php,483,0,0
1774386526730,501,1 - Acessar Home,200,OK,Teste de Carga - 250 usuarios 1-140,text,true,,4757,120,250,250,https://www.blazedemo.com/,489,0,0
1774386526961,272,2 - Escolher Voo,200,OK,Teste de Carga - 250 usuarios 1-192,text,true,,7381,250,250,250,https://www.blazedemo.com/reserve.php,256,0,0
1774386526881,352,3 - Comprar Passagem,200,OK,Teste de Carga - 250 usuarios 1-215,text,true,,6719,420,250,250,https://www.blazedemo.com/purchase.php,340,0,0
1774386526941,297,3 - Comprar Passagem,200,OK,Teste de Carga - 250 usuarios 1-77,text,true,,6719,420,250,250,https://www.blazedemo.com/purchase.php,285,0,0
1774386526881,362,2 - Escolher Voo,200,OK,Teste de Carga - 250 usuarios 1-229,text,true,,7381,250,250,250,https://www.blazedemo.com/reserve.php,341,0,0
1774386526747,498,1 - Acessar Home,200,OK,Teste de Carga - 250 usuarios 1-1,text,true,,4757,120,250,250,https://www.blazedemo.com/,485,0,0
1774386526724,526,2 - Escolher Voo,200,OK,Teste de Carga - 250 usuarios 1-46,text,true,,7381,250,250,250,https://www.blazedemo.com/reserve.php,506,0,0
1774386526091,1162,3 - Comprar Passagem,200,OK,Teste de Carga - 250 usuarios 1-27,text,true,,6719,420,250,250,https://www.blazedemo.com/purchase.php,1150,0,0
1774386526076,1180,3 - Comprar Passagem,200,OK,Teste de Carga - 250 usuarios 1-227,text,true,,6719,420,250,250,https://www.blazedemo.com/purchase.php,1168,0,0
1774386527011,247,3 - Comprar Passagem,200,OK,Teste de Carga - 250 usuarios 1-57,text,true,,6719,420,250,250,https://www.blazedemo.com/purchase.php,235,0,0
1774386526948,320,2 - Escolher Voo,200,OK,Teste de Carga - 250 usuarios 1-110,text,true,,7381,250,250,250,https://www.blazedemo.com/reserve.php,303,0,0
1774386526763,505,2 - Escolher Voo,200,OK,Teste de Carga - 250 usuarios 1-199,text,true,,7381,250,250,250,https://www.blazedemo.com/reserve.php,485,0,0
1774386526560,712,2 - Escolher Voo,200,OK,Teste de Carga - 250 usuarios 1-66,text,true,,7381,250,250,250,https://www.blazedemo.com/reserve.php,692,0,0
1774386522918,4360,1 - Acessar Home,200,OK,Teste de Carga - 250 usuarios 1-94,text,true,,4757,120,250,250,https://www.blazedemo.com/,4347,0,0
1774386523986,3299,1 - Acessar Home,200,OK,Teste de Carga - 250 usuarios 1-231,text,true,,4757,120,250,250,https://www.blazedemo.com/,3287,0,0
1774386526756,528,3 - Comprar Passagem,200,OK,Teste de Carga - 250 usuarios 1-108,text,true,,6719,420,250,250,https://www.blazedemo.com/purchase.php,516,0,0
1774386523464,3823,2 - Escolher Voo,200,OK,Teste de Carga - 250 usuarios 1-91,text,true,,7381,250,250,250,https://www.blazedemo.com/reserve.php,3808,0,0
1774386527004,287,2 - Escolher Voo,200,OK,Teste de Carga - 250 usuarios 1-132,text,true,,7381,250,250,250,https://www.blazedemo.com/reserve.php,266,0,0
1774386526913,382,3 - Comprar Passagem,200,OK,Teste de Carga - 250 usuarios 1-44,text,true,,6719,420,250,250,https://www.blazedemo.com/purchase.php,365,0,0
1774386526613,686,1 - Acessar Home,200,OK,Teste de Carga - 250 usuarios 1-159,text,true,,4757,120,250,250,https://www.blazedemo.com/,674,0,0
1774386524484,2820,1 - Acessar Home,200,OK,Teste de Carga - 250 usuarios 1-198,text,true,,4757,120,250,250,https://www.blazedemo.com/,2807,0,0
1774386526926,383,1 - Acessar Home,200,OK,Teste de Carga - 250 usuarios 1-41,text,true,,4757,120,250,250,https://www.blazedemo.com/,371,0,0
1774386526945,367,1 - Acessar Home,200,OK,Teste de Carga - 250 usuarios 1-72,text,true,,4757,120,250,250,https://www.blazedemo.com/,354,0,0
1774386526830,482,2 - Escolher Voo,200,OK,Teste de Carga - 250 usuarios 1-207,text,true,,7381,250,250,250,https://www.blazedemo.com/reserve.php,461,0,0
1774386526962,361,1 - Acessar Home,200,OK,Teste de Carga - 250 usuarios 1-47,text,true,,4757,120,250,250,https://www.blazedemo.com/,348,0,0
1774386526992,334,2 - Escolher Voo,200,OK,Teste de Carga - 250 usuarios 1-204,text,true,,7381,250,250,250,https://www.blazedemo.com/reserve.php,314,0,0
1774386526984,348,1 - Acessar Home,200,OK,Teste de Carga - 250 usuarios 1-169,text,true,,4757,120,250,250,https://www.blazedemo.com/,336,0,0
1774386526915,418,1 - Acessar Home,200,OK,Teste de Carga - 250 usuarios 1-194,text,true,,4757,120,250,250,https://www.blazedemo.com/,408,0,0
1774386526992,343,2 - Escolher Voo,200,OK,Teste de Carga - 250 usuarios 1-24,text,true,,7381,250,250,250,https://www.blazedemo.com/reserve.php,322,0,0
1774386527020,323,1 - Acessar Home,200,OK,Teste de Carga - 250 usuarios 1-40,text,true,,4757,120,250,250,https://www.blazedemo.com/,311,0,0
1774386526548,797,1 - Acessar Home,200,OK,Teste de Carga - 250 usuarios 1-164,text,true,,4757,120,250,250,https://www.blazedemo.com/,785,0,0
1774386526993,359,1 - Acessar Home,200,OK,Teste de Carga - 250 usuarios 1-54,text,true,,4757,120,250,250,https://www.blazedemo.com/,346,0,0
1774386526741,611,1 - Acessar Home,200,OK,Teste de Carga - 250 usuarios 1-37,text,true,,4757,120,250,250,https://www.blazedemo.com/,599,0,0
1774386526645,709,1 - Acessar Home,200,OK,Teste de Carga - 250 usuarios 1-142,text,true,,4757,120,250,250,https://www.blazedemo.com/,696,0,0
1774386527095,266,3 - Comprar Passagem,200,OK,Teste de Carga - 250 usuarios 1-39,text,true,,6719,420,250,250,https://www.blazedemo.com/purchase.php,254,0,0
1774386527037,330,1 - Acessar Home,200,OK,Teste de Carga - 250 usuarios 1-154,text,true,,4757,120,250,250,https://www.blazedemo.com/,318,0,0
1774386526579,789,2 - Escolher Voo,200,OK,Teste de Carga - 250 usuarios 1-136,text,true,,7381,250,250,250,https://www.blazedemo.com/reserve.php,768,0,0
1774386522979,4393,3 - Comprar Passagem,200,OK,Teste de Carga - 250 usuarios 1-64,text,true,,6719,420,250,250,https://www.blazedemo.com/purchase.php,4381,0,0
1774386527099,277,2 - Escolher Voo,200,OK,Teste de Carga - 250 usuarios 1-201,text,true,,7381,250,250,250,https://www.blazedemo.com/reserve.php,256,0,0
1774386524075,3302,3 - Comprar Passagem,200,OK,Teste de Carga - 250 usuarios 1-182,text,true,,6719,420,250,250,https://www.blazedemo.com/purchase.php,3290,0,0
1774386523463,3915,2 - Escolher Voo,200,OK,Teste de Carga - 250 usuarios 1-246,text,true,,7381,250,250,250,https://www.blazedemo.com/reserve.php,3895,0,0
1774386527060,318,3 - Comprar Passagem,200,OK,Teste de Carga - 250 usuarios 1-88,text,true,,6719,420,250,250,https://www.blazedemo.com/purchase.php,307,0,0
1774386527008,371,1 - Acessar Home,200,OK,Teste de Carga - 250 usuarios 1-173,text,true,,4757,120,250,250,https://www.blazedemo.com/,359,0,0
1774386527004,375,3 - Comprar Passagem,200,OK,Teste de Carga - 250 usuarios 1-133,text,true,,6719,420,250,250,https://www.blazedemo.com/purchase.php,357,0,0
1774386526651,732,2 - Escolher Voo,200,OK,Teste de Carga - 250 usuarios 1-42,text,true,,7381,250,250,250,https://www.blazedemo.com/reserve.php,713,0,0
1774386526320,1068,2 - Escolher Voo,200,OK,Teste de Carga - 250 usuarios 1-7,text,true,,7381,250,250,250,https://www.blazedemo.com/reserve.php,1047,0,0
1774386526967,425,2 - Escolher Voo,200,OK,Teste de Carga - 250 usuarios 1-23,text,true,,7381,250,250,250,https://www.blazedemo.com/reserve.php,405,0,0
1774386526331,1063,3 - Comprar Passagem,200,OK,Teste de Carga - 250 usuarios 1-244,text,true,,6719,420,250,250,https://www.blazedemo.com/purchase.php,1051,0,0
1774386527052,343,2 - Escolher Voo,200,OK,Teste de Carga - 250 usuarios 1-208,text,true,,7381,250,250,250,https://www.blazedemo.com/reserve.php,322,0,0
1774386526640,756,1 - Acessar Home,200,OK,Teste de Carga - 250 usuarios 1-96,text,true,,4757,120,250,250,https://www.blazedemo.com/,743,0,0
1774386526849,558,3 - Comprar Passagem,200,OK,Teste de Carga - 250 usuarios 1-186,text,true,,6719,420,250,250,https://www.blazedemo.com/purchase.php,541,0,0
1774386527081,328,1 - Acessar Home,200,OK,Teste de Carga - 250 usuarios 1-130,text,true,,4757,120,250,250,https://www.blazedemo.com/,316,0,0
1774386527024,388,2 - Escolher Voo,200,OK,Teste de Carga - 250 usuarios 1-134,text,true,,7381,250,250,250,https://www.blazedemo.com/reserve.php,368,0,0
1774386527001,428,2 - Escolher Voo,200,OK,Teste de Carga - 250 usuarios 1-5,text,true,,7381,250,250,250,https://www.blazedemo.com/reserve.php,407,0,0
1774386527060,375,3 - Comprar Passagem,200,OK,Teste de Carga - 250 usuarios 1-21,text,true,,6719,420,250,250,https://www.blazedemo.com/purchase.php,363,0,0
1774386527043,394,1 - Acessar Home,200,OK,Teste de Carga - 250 usuarios 1-68,text,true,,4757,120,250,250,https://www.blazedemo.com/,383,0,0
1774386527082,355,2 - Escolher Voo,200,OK,Teste de Carga - 250 usuarios 1-247,text,true,,7381,250,250,250,https://www.blazedemo.com/reserve.php,334,0,0
1774386524706,2739,1 - Acessar Home,200,OK,Teste de Carga - 250 usuarios 1-98,text,true,,4757,120,250,250,https://www.blazedemo.com/,2729,0,0
1774386526721,726,3 - Comprar Passagem,200,OK,Teste de Carga - 250 usuarios 1-224,text,true,,6719,420,250,250,https://www.blazedemo.com/purchase.php,714,0,0
1774386526742,707,1 - Acessar Home,200,OK,Teste de Carga - 250 usuarios 1-206,text,true,,4757,120,250,250,https://www.blazedemo.com/,695,0,0
1774386527017,433,3 - Comprar Passagem,200,OK,Teste de Carga - 250 usuarios 1-210,text,true,,6719,420,250,250,https://www.blazedemo.com/purchase.php,420,0,0
1774386527077,373,1 - Acessar Home,200,OK,Teste de Carga - 250 usuarios 1-81,text,true,,4757,120,250,250,https://www.blazedemo.com/,362,0,0
1774386527018,433,2 - Escolher Voo,200,OK,Teste de Carga - 250 usuarios 1-105,text,true,,7381,250,250,250,https://www.blazedemo.com/reserve.php,417,0,0
1774386526862,590,2 - Escolher Voo,200,OK,Teste de Carga - 250 usuarios 1-87,text,true,,7381,250,250,250,https://www.blazedemo.com/reserve.php,573,0,0
1774386526891,561,1 - Acessar Home,200,OK,Teste de Carga - 250 usuarios 1-148,text,true,,4757,120,250,250,https://www.blazedemo.com/,550,0,0
1774386527064,390,2 - Escolher Voo,200,OK,Teste de Carga - 250 usuarios 1-180,text,true,,7381,250,250,250,https://www.blazedemo.com/reserve.php,370,0,0
1774386527124,332,2 - Escolher Voo,200,OK,Teste de Carga - 250 usuarios 1-107,text,true,,7381,250,250,250,https://www.blazedemo.com/reserve.php,312,0,0
1774386526579,882,2 - Escolher Voo,200,OK,Teste de Carga - 250 usuarios 1-95,text,true,,7381,250,250,250,https://www.blazedemo.com/reserve.php,863,0,0
1774386527085,378,3 - Comprar Passagem,200,OK,Teste de Carga - 250 usuarios 1-63,text,true,,6719,420,250,250,https://www.blazedemo.com/purchase.php,366,0,0
1774386524651,2821,1 - Acessar Home,200,OK,Teste de Carga - 250 usuarios 1-135,text,true,,4757,120,250,250,https://www.blazedemo.com/,2797,0,0
1774386523003,4472,2 - Escolher Voo,200,OK,Teste de Carga - 250 usuarios 1-22,text,true,,7381,250,250,250,https://www.blazedemo.com/reserve.php,4451,0,0
1774386523633,3845,3 - Comprar Passagem,200,OK,Teste de Carga - 250 usuarios 1-49,text,true,,6719,420,250,250,https://www.blazedemo.com/purchase.php,3833,0,0
1774386527052,430,2 - Escolher Voo,200,OK,Teste de Carga - 250 usuarios 1-126,text,true,,7381,250,250,250,https://www.blazedemo.com/reserve.php,410,0,0
1774386524226,3260,2 - Escolher Voo,200,OK,Teste de Carga - 250 usuarios 1-70,text,true,,7381,250,250,250,https://www.blazedemo.com/reserve.php,3240,0,0
1774386527123,367,2 - Escolher Voo,200,OK,Teste de Carga - 250 usuarios 1-137,text,true,,7381,250,250,250,https://www.blazedemo.com/reserve.php,348,0,0
1774386527135,358,3 - Comprar Passagem,200,OK,Teste de Carga - 250 usuarios 1-220,text,true,,6719,420,250,250,https://www.blazedemo.com/purchase.php,345,0,0
1774386527234,261,3 - Comprar Passagem,200,OK,Teste de Carga - 250 usuarios 1-192,text,true,,6719,420,250,250,https://www.blazedemo.com/purchase.php,249,0,0
1774386526742,761,1 - Acessar Home,200,OK,Teste de Carga - 250 usuarios 1-167,text,true,,4757,120,250,250,https://www.blazedemo.com/,749,0,0
1774386527250,264,3 - Comprar Passagem,200,OK,Teste de Carga - 250 usuarios 1-46,text,true,,6719,420,250,250,https://www.blazedemo.com/purchase.php,252,0,0
1774386526948,568,2 - Escolher Voo,200,OK,Teste de Carga - 250 usuarios 1-50,text,true,,7381,250,250,250,https://www.blazedemo.com/reserve.php,549,0,0
1774386527134,391,2 - Escolher Voo,200,OK,Teste de Carga - 250 usuarios 1-146,text,true,,7381,250,250,250,https://www.blazedemo.com/reserve.php,375,0,0
1774386527144,382,1 - Acessar Home,200,OK,Teste de Carga - 250 usuarios 1-61,text,true,,4757,120,250,250,https://www.blazedemo.com/,370,0,0
1774386527123,404,2 - Escolher Voo,200,OK,Teste de Carga - 250 usuarios 1-187,text,true,,7381,250,250,250,https://www.blazedemo.com/reserve.php,384,0,0
1774386527124,406,1 - Acessar Home,200,OK,Teste de Carga - 250 usuarios 1-193,text,true,,4757,120,250,250,https://www.blazedemo.com/,394,0,0
1774386527178,354,1 - Acessar Home,200,OK,Teste de Carga - 250 usuarios 1-223,text,true,,4757,120,250,250,https://www.blazedemo.com/,344,0,0
1774386527216,326,1 - Acessar Home,200,OK,Teste de Carga - 250 usuarios 1-100,text,true,,4757,120,250,250,https://www.blazedemo.com/,313,0,0
1774386524755,2790,3 - Comprar Passagem,200,OK,Teste de Carga - 250 usuarios 1-233,text,true,,6719,420,250,250,https://www.blazedemo.com/purchase.php,2778,0,0
1774386526762,789,3 - Comprar Passagem,200,OK,Teste de Carga - 250 usuarios 1-13,text,true,,6719,420,250,250,https://www.blazedemo.com/purchase.php,777,0,0
1774386526536,1024,1 - Acessar Home,200,OK,Teste de Carga - 250 usuarios 1-170,text,true,,4757,120,250,250,https://www.blazedemo.com/,1013,0,0
1774386526942,622,3 - Comprar Passagem,200,OK,Teste de Carga - 250 usuarios 1-177,text,true,,6719,420,250,250,https://www.blazedemo.com/purchase.php,610,0,0
1774386524290,3275,2 - Escolher Voo,200,OK,Teste de Carga - 250 usuarios 1-138,text,true,,7381,250,250,250,https://www.blazedemo.com/reserve.php,3259,0,0
1774386527052,513,3 - Comprar Passagem,200,OK,Teste de Carga - 250 usuarios 1-219,text,true,,6719,420,250,250,https://www.blazedemo.com/purchase.php,497,0,0
1774386523084,4487,2 - Escolher Voo,200,OK,Teste de Carga - 250 usuarios 1-71,text,true,,7381,250,250,250,https://www.blazedemo.com/reserve.php,4466,0,0
1774386527286,284,3 - Comprar Passagem,200,OK,Teste de Carga - 250 usuarios 1-91,text,true,,6719,420,250,250,https://www.blazedemo.com/purchase.php,273,0,0
1774386527225,350,3 - Comprar Passagem,200,OK,Teste de Carga - 250 usuarios 1-162,text,true,,6719,420,250,250,https://www.blazedemo.com/purchase.php,337,0,0
1774386526827,756,2 - Escolher Voo,200,OK,Teste de Carga - 250 usuarios 1-124,text,true,,7381,250,250,250,https://www.blazedemo.com/reserve.php,739,0,0
1774386523855,3729,2 - Escolher Voo,200,OK,Teste de Carga - 250 usuarios 1-202,text,true,,7381,250,250,250,https://www.blazedemo.com/reserve.php,3708,0,0
1774386526788,796,3 - Comprar Passagem,200,OK,Teste de Carga - 250 usuarios 1-111,text,true,,6719,420,250,250,https://www.blazedemo.com/purchase.php,784,0,0
1774386527238,349,1 - Acessar Home,200,OK,Teste de Carga - 250 usuarios 1-77,text,true,,4757,120,250,250,https://www.blazedemo.com/,338,0,0
1774386527167,423,3 - Comprar Passagem,200,OK,Teste de Carga - 250 usuarios 1-82,text,true,,6719,420,250,250,https://www.blazedemo.com/purchase.php,411,0,0
1774386527181,410,2 - Escolher Voo,200,OK,Teste de Carga - 250 usuarios 1-145,text,true,,7381,250,250,250,https://www.blazedemo.com/reserve.php,390,0,0
1774386527243,348,3 - Comprar Passagem,200,OK,Teste de Carga - 250 usuarios 1-229,text,true,,6719,420,250,250,https://www.blazedemo.com/purchase.php,336,0,0
1774386526715,888,2 - Escolher Voo,200,OK,Teste de Carga - 250 usuarios 1-149,text,true,,7381,250,250,250,https://www.blazedemo.com/reserve.php,868,0,0
1774386526582,1031,2 - Escolher Voo,200,OK,Teste de Carga - 250 usuarios 1-48,text,true,,7381,250,250,250,https://www.blazedemo.com/reserve.php,1011,0,0
1774386527177,436,1 - Acessar Home,200,OK,Teste de Carga - 250 usuarios 1-73,text,true,,4757,120,250,250,https://www.blazedemo.com/,424,0,0
1774386527151,462,1 - Acessar Home,200,OK,Teste de Carga - 250 usuarios 1-75,text,true,,4757,120,250,250,https://www.blazedemo.com/,451,0,0
1774386527190,426,2 - Escolher Voo,200,OK,Teste de Carga - 250 usuarios 1-8,text,true,,7381,250,250,250,https://www.blazedemo.com/reserve.php,405,0,0
1774386527177,444,2 - Escolher Voo,200,OK,Teste de Carga - 250 usuarios 1-200,text,true,,7381,250,250,250,https://www.blazedemo.com/reserve.php,423,0,0
1774386527253,371,1 - Acessar Home,200,OK,Teste de Carga - 250 usuarios 1-27,text,true,,4757,120,250,250,https://www.blazedemo.com/,360,0,0
1774386527313,312,3 - Comprar Passagem,200,OK,Teste de Carga - 250 usuarios 1-207,text,true,,6719,420,250,250,https://www.blazedemo.com/purchase.php,300,0,0
1774386526781,845,3 - Comprar Passagem,200,OK,Teste de Carga - 250 usuarios 1-33,text,true,,6719,420,250,250,https://www.blazedemo.com/purchase.php,833,0,0
1774386527303,324,2 - Escolher Voo,200,OK,Teste de Carga - 250 usuarios 1-198,text,true,,7381,250,250,250,https://www.blazedemo.com/reserve.php,307,0,0
1774386527312,331,2 - Escolher Voo,200,OK,Teste de Carga - 250 usuarios 1-72,text,true,,7381,250,250,250,https://www.blazedemo.com/reserve.php,310,0,0
1774386527189,461,3 - Comprar Passagem,200,OK,Teste de Carga - 250 usuarios 1-203,text,true,,6719,420,250,250,https://www.blazedemo.com/purchase.php,449,0,0
1774386524838,2815,3 - Comprar Passagem,200,OK,Teste de Carga - 250 usuarios 1-55,text,true,,6719,420,250,250,https://www.blazedemo.com/purchase.php,2803,0,0
1774386527230,425,1 - Acessar Home,200,OK,Teste de Carga - 250 usuarios 1-52,text,true,,4757,120,250,250,https://www.blazedemo.com/,413,0,0
1774386527299,357,2 - Escolher Voo,200,OK,Teste de Carga - 250 usuarios 1-159,text,true,,7381,250,250,250,https://www.blazedemo.com/reserve.php,338,0,0
1774386526722,937,1 - Acessar Home,200,OK,Teste de Carga - 250 usuarios 1-26,text,true,,4757,120,250,250,https://www.blazedemo.com/,925,0,0
1774386523323,4341,1 - Acessar Home,200,OK,Teste de Carga - 250 usuarios 1-74,text,true,,4757,120,250,250,https://www.blazedemo.com/,4320,0,0
1774386527258,409,1 - Acessar Home,200,OK,Teste de Carga - 250 usuarios 1-57,text,true,,4757,120,250,250,https://www.blazedemo.com/,397,0,0
1774386523885,3795,2 - Escolher Voo,200,OK,Teste de Carga - 250 usuarios 1-83,text,true,,7381,250,250,250,https://www.blazedemo.com/reserve.php,3776,0,0
1774386527352,329,2 - Escolher Voo,200,OK,Teste de Carga - 250 usuarios 1-37,text,true,,7381,250,250,250,https://www.blazedemo.com/reserve.php,306,0,0
1774386527407,275,1 - Acessar Home,200,OK,Teste de Carga - 250 usuarios 1-186,text,true,,4757,120,250,250,https://www.blazedemo.com/,262,0,0
1774386527137,545,2 - Escolher Voo,200,OK,Teste de Carga - 250 usuarios 1-175,text,true,,7381,250,250,250,https://www.blazedemo.com/reserve.php,525,0,0
1774386526779,910,1 - Acessar Home,200,OK,Teste de Carga - 250 usuarios 1-121,text,true,,4757,120,250,250,https://www.blazedemo.com/,897,0,0
1774386527284,408,2 - Escolher Voo,200,OK,Teste de Carga - 250 usuarios 1-231,text,true,,7381,250,250,250,https://www.blazedemo.com/reserve.php,392,0,0
1774386527191,503,1 - Acessar Home,200,OK,Teste de Carga - 250 usuarios 1-28,text,true,,4757,120,250,250,https://www.blazedemo.com/,488,0,0
1774386526945,749,1 - Acessar Home,200,OK,Teste de Carga - 250 usuarios 1-184,text,true,,4757,120,250,250,https://www.blazedemo.com/,738,0,0
1774386526904,792,2 - Escolher Voo,200,OK,Teste de Carga - 250 usuarios 1-214,text,true,,7381,250,250,250,https://www.blazedemo.com/reserve.php,772,0,0
1774386527345,353,2 - Escolher Voo,200,OK,Teste de Carga - 250 usuarios 1-164,text,true,,7381,250,250,250,https://www.blazedemo.com/reserve.php,333,0,0
1774386527272,426,3 - Comprar Passagem,200,OK,Teste de Carga - 250 usuarios 1-66,text,true,,6719,420,250,250,https://www.blazedemo.com/purchase.php,414,0,0
1774386527395,304,3 - Comprar Passagem,200,OK,Teste de Carga - 250 usuarios 1-208,text,true,,6719,420,250,250,https://www.blazedemo.com/purchase.php,288,0,0
1774386527378,340,1 - Acessar Home,200,OK,Teste de Carga - 250 usuarios 1-88,text,true,,4757,120,250,250,https://www.blazedemo.com/,327,0,0
1774386527461,268,3 - Comprar Passagem,200,OK,Teste de Carga - 250 usuarios 1-95,text,true,,6719,420,250,250,https://www.blazedemo.com/purchase.php,256,0,0
1774386527323,407,2 - Escolher Voo,200,OK,Teste de Carga - 250 usuarios 1-47,text,true,,7381,250,250,250,https://www.blazedemo.com/reserve.php,388,0,0
1774386527231,499,2 - Escolher Voo,200,OK,Teste de Carga - 250 usuarios 1-140,text,true,,7381,250,250,250,https://www.blazedemo.com/reserve.php,479,0,0
1774386527376,357,1 - Acessar Home,200,OK,Teste de Carga - 250 usuarios 1-182,text,true,,4757,120,250,250,https://www.blazedemo.com/,346,0,0
1774386527277,458,2 - Escolher Voo,200,OK,Teste de Carga - 250 usuarios 1-94,text,true,,7381,250,250,250,https://www.blazedemo.com/reserve.php,438,0,0
1774386526986,753,1 - Acessar Home,200,OK,Teste de Carga - 250 usuarios 1-141,text,true,,4757,120,250,250,https://www.blazedemo.com/,741,0,0
1774386524373,3375,3 - Comprar Passagem,200,OK,Teste de Carga - 250 usuarios 1-222,text,true,,6719,420,250,250,https://www.blazedemo.com/purchase.php,3362,0,0
1774386527483,272,3 - Comprar Passagem,200,OK,Teste de Carga - 250 usuarios 1-126,text,true,,6719,420,250,250,https://www.blazedemo.com/purchase.php,260,0,0
1774386527449,307,2 - Escolher Voo,200,OK,Teste de Carga - 250 usuarios 1-206,text,true,,7381,250,250,250,https://www.blazedemo.com/reserve.php,290,0,0
1774386526999,761,2 - Escolher Voo,200,OK,Teste de Carga - 250 usuarios 1-236,text,true,,7381,250,250,250,https://www.blazedemo.com/reserve.php,740,0,0
1774386524843,2922,3 - Comprar Passagem,200,OK,Teste de Carga - 250 usuarios 1-43,text,true,,6719,420,250,250,https://www.blazedemo.com/purchase.php,2909,0,0
1774386527383,385,3 - Comprar Passagem,200,OK,Teste de Carga - 250 usuarios 1-42,text,true,,6719,420,250,250,https://www.blazedemo.com/purchase.php,368,0,0
1774386523963,3806,2 - Escolher Voo,200,OK,Teste de Carga - 250 usuarios 1-166,text,true,,7381,250,250,250,https://www.blazedemo.com/reserve.php,3786,0,0
1774386527181,591,3 - Comprar Passagem,200,OK,Teste de Carga - 250 usuarios 1-195,text,true,,6719,420,250,250,https://www.blazedemo.com/purchase.php,578,0,0
1774386526873,899,3 - Comprar Passagem,200,OK,Teste de Carga - 250 usuarios 1-123,text,true,,6719,420,250,250,https://www.blazedemo.com/purchase.php,887,0,0
1774386527447,328,1 - Acessar Home,200,OK,Teste de Carga - 250 usuarios 1-224,text,true,,4757,120,250,250,https://www.blazedemo.com/,317,0,0
1774386527245,538,2 - Escolher Voo,200,OK,Teste de Carga - 250 usuarios 1-1,text,true,,7381,250,250,250,https://www.blazedemo.com/reserve.php,518,0,0
1774386527099,689,3 - Comprar Passagem,200,OK,Teste de Carga - 250 usuarios 1-12,text,true,,6719,420,250,250,https://www.blazedemo.com/purchase.php,672,0,0
1774386527477,312,1 - Acessar Home,200,OK,Teste de Carga - 250 usuarios 1-49,text,true,,4757,120,250,250,https://www.blazedemo.com/,300,0,0
1774386527284,509,1 - Acessar Home,200,OK,Teste de Carga - 250 usuarios 1-108,text,true,,4757,120,250,250,https://www.blazedemo.com/,497,0,0
1774386527437,363,2 - Escolher Voo,200,OK,Teste de Carga - 250 usuarios 1-68,text,true,,7381,250,250,250,https://www.blazedemo.com/reserve.php,343,0,0
1774386527451,352,3 - Comprar Passagem,200,OK,Teste de Carga - 250 usuarios 1-105,text,true,,6719,420,250,250,https://www.blazedemo.com/purchase.php,336,0,0
1774386527474,332,3 - Comprar Passagem,200,OK,Teste de Carga - 250 usuarios 1-22,text,true,,6719,420,250,250,https://www.blazedemo.com/purchase.php,320,0,0
1774386526646,1172,2 - Escolher Voo,200,OK,Teste de Carga - 250 usuarios 1-76,text,true,,7381,250,250,250,https://www.blazedemo.com/reserve.php,1150,0,0
1774386527544,278,1 - Acessar Home,200,OK,Teste de Carga - 250 usuarios 1-233,text,true,,4757,120,250,250,https://www.blazedemo.com/,265,0,0
1774386527335,488,3 - Comprar Passagem,200,OK,Teste de Carga - 250 usuarios 1-24,text,true,,6719,420,250,250,https://www.blazedemo.com/purchase.php,476,0,0
1774386527379,447,1 - Acessar Home,200,OK,Teste de Carga - 250 usuarios 1-133,text,true,,4757,120,250,250,https://www.blazedemo.com/,439,0,0
1774386527517,309,3 - Comprar Passagem,200,OK,Teste de Carga - 250 usuarios 1-50,text,true,,6719,420,250,250,https://www.blazedemo.com/purchase.php,301,0,0
1774386527542,293,2 - Escolher Voo,200,OK,Teste de Carga - 250 usuarios 1-100,text,true,,7381,250,250,250,https://www.blazedemo.com/reserve.php,276,0,0
1774386527456,382,3 - Comprar Passagem,200,OK,Teste de Carga - 250 usuarios 1-107,text,true,,6719,420,250,250,https://www.blazedemo.com/purchase.php,370,0,0
1774386527185,665,3 - Comprar Passagem,200,OK,Teste de Carga - 250 usuarios 1-120,text,true,,6719,420,250,250,https://www.blazedemo.com/purchase.php,653,0,0
1774386527452,402,3 - Comprar Passagem,200,OK,Teste de Carga - 250 usuarios 1-87,text,true,,6719,420,250,250,https://www.blazedemo.com/purchase.php,390,0,0
1774386527205,658,3 - Comprar Passagem,200,OK,Teste de Carga - 250 usuarios 1-16,text,true,,6719,420,250,250,https://www.blazedemo.com/purchase.php,640,0,0
1774386523557,4311,2 - Escolher Voo,200,OK,Teste de Carga - 250 usuarios 1-78,text,true,,7381,250,250,250,https://www.blazedemo.com/reserve.php,4290,0,0
1774386527603,265,3 - Comprar Passagem,200,OK,Teste de Carga - 250 usuarios 1-149,text,true,,6719,420,250,250,https://www.blazedemo.com/purchase.php,252,0,0
1774386527613,262,3 - Comprar Passagem,200,OK,Teste de Carga - 250 usuarios 1-48,text,true,,6719,420,250,250,https://www.blazedemo.com/purchase.php,240,0,0
1774386524851,3025,3 - Comprar Passagem,200,OK,Teste de Carga - 250 usuarios 1-143,text,true,,6719,420,250,250,https://www.blazedemo.com/purchase.php,3010,0,0
1774386527352,532,2 - Escolher Voo,200,OK,Teste de Carga - 250 usuarios 1-54,text,true,,7381,250,250,250,https://www.blazedemo.com/reserve.php,512,0,0
1774386527590,297,1 - Acessar Home,200,OK,Teste de Carga - 250 usuarios 1-82,text,true,,4757,120,250,250,https://www.blazedemo.com/,285,0,0
1774386527379,508,2 - Escolher Voo,200,OK,Teste de Carga - 250 usuarios 1-173,text,true,,7381,250,250,250,https://www.blazedemo.com/reserve.php,488,0,0
1774386527626,263,1 - Acessar Home,200,OK,Teste de Carga - 250 usuarios 1-33,text,true,,4757,120,250,250,https://www.blazedemo.com/,251,0,0
1774386527493,400,1 - Acessar Home,200,OK,Teste de Carga - 250 usuarios 1-220,text,true,,4757,120,250,250,https://www.blazedemo.com/,388,0,0
1774386527622,275,3 - Comprar Passagem,200,OK,Teste de Carga - 250 usuarios 1-200,text,true,,6719,420,250,250,https://www.blazedemo.com/purchase.php,263,0,0
1774386527490,420,3 - Comprar Passagem,200,OK,Teste de Carga - 250 usuarios 1-137,text,true,,6719,420,250,250,https://www.blazedemo.com/purchase.php,407,0,0
1774386527268,642,3 - Comprar Passagem,200,OK,Teste de Carga - 250 usuarios 1-110,text,true,,6719,420,250,250,https://www.blazedemo.com/purchase.php,631,0,0
1774386527551,361,1 - Acessar Home,200,OK,Teste de Carga - 250 usuarios 1-13,text,true,,4757,120,250,250,https://www.blazedemo.com/,350,0,0
1774386527655,268,2 - Escolher Voo,200,OK,Teste de Carga - 250 usuarios 1-52,text,true,,7381,250,250,250,https://www.blazedemo.com/reserve.php,249,0,0
1774386526780,1146,2 - Escolher Voo,200,OK,Teste de Carga - 250 usuarios 1-185,text,true,,7381,250,250,250,https://www.blazedemo.com/reserve.php,1125,0,0
1774386527326,603,3 - Comprar Passagem,200,OK,Teste de Carga - 250 usuarios 1-204,text,true,,6719,420,250,250,https://www.blazedemo.com/purchase.php,592,0,0
1774386527444,486,2 - Escolher Voo,200,OK,Teste de Carga - 250 usuarios 1-98,text,true,,7381,250,250,250,https://www.blazedemo.com/reserve.php,466,0,0
1774386527291,639,3 - Comprar Passagem,200,OK,Teste de Carga - 250 usuarios 1-132,text,true,,6719,420,250,250,https://www.blazedemo.com/purchase.php,627,0,0
1774386527591,342,3 - Comprar Passagem,200,OK,Teste de Carga - 250 usuarios 1-145,text,true,,6719,420,250,250,https://www.blazedemo.com/purchase.php,330,0,0
1774386527361,573,1 - Acessar Home,200,OK,Teste de Carga - 250 usuarios 1-39,text,true,,4757,120,250,250,https://www.blazedemo.com/,562,0,0
1774386527367,572,2 - Escolher Voo,200,OK,Teste de Carga - 250 usuarios 1-154,text,true,,7381,250,250,250,https://www.blazedemo.com/reserve.php,552,0,0
1774386524555,3387,1 - Acessar Home,200,OK,Teste de Carga - 250 usuarios 1-232,text,true,,4757,120,250,250,https://www.blazedemo.com/,3374,0,0
1774386527575,374,1 - Acessar Home,200,OK,Teste de Carga - 250 usuarios 1-162,text,true,,4757,120,250,250,https://www.blazedemo.com/,363,0,0
1774386523709,4259,1 - Acessar Home,200,OK,Teste de Carga - 250 usuarios 1-174,text,true,,4757,120,250,250,https://www.blazedemo.com/,4247,0,0
1774386527412,555,3 - Comprar Passagem,200,OK,Teste de Carga - 250 usuarios 1-134,text,true,,6719,420,250,250,https://www.blazedemo.com/purchase.php,544,0,0
1774386527377,597,3 - Comprar Passagem,200,OK,Teste de Carga - 250 usuarios 1-246,text,true,,6719,420,250,250,https://www.blazedemo.com/purchase.php,585,0,0
1774386527503,478,2 - Escolher Voo,200,OK,Teste de Carga - 250 usuarios 1-167,text,true,,7381,250,250,250,https://www.blazedemo.com/reserve.php,458,0,0
1774386527681,305,3 - Comprar Passagem,200,OK,Teste de Carga - 250 usuarios 1-37,text,true,,6719,420,250,250,https://www.blazedemo.com/purchase.php,292,0,0
1774386524902,3088,1 - Acessar Home,200,OK,Teste de Carga - 250 usuarios 1-18,text,true,,4757,120,250,250,https://www.blazedemo.com/,3076,0,0
1774386527570,422,3 - Comprar Passagem,200,OK,Teste de Carga - 250 usuarios 1-71,text,true,,6719,420,250,250,https://www.blazedemo.com/purchase.php,410,0,0
1774386527309,687,2 - Escolher Voo,200,OK,Teste de Carga - 250 usuarios 1-41,text,true,,7381,250,250,250,https://www.blazedemo.com/reserve.php,671,0,0
1774386527698,306,1 - Acessar Home,200,OK,Teste de Carga - 250 usuarios 1-66,text,true,,4757,120,250,250,https://www.blazedemo.com/,294,0,0
1774386527368,640,3 - Comprar Passagem,200,OK,Teste de Carga - 250 usuarios 1-136,text,true,,6719,420,250,250,https://www.blazedemo.com/purchase.php,626,0,0
1774386527570,440,1 - Acessar Home,200,OK,Teste de Carga - 250 usuarios 1-91,text,true,,4757,120,250,250,https://www.blazedemo.com/,426,0,0
1774386527747,264,1 - Acessar Home,200,OK,Teste de Carga - 250 usuarios 1-222,text,true,,4757,120,250,250,https://www.blazedemo.com/,252,0,0
1774386527739,272,2 - Escolher Voo,200,OK,Teste de Carga - 250 usuarios 1-141,text,true,,7381,250,250,250,https://www.blazedemo.com/reserve.php,256,0,0
1774386527735,283,3 - Comprar Passagem,200,OK,Teste de Carga - 250 usuarios 1-94,text,true,,6719,420,250,250,https://www.blazedemo.com/purchase.php,266,0,0
1774386527560,468,2 - Escolher Voo,200,OK,Teste de Carga - 250 usuarios 1-170,text,true,,7381,250,250,250,https://www.blazedemo.com/reserve.php,447,0,0
1774386527755,274,1 - Acessar Home,200,OK,Teste de Carga - 250 usuarios 1-126,text,true,,4757,120,250,250,https://www.blazedemo.com/,262,0,0
1774386527699,335,1 - Acessar Home,200,OK,Teste de Carga - 250 usuarios 1-208,text,true,,4757,120,250,250,https://www.blazedemo.com/,322,0,0
1774386527332,702,2 - Escolher Voo,200,OK,Teste de Carga - 250 usuarios 1-169,text,true,,7381,250,250,250,https://www.blazedemo.com/reserve.php,682,0,0
1774386527394,643,1 - Acessar Home,200,OK,Teste de Carga - 250 usuarios 1-244,text,true,,4757,120,250,250,https://www.blazedemo.com/,630,0,0
1774386526789,1253,2 - Escolher Voo,200,OK,Teste de Carga - 250 usuarios 1-150,text,true,,7381,250,250,250,https://www.blazedemo.com/reserve.php,1231,0,0
1774386524747,3296,2 - Escolher Voo,200,OK,Teste de Carga - 250 usuarios 1-60,text,true,,7381,250,250,250,https://www.blazedemo.com/reserve.php,3275,0,0
1774386527430,614,3 - Comprar Passagem,200,OK,Teste de Carga - 250 usuarios 1-5,text,true,,6719,420,250,250,https://www.blazedemo.com/purchase.php,604,0,0
1774386527435,609,1 - Acessar Home,200,OK,Teste de Carga - 250 usuarios 1-21,text,true,,4757,120,250,250,https://www.blazedemo.com/,599,0,0
1774386527625,423,1 - Acessar Home,200,OK,Teste de Carga - 250 usuarios 1-207,text,true,,4757,120,250,250,https://www.blazedemo.com/,411,0,0
1774386527667,384,2 - Escolher Voo,200,OK,Teste de Carga - 250 usuarios 1-57,text,true,,7381,250,250,250,https://www.blazedemo.com/reserve.php,363,0,0
1774386527657,394,3 - Comprar Passagem,200,OK,Teste de Carga - 250 usuarios 1-159,text,true,,6719,420,250,250,https://www.blazedemo.com/purchase.php,385,0,0
1774386527772,287,1 - Acessar Home,200,OK,Teste de Carga - 250 usuarios 1-195,text,true,,4757,120,250,250,https://www.blazedemo.com/,276,0,0
1774386527372,704,1 - Acessar Home,200,OK,Teste de Carga - 250 usuarios 1-64,text,true,,4757,120,250,250,https://www.blazedemo.com/,693,0,0
1774386527663,416,2 - Escolher Voo,200,OK,Teste de Carga - 250 usuarios 1-74,text,true,,7381,250,250,250,https://www.blazedemo.com/reserve.php,396,0,0
1774386527525,555,3 - Comprar Passagem,200,OK,Teste de Carga - 250 usuarios 1-146,text,true,,6719,420,250,250,https://www.blazedemo.com/purchase.php,543,0,0
1774386527804,280,1 - Acessar Home,200,OK,Teste de Carga - 250 usuarios 1-105,text,true,,4757,120,250,250,https://www.blazedemo.com/,267,0,0
1774386524086,4002,3 - Comprar Passagem,200,OK,Teste de Carga - 250 usuarios 1-103,text,true,,6719,420,250,250,https://www.blazedemo.com/purchase.php,3991,0,0
1774386527591,500,1 - Acessar Home,200,OK,Teste de Carga - 250 usuarios 1-229,text,true,,4757,120,250,250,https://www.blazedemo.com/,488,0,0
1774386527696,399,3 - Comprar Passagem,200,OK,Teste de Carga - 250 usuarios 1-214,text,true,,6719,420,250,250,https://www.blazedemo.com/purchase.php,388,0,0
1774386527333,774,2 - Escolher Voo,200,OK,Teste de Carga - 250 usuarios 1-194,text,true,,7381,250,250,250,https://www.blazedemo.com/reserve.php,753,0,0
1774386527730,381,3 - Comprar Passagem,200,OK,Teste de Carga - 250 usuarios 1-140,text,true,,6719,420,250,250,https://www.blazedemo.com/purchase.php,367,0,0
1774386524776,3338,1 - Acessar Home,200,OK,Teste de Carga - 250 usuarios 1-129,text,true,,4757,120,250,250,https://www.blazedemo.com/,3325,0,0
1774386527437,676,3 - Comprar Passagem,200,OK,Teste de Carga - 250 usuarios 1-247,text,true,,6719,420,250,250,https://www.blazedemo.com/purchase.php,658,0,0
1774386525045,3074,3 - Comprar Passagem,200,OK,Teste de Carga - 250 usuarios 1-171,text,true,,6719,420,250,250,https://www.blazedemo.com/purchase.php,3061,0,0
1774386527679,439,3 - Comprar Passagem,200,OK,Teste de Carga - 250 usuarios 1-83,text,true,,6719,420,250,250,https://www.blazedemo.com/purchase.php,426,0,0
1774386527584,537,1 - Acessar Home,200,OK,Teste de Carga - 250 usuarios 1-111,text,true,,4757,120,250,250,https://www.blazedemo.com/,527,0,0
1774386527768,357,3 - Comprar Passagem,200,OK,Teste de Carga - 250 usuarios 1-166,text,true,,6719,420,250,250,https://www.blazedemo.com/purchase.php,343,0,0
1774386527867,258,3 - Comprar Passagem,200,OK,Teste de Carga - 250 usuarios 1-78,text,true,,6719,420,250,250,https://www.blazedemo.com/purchase.php,246,0,0
1774386527354,778,2 - Escolher Voo,200,OK,Teste de Carga - 250 usuarios 1-142,text,true,,7381,250,250,250,https://www.blazedemo.com/reserve.php,759,0,0
1774386527471,671,2 - Escolher Voo,200,OK,Teste de Carga - 250 usuarios 1-135,text,true,,7381,250,250,250,https://www.blazedemo.com/reserve.php,650,0,0
1774386527689,453,2 - Escolher Voo,200,OK,Teste de Carga - 250 usuarios 1-121,text,true,,7381,250,250,250,https://www.blazedemo.com/reserve.php,437,0,0
1774386526811,1337,3 - Comprar Passagem,200,OK,Teste de Carga - 250 usuarios 1-125,text,true,,6719,420,250,250,https://www.blazedemo.com/purchase.php,1320,0,0
1774386527854,294,1 - Acessar Home,200,OK,Teste de Carga - 250 usuarios 1-87,text,true,,4757,120,250,250,https://www.blazedemo.com/,282,0,0
1774386527694,458,2 - Escolher Voo,200,OK,Teste de Carga - 250 usuarios 1-184,text,true,,7381,250,250,250,https://www.blazedemo.com/reserve.php,438,0,0
1774386527682,473,3 - Comprar Passagem,200,OK,Teste de Carga - 250 usuarios 1-175,text,true,,6719,420,250,250,https://www.blazedemo.com/purchase.php,460,0,0
1774386527396,759,2 - Escolher Voo,200,OK,Teste de Carga - 250 usuarios 1-96,text,true,,7381,250,250,250,https://www.blazedemo.com/reserve.php,740,0,0
1774386527526,642,2 - Escolher Voo,200,OK,Teste de Carga - 250 usuarios 1-61,text,true,,7381,250,250,250,https://www.blazedemo.com/reserve.php,622,0,0
1774386523863,4307,1 - Acessar Home,200,OK,Teste de Carga - 250 usuarios 1-11,text,true,,4757,120,250,250,https://www.blazedemo.com/,4297,0,0
1774386527643,529,3 - Comprar Passagem,200,OK,Teste de Carga - 250 usuarios 1-72,text,true,,6719,420,250,250,https://www.blazedemo.com/purchase.php,517,0,0
1774386527694,481,2 - Escolher Voo,200,OK,Teste de Carga - 250 usuarios 1-28,text,true,,7381,250,250,250,https://www.blazedemo.com/reserve.php,461,0,0
1774386527772,415,1 - Acessar Home,200,OK,Teste de Carga - 250 usuarios 1-123,text,true,,4757,120,250,250,https://www.blazedemo.com/,404,0,0
1774386527760,438,3 - Comprar Passagem,200,OK,Teste de Carga - 250 usuarios 1-236,text,true,,6719,420,250,250,https://www.blazedemo.com/purchase.php,428,0,0
1774386524978,3223,3 - Comprar Passagem,200,OK,Teste de Carga - 250 usuarios 1-127,text,true,,6723,420,250,250,https://www.blazedemo.com/purchase.php,3211,0,0
1774386527756,446,3 - Comprar Passagem,200,OK,Teste de Carga - 250 usuarios 1-206,text,true,,6719,420,250,250,https://www.blazedemo.com/purchase.php,434,0,0
1774386527926,276,3 - Comprar Passagem,200,OK,Teste de Carga - 250 usuarios 1-185,text,true,,6719,420,250,250,https://www.blazedemo.com/purchase.php,267,0,0
1774386527910,297,1 - Acessar Home,200,OK,Teste de Carga - 250 usuarios 1-137,text,true,,4757,120,250,250,https://www.blazedemo.com/,288,0,0
1774386527933,274,1 - Acessar Home,200,OK,Teste de Carga - 250 usuarios 1-145,text,true,,4757,120,250,250,https://www.blazedemo.com/,267,0,0
1774386527376,840,3 - Comprar Passagem,200,OK,Teste de Carga - 250 usuarios 1-201,text,true,,6719,420,250,250,https://www.blazedemo.com/purchase.php,827,0,0
1774386527564,657,3 - Comprar Passagem,200,OK,Teste de Carga - 250 usuarios 1-138,text,true,,6719,420,250,250,https://www.blazedemo.com/purchase.php,644,0,0
1774386527451,779,2 - Escolher Voo,200,OK,Teste de Carga - 250 usuarios 1-81,text,true,,7381,250,250,250,https://www.blazedemo.com/reserve.php,758,0,0
1774386525066,3166,2 - Escolher Voo,200,OK,Teste de Carga - 250 usuarios 1-156,text,true,,7381,250,250,250,https://www.blazedemo.com/reserve.php,3154,0,0
1774386527974,261,1 - Acessar Home,200,OK,Teste de Carga - 250 usuarios 1-246,text,true,,4757,120,250,250,https://www.blazedemo.com/,247,0,0
1774386527527,708,3 - Comprar Passagem,200,OK,Teste de Carga - 250 usuarios 1-187,text,true,,6719,420,250,250,https://www.blazedemo.com/purchase.php,694,0,0
1774386527806,431,1 - Acessar Home,200,OK,Teste de Carga - 250 usuarios 1-22,text,true,,4757,120,250,250,https://www.blazedemo.com/,420,0,0
1774386527583,658,3 - Comprar Passagem,200,OK,Teste de Carga - 250 usuarios 1-202,text,true,,6719,420,250,250,https://www.blazedemo.com/purchase.php,647,0,0
1774386527967,278,1 - Acessar Home,200,OK,Teste de Carga - 250 usuarios 1-134,text,true,,4757,120,250,250,https://www.blazedemo.com/,265,0,0
1774386527794,453,2 - Escolher Voo,200,OK,Teste de Carga - 250 usuarios 1-108,text,true,,7381,250,250,250,https://www.blazedemo.com/reserve.php,436,0,0
1774386527967,284,2 - Escolher Voo,200,OK,Teste de Carga - 250 usuarios 1-174,text,true,,7381,250,250,250,https://www.blazedemo.com/reserve.php,264,0,0
1774386527986,265,1 - Acessar Home,200,OK,Teste de Carga - 250 usuarios 1-37,text,true,,4757,120,250,250,https://www.blazedemo.com/,254,0,0
1774386527659,608,2 - Escolher Voo,200,OK,Teste de Carga - 250 usuarios 1-26,text,true,,7381,250,250,250,https://www.blazedemo.com/reserve.php,586,0,0
1774386523869,4401,3 - Comprar Passagem,200,OK,Teste de Carga - 250 usuarios 1-102,text,true,,6719,420,250,250,https://www.blazedemo.com/purchase.php,4387,0,0
1774386524370,3904,1 - Acessar Home,200,OK,Teste de Carga - 250 usuarios 1-2,text,true,,4757,120,250,250,https://www.blazedemo.com/,3889,0,0
1774386527822,451,2 - Escolher Voo,200,OK,Teste de Carga - 250 usuarios 1-233,text,true,,7381,250,250,250,https://www.blazedemo.com/reserve.php,433,0,0
1774386527768,509,1 - Acessar Home,200,OK,Teste de Carga - 250 usuarios 1-42,text,true,,4757,120,250,250,https://www.blazedemo.com/,499,0,0
1774386527451,836,1 - Acessar Home,200,OK,Teste de Carga - 250 usuarios 1-210,text,true,,4757,120,250,250,https://www.blazedemo.com/,826,0,0
1774386528011,288,3 - Comprar Passagem,200,OK,Teste de Carga - 250 usuarios 1-141,text,true,,6719,420,250,250,https://www.blazedemo.com/purchase.php,276,0,0
1774386524976,3326,3 - Comprar Passagem,200,OK,Teste de Carga - 250 usuarios 1-218,text,true,,6719,420,250,250,https://www.blazedemo.com/purchase.php,3310,0,0
1774386528028,276,3 - Comprar Passagem,200,OK,Teste de Carga - 250 usuarios 1-170,text,true,,6719,420,250,250,https://www.blazedemo.com/purchase.php,264,0,0
1774386527801,505,3 - Comprar Passagem,200,OK,Teste de Carga - 250 usuarios 1-68,text,true,,6719,420,250,250,https://www.blazedemo.com/purchase.php,493,0,0
1774386528044,283,1 - Acessar Home,200,OK,Teste de Carga - 250 usuarios 1-5,text,true,,4757,120,250,250,https://www.blazedemo.com/,273,0,0
1774386525138,3190,2 - Escolher Voo,200,OK,Teste de Carga - 250 usuarios 1-181,text,true,,7381,250,250,250,https://www.blazedemo.com/reserve.php,3170,0,0
1774386527818,513,3 - Comprar Passagem,200,OK,Teste de Carga - 250 usuarios 1-76,text,true,,6719,420,250,250,https://www.blazedemo.com/purchase.php,499,0,0
1774386527838,496,1 - Acessar Home,200,OK,Teste de Carga - 250 usuarios 1-107,text,true,,4757,120,250,250,https://www.blazedemo.com/,487,0,0
1774386528042,295,3 - Comprar Passagem,200,OK,Teste de Carga - 250 usuarios 1-60,text,true,,6719,420,250,250,https://www.blazedemo.com/purchase.php,283,0,0
1774386527996,347,3 - Comprar Passagem,200,OK,Teste de Carga - 250 usuarios 1-41,text,true,,6719,420,250,250,https://www.blazedemo.com/purchase.php,335,0,0
1774386528018,326,1 - Acessar Home,200,OK,Teste de Carga - 250 usuarios 1-94,text,true,,4757,120,250,250,https://www.blazedemo.com/,316,0,0
1774386527682,671,2 - Escolher Voo,200,OK,Teste de Carga - 250 usuarios 1-186,text,true,,7381,250,250,250,https://www.blazedemo.com/reserve.php,652,0,0
1774386527835,523,3 - Comprar Passagem,200,OK,Teste de Carga - 250 usuarios 1-100,text,true,,6719,420,250,250,https://www.blazedemo.com/purchase.php,509,0,0
1774386528029,333,2 - Escolher Voo,200,OK,Teste de Carga - 250 usuarios 1-126,text,true,,7381,250,250,250,https://www.blazedemo.com/reserve.php,312,0,0
1774386527564,800,1 - Acessar Home,200,OK,Teste de Carga - 250 usuarios 1-177,text,true,,4757,120,250,250,https://www.blazedemo.com/,789,0,0
1774386527930,434,3 - Comprar Passagem,200,OK,Teste de Carga - 250 usuarios 1-98,text,true,,6719,420,250,250,https://www.blazedemo.com/purchase.php,423,0,0
1774386527887,485,2 - Escolher Voo,200,OK,Teste de Carga - 250 usuarios 1-82,text,true,,7381,250,250,250,https://www.blazedemo.com/reserve.php,471,0,0
1774386528079,302,3 - Comprar Passagem,200,OK,Teste de Carga - 250 usuarios 1-74,text,true,,6719,420,250,250,https://www.blazedemo.com/purchase.php,289,0,0
1774386526993,1388,1 - Acessar Home,200,OK,Teste de Carga - 250 usuarios 1-178,text,true,,4757,120,250,250,https://www.blazedemo.com/,1376,0,0
1774386523907,4479,1 - Acessar Home,200,OK,Teste de Carga - 250 usuarios 1-161,text,true,,4757,120,250,250,https://www.blazedemo.com/,4466,0,0
1774386525103,3298,2 - Escolher Voo,200,OK,Teste de Carga - 250 usuarios 1-139,text,true,,7381,250,250,250,https://www.blazedemo.com/reserve.php,3276,0,0
1774386527887,516,3 - Comprar Passagem,200,OK,Teste de Carga - 250 usuarios 1-173,text,true,,6719,420,250,250,https://www.blazedemo.com/purchase.php,504,0,0
1774386525339,3077,2 - Escolher Voo,200,OK,Teste de Carga - 250 usuarios 1-112,text,true,,7381,250,250,250,https://www.blazedemo.com/reserve.php,3058,0,0
1774386528051,366,1 - Acessar Home,200,OK,Teste de Carga - 250 usuarios 1-159,text,true,,4757,120,250,250,https://www.blazedemo.com/,357,0,0
1774386528008,411,1 - Acessar Home,200,OK,Teste de Carga - 250 usuarios 1-136,text,true,,4757,120,250,250,https://www.blazedemo.com/,400,0,0
1774386527775,644,2 - Escolher Voo,200,OK,Teste de Carga - 250 usuarios 1-224,text,true,,7381,250,250,250,https://www.blazedemo.com/reserve.php,625,0,0
1774386527823,603,1 - Acessar Home,200,OK,Teste de Carga - 250 usuarios 1-24,text,true,,4757,120,250,250,https://www.blazedemo.com/,591,0,0
1774386527868,559,1 - Acessar Home,200,OK,Teste de Carga - 250 usuarios 1-149,text,true,,4757,120,250,250,https://www.blazedemo.com/,547,0,0
1774386528113,330,2 - Escolher Voo,200,OK,Teste de Carga - 250 usuarios 1-129,text,true,,7381,250,250,250,https://www.blazedemo.com/reserve.php,310,0,0
1774386528188,256,2 - Escolher Voo,200,OK,Teste de Carga - 250 usuarios 1-123,text,true,,7381,250,250,250,https://www.blazedemo.com/reserve.php,235,0,0
1774386528176,269,3 - Comprar Passagem,200,OK,Teste de Carga - 250 usuarios 1-28,text,true,,6719,420,250,250,https://www.blazedemo.com/purchase.php,258,0,0
1774386527613,832,2 - Escolher Voo,200,OK,Teste de Carga - 250 usuarios 1-75,text,true,,7381,250,250,250,https://www.blazedemo.com/reserve.php,812,0,0
1774386527939,508,3 - Comprar Passagem,200,OK,Teste de Carga - 250 usuarios 1-154,text,true,,6719,420,250,250,https://www.blazedemo.com/purchase.php,495,0,0
1774386527885,565,3 - Comprar Passagem,200,OK,Teste de Carga - 250 usuarios 1-54,text,true,,6719,420,250,250,https://www.blazedemo.com/purchase.php,551,0,0
1774386528143,309,3 - Comprar Passagem,200,OK,Teste de Carga - 250 usuarios 1-135,text,true,,6719,420,250,250,https://www.blazedemo.com/purchase.php,293,0,0
1774386528091,364,2 - Escolher Voo,200,OK,Teste de Carga - 250 usuarios 1-229,text,true,,7381,250,250,250,https://www.blazedemo.com/reserve.php,344,0,0
1774386524513,3944,1 - Acessar Home,200,OK,Teste de Carga - 250 usuarios 1-151,text,true,,4757,120,250,250,https://www.blazedemo.com/,3932,0,0
1774386528121,336,2 - Escolher Voo,200,OK,Teste de Carga - 250 usuarios 1-111,text,true,,7381,250,250,250,https://www.blazedemo.com/reserve.php,317,0,0
1774386528051,406,3 - Comprar Passagem,200,OK,Teste de Carga - 250 usuarios 1-57,text,true,,6719,420,250,250,https://www.blazedemo.com/purchase.php,389,0,0
1774386528118,340,1 - Acessar Home,200,OK,Teste de Carga - 250 usuarios 1-171,text,true,,4757,120,250,250,https://www.blazedemo.com/,328,0,0
1774386528118,340,1 - Acessar Home,200,OK,Teste de Carga - 250 usuarios 1-83,text,true,,4757,120,250,250,https://www.blazedemo.com/,327,0,0
1774386527893,566,2 - Escolher Voo,200,OK,Teste de Carga - 250 usuarios 1-220,text,true,,7381,250,250,250,https://www.blazedemo.com/reserve.php,546,0,0
1774386527897,579,1 - Acessar Home,200,OK,Teste de Carga - 250 usuarios 1-200,text,true,,4757,120,250,250,https://www.blazedemo.com/,567,0,0
1774386525222,3269,2 - Escolher Voo,200,OK,Teste de Carga - 250 usuarios 1-248,text,true,,7381,250,250,250,https://www.blazedemo.com/reserve.php,3249,0,0
1774386527009,1494,2 - Escolher Voo,200,OK,Teste de Carga - 250 usuarios 1-160,text,true,,7381,250,250,250,https://www.blazedemo.com/reserve.php,1474,0,0
1774386527876,629,1 - Acessar Home,200,OK,Teste de Carga - 250 usuarios 1-48,text,true,,4757,120,250,250,https://www.blazedemo.com/,619,0,0
1774386528095,412,1 - Acessar Home,200,OK,Teste de Carga - 250 usuarios 1-214,text,true,,4757,120,250,250,https://www.blazedemo.com/,400,0,0
1774386527949,560,2 - Escolher Voo,200,OK,Teste de Carga - 250 usuarios 1-162,text,true,,7381,250,250,250,https://www.blazedemo.com/reserve.php,539,0,0
1774386528148,364,1 - Acessar Home,200,OK,Teste de Carga - 250 usuarios 1-125,text,true,,4757,120,250,250,https://www.blazedemo.com/,352,0,0
1774386527627,890,3 - Comprar Passagem,200,OK,Teste de Carga - 250 usuarios 1-198,text,true,,6719,420,250,250,https://www.blazedemo.com/purchase.php,875,0,0
1774386528143,380,3 - Comprar Passagem,200,OK,Teste de Carga - 250 usuarios 1-121,text,true,,6719,420,250,250,https://www.blazedemo.com/purchase.php,366,0,0
1774386525372,3154,2 - Escolher Voo,200,OK,Teste de Carga - 250 usuarios 1-176,text,true,,7381,250,250,250,https://www.blazedemo.com/reserve.php,3133,0,0
1774386527650,878,1 - Acessar Home,200,OK,Teste de Carga - 250 usuarios 1-203,text,true,,4757,120,250,250,https://www.blazedemo.com/,866,0,0
1774386528269,268,1 - Acessar Home,200,OK,Teste de Carga - 250 usuarios 1-102,text,true,,4757,120,250,250,https://www.blazedemo.com/,256,0,0
1774386528169,371,2 - Escolher Voo,200,OK,Teste de Carga - 250 usuarios 1-11,text,true,,7381,250,250,250,https://www.blazedemo.com/reserve.php,354,0,0
1774386528107,433,3 - Comprar Passagem,200,OK,Teste de Carga - 250 usuarios 1-194,text,true,,6719,420,250,250,https://www.blazedemo.com/purchase.php,421,0,0
1774386528202,340,1 - Acessar Home,200,OK,Teste de Carga - 250 usuarios 1-206,text,true,,4757,120,250,250,https://www.blazedemo.com/,328,0,0
1774386528044,503,2 - Escolher Voo,200,OK,Teste de Carga - 250 usuarios 1-21,text,true,,7381,250,250,250,https://www.blazedemo.com/reserve.php,482,0,0
1774386528076,474,2 - Escolher Voo,200,OK,Teste de Carga - 250 usuarios 1-64,text,true,,7381,250,250,250,https://www.blazedemo.com/reserve.php,457,0,0
1774386527923,627,3 - Comprar Passagem,200,OK,Teste de Carga - 250 usuarios 1-52,text,true,,6719,420,250,250,https://www.blazedemo.com/purchase.php,615,0,0
1774386528011,542,2 - Escolher Voo,200,OK,Teste de Carga - 250 usuarios 1-222,text,true,,7381,250,250,250,https://www.blazedemo.com/reserve.php,521,0,0
1774386528155,400,1 - Acessar Home,200,OK,Teste de Carga - 250 usuarios 1-175,text,true,,4757,120,250,250,https://www.blazedemo.com/,388,0,0
1774386525352,3226,2 - Escolher Voo,200,OK,Teste de Carga - 250 usuarios 1-25,text,true,,7381,250,250,250,https://www.blazedemo.com/reserve.php,3211,0,0
1774386528301,278,1 - Acessar Home,200,OK,Teste de Carga - 250 usuarios 1-218,text,true,,4757,120,250,250,https://www.blazedemo.com/,268,0,0
1774386527982,600,3 - Comprar Passagem,200,OK,Teste de Carga - 250 usuarios 1-167,text,true,,6719,420,250,250,https://www.blazedemo.com/purchase.php,588,0,0
1774386528034,584,3 - Comprar Passagem,200,OK,Teste de Carga - 250 usuarios 1-169,text,true,,6719,420,250,250,https://www.blazedemo.com/purchase.php,573,0,0
1774386528207,415,2 - Escolher Voo,200,OK,Teste de Carga - 250 usuarios 1-145,text,true,,7381,250,250,250,https://www.blazedemo.com/reserve.php,396,0,0
1774386528353,271,3 - Comprar Passagem,200,OK,Teste de Carga - 250 usuarios 1-186,text,true,,6719,420,250,250,https://www.blazedemo.com/purchase.php,260,0,0
1774386527989,638,2 - Escolher Voo,200,OK,Teste de Carga - 250 usuarios 1-18,text,true,,7381,250,250,250,https://www.blazedemo.com/reserve.php,618,0,0
1774386527692,937,3 - Comprar Passagem,200,OK,Teste de Carga - 250 usuarios 1-231,text,true,,6719,420,250,250,https://www.blazedemo.com/purchase.php,925,0,0
1774386528087,554,1 - Acessar Home,200,OK,Teste de Carga - 250 usuarios 1-103,text,true,,4757,120,250,250,https://www.blazedemo.com/,542,0,0
1774386528004,639,2 - Escolher Voo,200,OK,Teste de Carga - 250 usuarios 1-66,text,true,,7381,250,250,250,https://www.blazedemo.com/reserve.php,618,0,0
1774386525568,3075,3 - Comprar Passagem,200,OK,Teste de Carga - 250 usuarios 1-79,text,true,,6719,420,250,250,https://www.blazedemo.com/purchase.php,3058,0,0
1774386527097,1548,2 - Escolher Voo,200,OK,Teste de Carga - 250 usuarios 1-65,text,true,,7381,250,250,250,https://www.blazedemo.com/reserve.php,1528,0,0
1774386528385,262,2 - Escolher Voo,200,OK,Teste de Carga - 250 usuarios 1-161,text,true,,7381,250,250,250,https://www.blazedemo.com/reserve.php,242,0,0
1774386528059,589,2 - Escolher Voo,200,OK,Teste de Carga - 250 usuarios 1-195,text,true,,7381,250,250,250,https://www.blazedemo.com/reserve.php,566,0,0
1774386527992,671,1 - Acessar Home,200,OK,Teste de Carga - 250 usuarios 1-71,text,true,,4757,120,250,250,https://www.blazedemo.com/,659,0,0
1774386528251,416,3 - Comprar Passagem,200,OK,Teste de Carga - 250 usuarios 1-174,text,true,,6719,420,250,250,https://www.blazedemo.com/purchase.php,405,0,0
1774386525431,3240,3 - Comprar Passagem,200,OK,Teste de Carga - 250 usuarios 1-17,text,true,,6719,420,250,250,https://www.blazedemo.com/purchase.php,3228,0,0
1774386528168,502,3 - Comprar Passagem,200,OK,Teste de Carga - 250 usuarios 1-61,text,true,,6719,420,250,250,https://www.blazedemo.com/purchase.php,491,0,0
1774386524041,4638,1 - Acessar Home,200,OK,Teste de Carga - 250 usuarios 1-69,text,true,,4757,120,250,250,https://www.blazedemo.com/,4626,0,0
1774386528415,268,3 - Comprar Passagem,200,OK,Teste de Carga - 250 usuarios 1-112,text,true,,6719,420,250,250,https://www.blazedemo.com/purchase.php,255,0,0
1774386524615,4076,2 - Escolher Voo,200,OK,Teste de Carga - 250 usuarios 1-240,text,true,,7381,250,250,250,https://www.blazedemo.com/reserve.php,4058,0,0
1774386528362,328,3 - Comprar Passagem,200,OK,Teste de Carga - 250 usuarios 1-126,text,true,,6719,420,250,250,https://www.blazedemo.com/purchase.php,316,0,0
1774386524272,4426,1 - Acessar Home,200,OK,Teste de Carga - 250 usuarios 1-104,text,true,,4757,120,250,250,https://www.blazedemo.com/,4414,0,0
1774386528216,482,1 - Acessar Home,200,OK,Teste de Carga - 250 usuarios 1-201,text,true,,4757,120,250,250,https://www.blazedemo.com/,469,0,0
1774386527733,966,2 - Escolher Voo,200,OK,Teste de Carga - 250 usuarios 1-182,text,true,,7381,250,250,250,https://www.blazedemo.com/reserve.php,945,0,0
1774386528010,689,2 - Escolher Voo,200,OK,Teste de Carga - 250 usuarios 1-91,text,true,,7381,250,250,250,https://www.blazedemo.com/reserve.php,668,0,0
1774386528081,618,1 - Acessar Home,200,OK,Teste de Carga - 250 usuarios 1-146,text,true,,4757,120,250,250,https://www.blazedemo.com/,606,0,0
1774386528443,260,3 - Comprar Passagem,200,OK,Teste de Carga - 250 usuarios 1-129,text,true,,6719,420,250,250,https://www.blazedemo.com/purchase.php,247,0,0
1774386528273,433,3 - Comprar Passagem,200,OK,Teste de Carga - 250 usuarios 1-233,text,true,,6719,420,250,250,https://www.blazedemo.com/purchase.php,421,0,0
1774386528247,465,3 - Comprar Passagem,200,OK,Teste de Carga - 250 usuarios 1-108,text,true,,6719,420,250,250,https://www.blazedemo.com/purchase.php,453,0,0
1774386528458,258,2 - Escolher Voo,200,OK,Teste de Carga - 250 usuarios 1-171,text,true,,7381,250,250,250,https://www.blazedemo.com/reserve.php,238,0,0
1774386528381,339,1 - Acessar Home,200,OK,Teste de Carga - 250 usuarios 1-74,text,true,,4757,120,250,250,https://www.blazedemo.com/,327,0,0
1774386525596,3129,1 - Acessar Home,200,OK,Teste de Carga - 250 usuarios 1-10,text,true,,4757,120,250,250,https://www.blazedemo.com/,3117,0,0
1774386528457,268,1 - Acessar Home,200,OK,Teste de Carga - 250 usuarios 1-57,text,true,,4757,120,250,250,https://www.blazedemo.com/,257,0,0
1774386528452,278,1 - Acessar Home,200,OK,Teste de Carga - 250 usuarios 1-135,text,true,,4757,120,250,250,https://www.blazedemo.com/,265,0,0
1774386528417,317,2 - Escolher Voo,200,OK,Teste de Carga - 250 usuarios 1-159,text,true,,7381,250,250,250,https://www.blazedemo.com/reserve.php,296,0,0
1774386528113,621,1 - Acessar Home,200,OK,Teste de Carga - 250 usuarios 1-247,text,true,,4757,120,250,250,https://www.blazedemo.com/,612,0,0
1774386528198,537,1 - Acessar Home,200,OK,Teste de Carga - 250 usuarios 1-236,text,true,,4757,120,250,250,https://www.blazedemo.com/,527,0,0
1774386528450,302,1 - Acessar Home,200,OK,Teste de Carga - 250 usuarios 1-54,text,true,,4757,120,250,250,https://www.blazedemo.com/,290,0,0
1774386525464,3295,1 - Acessar Home,200,OK,Teste de Carga - 250 usuarios 1-99,text,true,,4757,120,250,250,https://www.blazedemo.com/,3283,0,0
1774386528042,723,3 - Comprar Passagem,200,OK,Teste de Carga - 250 usuarios 1-150,text,true,,6719,420,250,250,https://www.blazedemo.com/purchase.php,711,0,0
1774386528231,545,3 - Comprar Passagem,200,OK,Teste de Carga - 250 usuarios 1-156,text,true,,6719,420,250,250,https://www.blazedemo.com/purchase.php,528,0,0
1774386528381,398,2 - Escolher Voo,200,OK,Teste de Carga - 250 usuarios 1-178,text,true,,7381,250,250,250,https://www.blazedemo.com/reserve.php,377,0,0
1774386528523,269,1 - Acessar Home,200,OK,Teste de Carga - 250 usuarios 1-121,text,true,,4757,120,250,250,https://www.blazedemo.com/,257,0,0
1774386524608,4189,1 - Acessar Home,200,OK,Teste de Carga - 250 usuarios 1-67,text,true,,4757,120,250,250,https://www.blazedemo.com/,4177,0,0
1774386528152,646,3 - Comprar Passagem,200,OK,Teste de Carga - 250 usuarios 1-184,text,true,,6719,420,250,250,https://www.blazedemo.com/purchase.php,629,0,0
1774386524425,4377,1 - Acessar Home,200,OK,Teste de Carga - 250 usuarios 1-38,text,true,,4757,120,250,250,https://www.blazedemo.com/,4366,0,0
1774386528327,485,2 - Escolher Voo,200,OK,Teste de Carga - 250 usuarios 1-5,text,true,,7381,250,250,250,https://www.blazedemo.com/reserve.php,463,0,0
1774386528457,360,3 - Comprar Passagem,200,OK,Teste de Carga - 250 usuarios 1-111,text,true,,6719,420,250,250,https://www.blazedemo.com/purchase.php,347,0,0
1774386528344,473,2 - Escolher Voo,200,OK,Teste de Carga - 250 usuarios 1-94,text,true,,7381,250,250,250,https://www.blazedemo.com/reserve.php,452,0,0
1774386528277,541,2 - Escolher Voo,200,OK,Teste de Carga - 250 usuarios 1-42,text,true,,7381,250,250,250,https://www.blazedemo.com/reserve.php,521,0,0
1774386528334,491,2 - Escolher Voo,200,OK,Teste de Carga - 250 usuarios 1-107,text,true,,7381,250,250,250,https://www.blazedemo.com/reserve.php,470,0,0
1774386528458,367,2 - Escolher Voo,200,OK,Teste de Carga - 250 usuarios 1-83,text,true,,7381,250,250,250,https://www.blazedemo.com/reserve.php,350,0,0
1774386524479,4349,3 - Comprar Passagem,200,OK,Teste de Carga - 250 usuarios 1-84,text,true,,6719,420,250,250,https://www.blazedemo.com/purchase.php,4332,0,0
1774386528553,285,3 - Comprar Passagem,200,OK,Teste de Carga - 250 usuarios 1-222,text,true,,6719,420,250,250,https://www.blazedemo.com/purchase.php,274,0,0
1774386528403,437,1 - Acessar Home,200,OK,Teste de Carga - 250 usuarios 1-173,text,true,,4757,120,250,250,https://www.blazedemo.com/,425,0,0
1774386528048,794,2 - Escolher Voo,200,OK,Teste de Carga - 250 usuarios 1-207,text,true,,7381,250,250,250,https://www.blazedemo.com/reserve.php,774,0,0
1774386525663,3192,2 - Escolher Voo,200,OK,Teste de Carga - 250 usuarios 1-221,text,true,,7381,250,250,250,https://www.blazedemo.com/reserve.php,3170,0,0
1774386528577,279,3 - Comprar Passagem,200,OK,Teste de Carga - 250 usuarios 1-25,text,true,,6719,420,250,250,https://www.blazedemo.com/purchase.php,266,0,0
1774386528579,277,2 - Escolher Voo,200,OK,Teste de Carga - 250 usuarios 1-218,text,true,,7381,250,250,250,https://www.blazedemo.com/reserve.php,261,0,0
1774386525532,3325,2 - Escolher Voo,200,OK,Teste de Carga - 250 usuarios 1-212,text,true,,7381,250,250,250,https://www.blazedemo.com/reserve.php,3305,0,0
1774386528236,622,2 - Escolher Voo,200,OK,Teste de Carga - 250 usuarios 1-246,text,true,,7381,250,250,250,https://www.blazedemo.com/reserve.php,602,0,0
1774386528455,407,3 - Comprar Passagem,200,OK,Teste de Carga - 250 usuarios 1-229,text,true,,6719,420,250,250,https://www.blazedemo.com/purchase.php,391,0,0
1774386528245,620,2 - Escolher Voo,200,OK,Teste de Carga - 250 usuarios 1-134,text,true,,7381,250,250,250,https://www.blazedemo.com/reserve.php,600,0,0
1774386527463,1415,1 - Acessar Home,200,OK,Teste de Carga - 250 usuarios 1-63,text,true,,4757,120,250,250,https://www.blazedemo.com/,1402,0,0
1774386528419,459,2 - Escolher Voo,200,OK,Teste de Carga - 250 usuarios 1-136,text,true,,7381,250,250,250,https://www.blazedemo.com/reserve.php,439,0,0
1774386528509,375,3 - Comprar Passagem,200,OK,Teste de Carga - 250 usuarios 1-162,text,true,,6719,420,250,250,https://www.blazedemo.com/purchase.php,363,0,0
1774386527889,996,2 - Escolher Voo,200,OK,Teste de Carga - 250 usuarios 1-33,text,true,,7381,250,250,250,https://www.blazedemo.com/reserve.php,975,0,0
1774386528624,262,1 - Acessar Home,200,OK,Teste de Carga - 250 usuarios 1-186,text,true,,4757,120,250,250,https://www.blazedemo.com/,249,0,0
1774386528331,561,1 - Acessar Home,200,OK,Teste de Carga - 250 usuarios 1-76,text,true,,4757,120,250,250,https://www.blazedemo.com/,549,0,0
1774386528643,258,1 - Acessar Home,200,OK,Teste de Carga - 250 usuarios 1-79,text,true,,4757,120,250,250,https://www.blazedemo.com/,248,0,0
1774386528643,258,3 - Comprar Passagem,200,OK,Teste de Carga - 250 usuarios 1-66,text,true,,6719,420,250,250,https://www.blazedemo.com/purchase.php,248,0,0
1774386528037,877,2 - Escolher Voo,200,OK,Teste de Carga - 250 usuarios 1-244,text,true,,7381,250,250,250,https://www.blazedemo.com/reserve.php,857,0,0
1774386528507,417,2 - Escolher Voo,200,OK,Teste de Carga - 250 usuarios 1-214,text,true,,7381,250,250,250,https://www.blazedemo.com/reserve.php,396,0,0
1774386528343,583,1 - Acessar Home,200,OK,Teste de Carga - 250 usuarios 1-41,text,true,,4757,120,250,250,https://www.blazedemo.com/,570,0,0
1774386524468,4465,3 - Comprar Passagem,200,OK,Teste de Carga - 250 usuarios 1-152,text,true,,6719,420,250,250,https://www.blazedemo.com/purchase.php,4449,0,0
1774386528525,409,3 - Comprar Passagem,200,OK,Teste de Carga - 250 usuarios 1-176,text,true,,6719,420,250,250,https://www.blazedemo.com/purchase.php,396,0,0
1774386528034,904,2 - Escolher Voo,200,OK,Teste de Carga - 250 usuarios 1-208,text,true,,7381,250,250,250,https://www.blazedemo.com/reserve.php,884,0,0
1774386528699,244,3 - Comprar Passagem,200,OK,Teste de Carga - 250 usuarios 1-91,text,true,,6719,420,250,250,https://www.blazedemo.com/purchase.php,234,0,0
1774386524527,4423,1 - Acessar Home,200,OK,Teste de Carga - 250 usuarios 1-155,text,true,,4757,120,250,250,https://www.blazedemo.com/,4411,0,0
1774386525715,3234,3 - Comprar Passagem,200,OK,Teste de Carga - 250 usuarios 1-3,text,true,,6719,420,250,250,https://www.blazedemo.com/purchase.php,3224,0,0
1774386528251,698,2 - Escolher Voo,200,OK,Teste de Carga - 250 usuarios 1-37,text,true,,7381,250,250,250,https://www.blazedemo.com/reserve.php,678,0,0
1774386528683,273,1 - Acessar Home,200,OK,Teste de Carga - 250 usuarios 1-112,text,true,,4757,120,250,250,https://www.blazedemo.com/,262,0,0
1774386528678,287,2 - Escolher Voo,200,OK,Teste de Carga - 250 usuarios 1-69,text,true,,7381,250,250,250,https://www.blazedemo.com/reserve.php,267,0,0
1774386528444,522,3 - Comprar Passagem,200,OK,Teste de Carga - 250 usuarios 1-123,text,true,,6719,420,250,250,https://www.blazedemo.com/purchase.php,509,0,0
1774386528540,427,1 - Acessar Home,200,OK,Teste de Carga - 250 usuarios 1-194,text,true,,4757,120,250,250,https://www.blazedemo.com/,413,0,0
1774386528647,324,3 - Comprar Passagem,200,OK,Teste de Carga - 250 usuarios 1-161,text,true,,6719,420,250,250,https://www.blazedemo.com/purchase.php,313,0,0
1774386528084,895,2 - Escolher Voo,200,OK,Teste de Carga - 250 usuarios 1-105,text,true,,7381,250,250,250,https://www.blazedemo.com/reserve.php,876,0,0
1774386528125,857,1 - Acessar Home,200,OK,Teste de Carga - 250 usuarios 1-166,text,true,,4757,120,250,250,https://www.blazedemo.com/,844,0,0
1774386528706,280,1 - Acessar Home,200,OK,Teste de Carga - 250 usuarios 1-233,text,true,,4757,120,250,250,https://www.blazedemo.com/,269,0,0
1774386528712,279,1 - Acessar Home,200,OK,Teste de Carga - 250 usuarios 1-108,text,true,,4757,120,250,250,https://www.blazedemo.com/,267,0,0
1774386528505,488,2 - Escolher Voo,200,OK,Teste de Carga - 250 usuarios 1-48,text,true,,7381,250,250,250,https://www.blazedemo.com/reserve.php,466,0,0
1774386528698,297,2 - Escolher Voo,200,OK,Teste de Carga - 250 usuarios 1-201,text,true,,7381,250,250,250,https://www.blazedemo.com/reserve.php,276,0,0
1774386528358,638,1 - Acessar Home,200,OK,Teste de Carga - 250 usuarios 1-100,text,true,,4757,120,250,250,https://www.blazedemo.com/,627,0,0
1774386528690,314,3 - Comprar Passagem,200,OK,Teste de Carga - 250 usuarios 1-240,text,true,,6719,420,250,250,https://www.blazedemo.com/purchase.php,301,0,0
1774386524673,4337,1 - Acessar Home,200,OK,Teste de Carga - 250 usuarios 1-144,text,true,,4761,120,250,250,https://www.blazedemo.com/,4325,0,0
1774386528111,905,1 - Acessar Home,200,OK,Teste de Carga - 250 usuarios 1-140,text,true,,4757,120,250,250,https://www.blazedemo.com/,893,0,0
1774386528735,284,2 - Escolher Voo,200,OK,Teste de Carga - 250 usuarios 1-236,text,true,,7381,250,250,250,https://www.blazedemo.com/reserve.php,263,0,0
1774386528618,407,1 - Acessar Home,200,OK,Teste de Carga - 250 usuarios 1-169,text,true,,4757,120,250,250,https://www.blazedemo.com/,395,0,0
1774386527530,1500,2 - Escolher Voo,200,OK,Teste de Carga - 250 usuarios 1-193,text,true,,7381,250,250,250,https://www.blazedemo.com/reserve.php,1479,0,0
1774386528287,757,2 - Escolher Voo,200,OK,Teste de Carga - 250 usuarios 1-210,text,true,,7381,250,250,250,https://www.blazedemo.com/reserve.php,737,0,0
1774386528779,268,3 - Comprar Passagem,200,OK,Teste de Carga - 250 usuarios 1-178,text,true,,6719,420,250,250,https://www.blazedemo.com/purchase.php,255,0,0
1774386528776,272,1 - Acessar Home,200,OK,Teste de Carga - 250 usuarios 1-156,text,true,,4757,120,250,250,https://www.blazedemo.com/,260,0,0
1774386525740,3309,2 - Escolher Voo,200,OK,Teste de Carga - 250 usuarios 1-196,text,true,,7381,250,250,250,https://www.blazedemo.com/reserve.php,3289,0,0
1774386525829,3225,2 - Escolher Voo,200,OK,Teste de Carga - 250 usuarios 1-239,text,true,,7381,250,250,250,https://www.blazedemo.com/reserve.php,3205,0,0
1774386528457,601,2 - Escolher Voo,200,OK,Teste de Carga - 250 usuarios 1-151,text,true,,7381,250,250,250,https://www.blazedemo.com/reserve.php,581,0,0
1774386528148,913,2 - Escolher Voo,200,OK,Teste de Carga - 250 usuarios 1-87,text,true,,7381,250,250,250,https://www.blazedemo.com/reserve.php,895,0,0
1774386528648,422,3 - Comprar Passagem,200,OK,Teste de Carga - 250 usuarios 1-195,text,true,,6719,420,250,250,https://www.blazedemo.com/purchase.php,409,0,0
1774386528230,840,3 - Comprar Passagem,200,OK,Teste de Carga - 250 usuarios 1-81,text,true,,6719,420,250,250,https://www.blazedemo.com/purchase.php,828,0,0
1774386528798,272,1 - Acessar Home,200,OK,Teste de Carga - 250 usuarios 1-184,text,true,,4757,120,250,250,https://www.blazedemo.com/,250,0,0
1774386528796,280,2 - Escolher Voo,200,OK,Teste de Carga - 250 usuarios 1-67,text,true,,7381,250,250,250,https://www.blazedemo.com/reserve.php,260,0,0
1774386528725,361,2 - Escolher Voo,200,OK,Teste de Carga - 250 usuarios 1-10,text,true,,7381,250,250,250,https://www.blazedemo.com/reserve.php,336,0,0
1774386528765,321,1 - Acessar Home,200,OK,Teste de Carga - 250 usuarios 1-150,text,true,,4757,120,250,250,https://www.blazedemo.com/,309,0,0
1774386528221,873,1 - Acessar Home,200,OK,Teste de Carga - 250 usuarios 1-138,text,true,,4757,120,250,250,https://www.blazedemo.com/,859,0,0
1774386528503,594,3 - Comprar Passagem,200,OK,Teste de Carga - 250 usuarios 1-160,text,true,,6719,420,250,250,https://www.blazedemo.com/purchase.php,583,0,0
1774386528641,458,2 - Escolher Voo,200,OK,Teste de Carga - 250 usuarios 1-103,text,true,,7381,250,250,250,https://www.blazedemo.com/reserve.php,437,0,0
1774386528582,517,1 - Acessar Home,200,OK,Teste de Carga - 250 usuarios 1-167,text,true,,4757,120,250,250,https://www.blazedemo.com/,504,0,0
1774386528752,348,2 - Escolher Voo,200,OK,Teste de Carga - 250 usuarios 1-54,text,true,,7381,250,250,250,https://www.blazedemo.com/reserve.php,326,0,0
1774386524569,4545,2 - Escolher Voo,200,OK,Teste de Carga - 250 usuarios 1-235,text,true,,7381,250,250,250,https://www.blazedemo.com/reserve.php,4526,0,0
1774386524661,4456,2 - Escolher Voo,200,OK,Teste de Carga - 250 usuarios 1-101,text,true,,7381,250,250,250,https://www.blazedemo.com/reserve.php,4437,0,0
1774386528540,580,3 - Comprar Passagem,200,OK,Teste de Carga - 250 usuarios 1-11,text,true,,6719,420,250,250,https://www.blazedemo.com/purchase.php,569,0,0
1774386528878,246,3 - Comprar Passagem,200,OK,Teste de Carga - 250 usuarios 1-136,text,true,,6719,420,250,250,https://www.blazedemo.com/purchase.php,234,0,0
1774386528202,923,1 - Acessar Home,200,OK,Teste de Carga - 250 usuarios 1-185,text,true,,4757,120,250,250,https://www.blazedemo.com/,909,0,0
1774386528825,303,3 - Comprar Passagem,200,OK,Teste de Carga - 250 usuarios 1-83,text,true,,6719,420,250,250,https://www.blazedemo.com/purchase.php,291,0,0
1774386528792,336,2 - Escolher Voo,200,OK,Teste de Carga - 250 usuarios 1-121,text,true,,7381,250,250,250,https://www.blazedemo.com/reserve.php,315,0,0
1774386528817,317,3 - Comprar Passagem,200,OK,Teste de Carga - 250 usuarios 1-94,text,true,,6719,420,250,250,https://www.blazedemo.com/purchase.php,303,0,0
1774386528306,829,1 - Acessar Home,200,OK,Teste de Carga - 250 usuarios 1-68,text,true,,4757,120,250,250,https://www.blazedemo.com/,820,0,0
1774386528838,301,1 - Acessar Home,200,OK,Teste de Carga - 250 usuarios 1-222,text,true,,4757,120,250,250,https://www.blazedemo.com/,289,0,0
1774386528862,284,1 - Acessar Home,200,OK,Teste de Carga - 250 usuarios 1-229,text,true,,4757,120,250,250,https://www.blazedemo.com/,270,0,0
1774386528476,674,2 - Escolher Voo,200,OK,Teste de Carga - 250 usuarios 1-200,text,true,,7381,250,250,250,https://www.blazedemo.com/reserve.php,654,0,0
1774386528886,282,2 - Escolher Voo,200,OK,Teste de Carga - 250 usuarios 1-186,text,true,,7381,250,250,250,https://www.blazedemo.com/reserve.php,261,0,0
1774386528699,469,2 - Escolher Voo,200,OK,Teste de Carga - 250 usuarios 1-146,text,true,,7381,250,250,250,https://www.blazedemo.com/reserve.php,449,0,0
1774386528884,290,1 - Acessar Home,200,OK,Teste de Carga - 250 usuarios 1-162,text,true,,4757,120,250,250,https://www.blazedemo.com/,277,0,0
1774386528304,878,1 - Acessar Home,200,OK,Teste de Carga - 250 usuarios 1-170,text,true,,4757,120,250,250,https://www.blazedemo.com/,866,0,0
1774386528901,281,2 - Escolher Voo,200,OK,Teste de Carga - 250 usuarios 1-79,text,true,,7381,250,250,250,https://www.blazedemo.com/reserve.php,262,0,0
1774386528627,576,3 - Comprar Passagem,200,OK,Teste de Carga - 250 usuarios 1-18,text,true,,6719,420,250,250,https://www.blazedemo.com/purchase.php,559,0,0
1774386528547,658,3 - Comprar Passagem,200,OK,Teste de Carga - 250 usuarios 1-21,text,true,,6719,420,250,250,https://www.blazedemo.com/purchase.php,647,0,0
1774386528893,312,2 - Escolher Voo,200,OK,Teste de Carga - 250 usuarios 1-76,text,true,,7381,250,250,250,https://www.blazedemo.com/reserve.php,291,0,0
1774386528827,379,1 - Acessar Home,200,OK,Teste de Carga - 250 usuarios 1-84,text,true,,4757,120,250,250,https://www.blazedemo.com/,367,0,0
1774386528207,1004,2 - Escolher Voo,200,OK,Teste de Carga - 250 usuarios 1-137,text,true,,7381,250,250,250,https://www.blazedemo.com/reserve.php,984,0,0
1774386528697,520,2 - Escolher Voo,200,OK,Teste de Carga - 250 usuarios 1-104,text,true,,7381,250,250,250,https://www.blazedemo.com/reserve.php,499,0,0
1774386528725,507,2 - Escolher Voo,200,OK,Teste de Carga - 250 usuarios 1-57,text,true,,7381,250,250,250,https://www.blazedemo.com/reserve.php,486,0,0
1774386528949,286,2 - Escolher Voo,200,OK,Teste de Carga - 250 usuarios 1-155,text,true,,7381,250,250,250,https://www.blazedemo.com/reserve.php,265,0,0
1774386528949,286,3 - Comprar Passagem,200,OK,Teste de Carga - 250 usuarios 1-37,text,true,,6719,420,250,250,https://www.blazedemo.com/purchase.php,274,0,0
1774386525834,3402,1 - Acessar Home,200,OK,Teste de Carga - 250 usuarios 1-249,text,true,,4757,120,250,250,https://www.blazedemo.com/,3391,0,0
1774386528537,710,2 - Escolher Voo,200,OK,Teste de Carga - 250 usuarios 1-102,text,true,,7381,250,250,250,https://www.blazedemo.com/reserve.php,691,0,0
1774386528949,300,1 - Acessar Home,200,OK,Teste de Carga - 250 usuarios 1-3,text,true,,4757,120,250,250,https://www.blazedemo.com/,287,0,0
1774386526025,3234,2 - Escolher Voo,200,OK,Teste de Carga - 250 usuarios 1-158,text,true,,7381,250,250,250,https://www.blazedemo.com/reserve.php,3217,0,0
1774386528419,840,3 - Comprar Passagem,200,OK,Teste de Carga - 250 usuarios 1-224,text,true,,6719,420,250,250,https://www.blazedemo.com/purchase.php,823,0,0
1774386529019,250,3 - Comprar Passagem,200,OK,Teste de Carga - 250 usuarios 1-236,text,true,,6719,420,250,250,https://www.blazedemo.com/purchase.php,240,0,0
1774386529004,265,1 - Acessar Home,200,OK,Teste de Carga - 250 usuarios 1-240,text,true,,4757,120,250,250,https://www.blazedemo.com/,255,0,0
1774386527624,1648,2 - Escolher Voo,200,OK,Teste de Carga - 250 usuarios 1-27,text,true,,7381,250,250,250,https://www.blazedemo.com/reserve.php,1628,0,0
1774386524743,4539,3 - Comprar Passagem,200,OK,Teste de Carga - 250 usuarios 1-32,text,true,,6719,420,250,250,https://www.blazedemo.com/purchase.php,4527,0,0
1774386526051,3234,2 - Escolher Voo,200,OK,Teste de Carga - 250 usuarios 1-58,text,true,,7381,250,250,250,https://www.blazedemo.com/reserve.php,3214,0,0
1774386528885,400,3 - Comprar Passagem,200,OK,Teste de Carga - 250 usuarios 1-33,text,true,,6719,420,250,250,https://www.blazedemo.com/purchase.php,387,0,0
1774386528236,1055,1 - Acessar Home,200,OK,Teste de Carga - 250 usuarios 1-187,text,true,,4757,120,250,250,https://www.blazedemo.com/,1042,0,0
1774386529044,249,3 - Comprar Passagem,200,OK,Teste de Carga - 250 usuarios 1-210,text,true,,6719,420,250,250,https://www.blazedemo.com/purchase.php,238,0,0
1774386524846,4453,2 - Escolher Voo,200,OK,Teste de Carga - 250 usuarios 1-188,text,true,,7381,250,250,250,https://www.blazedemo.com/reserve.php,4437,0,0
1774386529047,253,1 - Acessar Home,200,OK,Teste de Carga - 250 usuarios 1-178,text,true,,4757,120,250,250,https://www.blazedemo.com/,240,0,0
1774386528337,963,1 - Acessar Home,200,OK,Teste de Carga - 250 usuarios 1-60,text,true,,4757,120,250,250,https://www.blazedemo.com/,951,0,0
1774386529009,291,2 - Escolher Voo,200,OK,Teste de Carga - 250 usuarios 1-144,text,true,,7381,250,250,250,https://www.blazedemo.com/reserve.php,270,0,0
1774386528965,339,3 - Comprar Passagem,200,OK,Teste de Carga - 250 usuarios 1-69,text,true,,6719,420,250,250,https://www.blazedemo.com/purchase.php,329,0,0
1774386528986,322,2 - Escolher Voo,200,OK,Teste de Carga - 250 usuarios 1-233,text,true,,7381,250,250,250,https://www.blazedemo.com/reserve.php,302,0,0
1774386529054,254,3 - Comprar Passagem,200,OK,Teste de Carga - 250 usuarios 1-239,text,true,,6719,420,250,250,https://www.blazedemo.com/purchase.php,243,0,0
1774386528622,699,3 - Comprar Passagem,200,OK,Teste de Carga - 250 usuarios 1-145,text,true,,6719,420,250,250,https://www.blazedemo.com/purchase.php,682,0,0
1774386529061,266,3 - Comprar Passagem,200,OK,Teste de Carga - 250 usuarios 1-87,text,true,,6719,420,250,250,https://www.blazedemo.com/purchase.php,254,0,0
1774386529030,299,3 - Comprar Passagem,200,OK,Teste de Carga - 250 usuarios 1-193,text,true,,6719,420,250,250,https://www.blazedemo.com/purchase.php,284,0,0
1774386528629,700,1 - Acessar Home,200,OK,Teste de Carga - 250 usuarios 1-231,text,true,,4757,120,250,250,https://www.blazedemo.com/,688,0,0
1774386528858,473,3 - Comprar Passagem,200,OK,Teste de Carga - 250 usuarios 1-246,text,true,,6719,420,250,250,https://www.blazedemo.com/purchase.php,460,0,0
1774386528856,478,1 - Acessar Home,200,OK,Teste de Carga - 250 usuarios 1-25,text,true,,4757,120,250,250,https://www.blazedemo.com/,467,0,0
1774386525842,3501,1 - Acessar Home,200,OK,Teste de Carga - 250 usuarios 1-190,text,true,,4757,120,250,250,https://www.blazedemo.com/,3489,0,0
1774386529070,273,2 - Escolher Voo,200,OK,Teste de Carga - 250 usuarios 1-184,text,true,,7381,250,250,250,https://www.blazedemo.com/reserve.php,254,0,0
1774386525654,3695,2 - Escolher Voo,200,OK,Teste de Carga - 250 usuarios 1-122,text,true,,7381,250,250,250,https://www.blazedemo.com/reserve.php,3675,0,0
1774386527850,1503,1 - Acessar Home,200,OK,Teste de Carga - 250 usuarios 1-120,text,true,,4757,120,250,250,https://www.blazedemo.com/,1492,0,0
1774386528447,913,1 - Acessar Home,200,OK,Teste de Carga - 250 usuarios 1-154,text,true,,4757,120,250,250,https://www.blazedemo.com/,902,0,0
1774386528237,1135,2 - Escolher Voo,200,OK,Teste de Carga - 250 usuarios 1-22,text,true,,7381,250,250,250,https://www.blazedemo.com/reserve.php,1115,0,0
1774386529099,276,3 - Comprar Passagem,200,OK,Teste de Carga - 250 usuarios 1-103,text,true,,6719,420,250,250,https://www.blazedemo.com/purchase.php,265,0,0
1774386529094,283,2 - Escolher Voo,200,OK,Teste de Carga - 250 usuarios 1-138,text,true,,7381,250,250,250,https://www.blazedemo.com/reserve.php,266,0,0
1774386528971,418,1 - Acessar Home,200,OK,Teste de Carga - 250 usuarios 1-161,text,true,,4757,120,250,250,https://www.blazedemo.com/,405,0,0
1774386528542,849,2 - Escolher Voo,200,OK,Teste de Carga - 250 usuarios 1-206,text,true,,7381,250,250,250,https://www.blazedemo.com/reserve.php,830,0,0
1774386528426,969,2 - Escolher Voo,200,OK,Teste de Carga - 250 usuarios 1-24,text,true,,7381,250,250,250,https://www.blazedemo.com/reserve.php,947,0,0
1774386526128,3267,2 - Escolher Voo,200,OK,Teste de Carga - 250 usuarios 1-197,text,true,,7381,250,250,250,https://www.blazedemo.com/reserve.php,3246,0,0
1774386528734,664,3 - Comprar Passagem,200,OK,Teste de Carga - 250 usuarios 1-159,text,true,,6719,420,250,250,https://www.blazedemo.com/purchase.php,652,0,0
1774386529125,278,2 - Escolher Voo,200,OK,Teste de Carga - 250 usuarios 1-185,text,true,,7381,250,250,250,https://www.blazedemo.com/reserve.php,258,0,0
1774386528445,961,1 - Acessar Home,200,OK,Teste de Carga - 250 usuarios 1-28,text,true,,4757,120,250,250,https://www.blazedemo.com/,950,0,0
1774386528901,508,1 - Acessar Home,200,OK,Teste de Carga - 250 usuarios 1-66,text,true,,4757,120,250,250,https://www.blazedemo.com/,496,0,0
1774386529120,290,1 - Acessar Home,200,OK,Teste de Carga - 250 usuarios 1-11,text,true,,4757,120,250,250,https://www.blazedemo.com/,278,0,0
1774386529050,368,3 - Comprar Passagem,200,OK,Teste de Carga - 250 usuarios 1-196,text,true,,6719,420,250,250,https://www.blazedemo.com/purchase.php,356,0,0
1774386529146,277,2 - Escolher Voo,200,OK,Teste de Carga - 250 usuarios 1-229,text,true,,7381,250,250,250,https://www.blazedemo.com/reserve.php,258,0,0
1774386528817,609,1 - Acessar Home,200,OK,Teste de Carga - 250 usuarios 1-111,text,true,,4757,120,250,250,https://www.blazedemo.com/,597,0,0
1774386529113,314,3 - Comprar Passagem,200,OK,Teste de Carga - 250 usuarios 1-235,text,true,,6719,420,250,250,https://www.blazedemo.com/purchase.php,302,0,0
1774386529168,260,3 - Comprar Passagem,200,OK,Teste de Carga - 250 usuarios 1-146,text,true,,6719,420,250,250,https://www.blazedemo.com/purchase.php,248,0,0
1774386524999,4433,2 - Escolher Voo,200,OK,Teste de Carga - 250 usuarios 1-250,text,true,,7381,250,250,250,https://www.blazedemo.com/reserve.php,4412,0,0
1774386528734,703,2 - Escolher Voo,200,OK,Teste de Carga - 250 usuarios 1-247,text,true,,7381,250,250,250,https://www.blazedemo.com/reserve.php,683,0,0
1774386528966,473,1 - Acessar Home,200,OK,Teste de Carga - 250 usuarios 1-123,text,true,,4757,120,250,250,https://www.blazedemo.com/,462,0,0
1774386525873,3574,3 - Comprar Passagem,200,OK,Teste de Carga - 250 usuarios 1-34,text,true,,6719,420,250,250,https://www.blazedemo.com/purchase.php,3562,0,0
1774386529174,275,2 - Escolher Voo,200,OK,Teste de Carga - 250 usuarios 1-162,text,true,,7381,250,250,250,https://www.blazedemo.com/reserve.php,254,0,0
1774386525742,3709,1 - Acessar Home,200,OK,Teste de Carga - 250 usuarios 1-209,text,true,,4757,120,250,250,https://www.blazedemo.com/,3697,0,0
1774386526166,3299,1 - Acessar Home,200,OK,Teste de Carga - 250 usuarios 1-115,text,true,,4757,120,250,250,https://www.blazedemo.com/,3289,0,0
1774386529203,264,1 - Acessar Home,200,OK,Teste de Carga - 250 usuarios 1-18,text,true,,4757,120,250,250,https://www.blazedemo.com/,252,0,0
1774386529205,262,3 - Comprar Passagem,200,OK,Teste de Carga - 250 usuarios 1-76,text,true,,6719,420,250,250,https://www.blazedemo.com/purchase.php,250,0,0
1774386529150,325,3 - Comprar Passagem,200,OK,Teste de Carga - 250 usuarios 1-200,text,true,,6719,420,250,250,https://www.blazedemo.com/purchase.php,315,0,0
1774386524902,4580,3 - Comprar Passagem,200,OK,Teste de Carga - 250 usuarios 1-86,text,true,,6719,420,250,250,https://www.blazedemo.com/purchase.php,4568,0,0
1774386528445,1041,3 - Comprar Passagem,200,OK,Teste de Carga - 250 usuarios 1-75,text,true,,6719,420,250,250,https://www.blazedemo.com/purchase.php,1029,0,0
1774386528173,1317,1 - Acessar Home,200,OK,Teste de Carga - 250 usuarios 1-72,text,true,,4757,120,250,250,https://www.blazedemo.com/,1305,0,0
1774386528943,550,1 - Acessar Home,200,OK,Teste de Carga - 250 usuarios 1-91,text,true,,4757,120,250,250,https://www.blazedemo.com/,541,0,0
1774386527929,1568,1 - Acessar Home,200,OK,Teste de Carga - 250 usuarios 1-204,text,true,,4757,120,250,250,https://www.blazedemo.com/,1557,0,0
1774386528934,565,1 - Acessar Home,200,OK,Teste de Carga - 250 usuarios 1-176,text,true,,4757,120,250,250,https://www.blazedemo.com/,553,0,0
1774386525003,4497,1 - Acessar Home,200,OK,Teste de Carga - 250 usuarios 1-62,text,true,,4757,120,250,250,https://www.blazedemo.com/,4486,0,0
1774386529235,272,3 - Comprar Passagem,200,OK,Teste de Carga - 250 usuarios 1-155,text,true,,6719,420,250,250,https://www.blazedemo.com/purchase.php,260,0,0
1774386528819,688,3 - Comprar Passagem,200,OK,Teste de Carga - 250 usuarios 1-42,text,true,,6719,420,250,250,https://www.blazedemo.com/purchase.php,672,0,0
1774386529168,345,3 - Comprar Passagem,200,OK,Teste de Carga - 250 usuarios 1-186,text,true,,6719,420,250,250,https://www.blazedemo.com/purchase.php,333,0,0
1774386528993,530,3 - Comprar Passagem,200,OK,Teste de Carga - 250 usuarios 1-48,text,true,,6719,420,250,250,https://www.blazedemo.com/purchase.php,519,0,0
1774386528267,1259,3 - Comprar Passagem,200,OK,Teste de Carga - 250 usuarios 1-26,text,true,,6719,420,250,250,https://www.blazedemo.com/purchase.php,1247,0,0
1774386529259,269,1 - Acessar Home,200,OK,Teste de Carga - 250 usuarios 1-224,text,true,,4757,120,250,250,https://www.blazedemo.com/,258,0,0
1774386529272,259,3 - Comprar Passagem,200,OK,Teste de Carga - 250 usuarios 1-27,text,true,,6719,420,250,250,https://www.blazedemo.com/purchase.php,245,0,0
1774386528550,981,1 - Acessar Home,200,OK,Teste de Carga - 250 usuarios 1-52,text,true,,4757,120,250,250,https://www.blazedemo.com/,970,0,0
1774386529211,322,3 - Comprar Passagem,200,OK,Teste de Carga - 250 usuarios 1-137,text,true,,6719,420,250,250,https://www.blazedemo.com/purchase.php,310,0,0
1774386528690,845,1 - Acessar Home,200,OK,Teste de Carga - 250 usuarios 1-126,text,true,,4757,120,250,250,https://www.blazedemo.com/,833,0,0
1774386529269,273,1 - Acessar Home,200,OK,Teste de Carga - 250 usuarios 1-236,text,true,,4757,120,250,250,https://www.blazedemo.com/,260,0,0
1774386529259,291,3 - Comprar Passagem,200,OK,Teste de Carga - 250 usuarios 1-158,text,true,,6719,420,250,250,https://www.blazedemo.com/purchase.php,278,0,0
1774386529298,253,3 - Comprar Passagem,200,OK,Teste de Carga - 250 usuarios 1-188,text,true,,6719,420,250,250,https://www.blazedemo.com/purchase.php,242,0,0
1774386529206,349,2 - Escolher Voo,200,OK,Teste de Carga - 250 usuarios 1-84,text,true,,7381,250,250,250,https://www.blazedemo.com/reserve.php,331,0,0
1774386529304,252,1 - Acessar Home,200,OK,Teste de Carga - 250 usuarios 1-69,text,true,,4757,120,250,250,https://www.blazedemo.com/,240,0,0
1774386526209,3359,1 - Acessar Home,200,OK,Teste de Carga - 250 usuarios 1-97,text,true,,4757,120,250,250,https://www.blazedemo.com/,3346,0,0
1774386528865,712,3 - Comprar Passagem,200,OK,Teste de Carga - 250 usuarios 1-134,text,true,,6719,420,250,250,https://www.blazedemo.com/purchase.php,700,0,0
1774386529301,279,2 - Escolher Voo,200,OK,Teste de Carga - 250 usuarios 1-178,text,true,,7381,250,250,250,https://www.blazedemo.com/reserve.php,258,0,0
1774386528979,604,3 - Comprar Passagem,200,OK,Teste de Carga - 250 usuarios 1-105,text,true,,6719,420,250,250,https://www.blazedemo.com/purchase.php,591,0,0
1774386525977,3607,1 - Acessar Home,200,OK,Teste de Carga - 250 usuarios 1-189,text,true,,4757,120,250,250,https://www.blazedemo.com/,3596,0,0
1774386529308,280,1 - Acessar Home,200,OK,Teste de Carga - 250 usuarios 1-239,text,true,,4757,120,250,250,https://www.blazedemo.com/,268,0,0
1774386526058,3538,3 - Comprar Passagem,200,OK,Teste de Carga - 250 usuarios 1-6,text,true,,6719,420,250,250,https://www.blazedemo.com/purchase.php,3527,0,0
1774386525177,4424,2 - Escolher Voo,200,OK,Teste de Carga - 250 usuarios 1-228,text,true,,7381,250,250,250,https://www.blazedemo.com/reserve.php,4407,0,0
1774386525980,3621,2 - Escolher Voo,200,OK,Teste de Carga - 250 usuarios 1-80,text,true,,7381,250,250,250,https://www.blazedemo.com/reserve.php,3602,0,0
1774386528328,1274,3 - Comprar Passagem,200,OK,Teste de Carga - 250 usuarios 1-181,text,true,,6719,420,250,250,https://www.blazedemo.com/purchase.php,1262,0,0
1774386529331,277,1 - Acessar Home,200,OK,Teste de Carga - 250 usuarios 1-246,text,true,,4757,120,250,250,https://www.blazedemo.com/,266,0,0
1774386529343,265,2 - Escolher Voo,200,OK,Teste de Carga - 250 usuarios 1-190,text,true,,7381,250,250,250,https://www.blazedemo.com/reserve.php,245,0,0
1774386529070,551,1 - Acessar Home,200,OK,Teste de Carga - 250 usuarios 1-81,text,true,,4757,120,250,250,https://www.blazedemo.com/,539,0,0
1774386529329,296,1 - Acessar Home,200,OK,Teste de Carga - 250 usuarios 1-193,text,true,,4757,120,250,250,https://www.blazedemo.com/,284,0,0
1774386526100,3535,2 - Escolher Voo,200,OK,Teste de Carga - 250 usuarios 1-205,text,true,,7381,250,250,250,https://www.blazedemo.com/reserve.php,3515,0,0
1774386529301,343,3 - Comprar Passagem,200,OK,Teste de Carga - 250 usuarios 1-144,text,true,,6719,420,250,250,https://www.blazedemo.com/purchase.php,331,0,0
1774386528241,1407,1 - Acessar Home,200,OK,Teste de Carga - 250 usuarios 1-202,text,true,,4757,120,250,250,https://www.blazedemo.com/,1395,0,0
1774386528200,1448,1 - Acessar Home,200,OK,Teste de Carga - 250 usuarios 1-127,text,true,,4757,120,250,250,https://www.blazedemo.com/,1436,0,0
1774386529301,348,2 - Escolher Voo,200,OK,Teste de Carga - 250 usuarios 1-60,text,true,,7381,250,250,250,https://www.blazedemo.com/reserve.php,328,0,0
1774386529285,374,1 - Acessar Home,200,OK,Teste de Carga - 250 usuarios 1-33,text,true,,4757,120,250,250,https://www.blazedemo.com/,362,0,0
1774386528924,735,3 - Comprar Passagem,200,OK,Teste de Carga - 250 usuarios 1-214,text,true,,6719,420,250,250,https://www.blazedemo.com/purchase.php,719,0,0
1774386528855,804,3 - Comprar Passagem,200,OK,Teste de Carga - 250 usuarios 1-221,text,true,,6719,420,250,250,https://www.blazedemo.com/purchase.php,788,0,0
1774386525278,4384,3 - Comprar Passagem,200,OK,Teste de Carga - 250 usuarios 1-242,text,true,,6719,420,250,250,https://www.blazedemo.com/purchase.php,4372,0,0
1774386529410,253,2 - Escolher Voo,200,OK,Teste de Carga - 250 usuarios 1-11,text,true,,7381,250,250,250,https://www.blazedemo.com/reserve.php,233,0,0
1774386529403,261,3 - Comprar Passagem,200,OK,Teste de Carga - 250 usuarios 1-185,text,true,,6719,420,250,250,https://www.blazedemo.com/purchase.php,249,0,0
1774386529353,311,2 - Escolher Voo,200,OK,Teste de Carga - 250 usuarios 1-120,text,true,,7381,250,250,250,https://www.blazedemo.com/reserve.php,291,0,0
1774386528933,735,1 - Acessar Home,200,OK,Teste de Carga - 250 usuarios 1-152,text,true,,4757,120,250,250,https://www.blazedemo.com/,723,0,0
1774386529308,362,3 - Comprar Passagem,200,OK,Teste de Carga - 250 usuarios 1-233,text,true,,6719,420,250,250,https://www.blazedemo.com/purchase.php,353,0,0
1774386529418,254,1 - Acessar Home,200,OK,Teste de Carga - 250 usuarios 1-196,text,true,,4757,120,250,250,https://www.blazedemo.com/,245,0,0
1774386526518,3165,3 - Comprar Passagem,200,OK,Teste de Carga - 250 usuarios 1-118,text,true,,6719,420,250,250,https://www.blazedemo.com/purchase.php,3149,0,0
1774386528364,1320,2 - Escolher Voo,200,OK,Teste de Carga - 250 usuarios 1-177,text,true,,7381,250,250,250,https://www.blazedemo.com/reserve.php,1299,0,0
1774386529016,670,2 - Escolher Voo,200,OK,Teste de Carga - 250 usuarios 1-140,text,true,,7381,250,250,250,https://www.blazedemo.com/reserve.php,649,0,0
1774386529360,334,2 - Escolher Voo,200,OK,Teste de Carga - 250 usuarios 1-154,text,true,,7381,250,250,250,https://www.blazedemo.com/reserve.php,318,0,0
1774386529389,316,2 - Escolher Voo,200,OK,Teste de Carga - 250 usuarios 1-161,text,true,,7381,250,250,250,https://www.blazedemo.com/reserve.php,295,0,0
1774386525464,4242,2 - Escolher Voo,200,OK,Teste de Carga - 250 usuarios 1-29,text,true,,7381,250,250,250,https://www.blazedemo.com/reserve.php,4222,0,0
1774386529392,318,3 - Comprar Passagem,200,OK,Teste de Carga - 250 usuarios 1-206,text,true,,6719,420,250,250,https://www.blazedemo.com/purchase.php,304,0,0
1774386529409,308,2 - Escolher Voo,200,OK,Teste de Carga - 250 usuarios 1-66,text,true,,7381,250,250,250,https://www.blazedemo.com/reserve.php,287,0,0
1774386529451,272,2 - Escolher Voo,200,OK,Teste de Carga - 250 usuarios 1-209,text,true,,7381,250,250,250,https://www.blazedemo.com/reserve.php,252,0,0
1774386529372,357,3 - Comprar Passagem,200,OK,Teste de Carga - 250 usuarios 1-22,text,true,,6719,420,250,250,https://www.blazedemo.com/purchase.php,344,0,0
1774386529406,325,2 - Escolher Voo,200,OK,Teste de Carga - 250 usuarios 1-28,text,true,,7381,250,250,250,https://www.blazedemo.com/reserve.php,310,0,0
1774386526349,3386,3 - Comprar Passagem,200,OK,Teste de Carga - 250 usuarios 1-36,text,true,,6719,420,250,250,https://www.blazedemo.com/purchase.php,3374,0,0
1774386529449,286,3 - Comprar Passagem,200,OK,Teste de Carga - 250 usuarios 1-162,text,true,,6719,420,250,250,https://www.blazedemo.com/purchase.php,272,0,0
1774386529447,288,1 - Acessar Home,200,OK,Teste de Carga - 250 usuarios 1-34,text,true,,4757,120,250,250,https://www.blazedemo.com/,277,0,0
1774386529116,623,3 - Comprar Passagem,200,OK,Teste de Carga - 250 usuarios 1-101,text,true,,6719,420,250,250,https://www.blazedemo.com/purchase.php,606,0,0
1774386529329,415,2 - Escolher Voo,200,OK,Teste de Carga - 250 usuarios 1-231,text,true,,7381,250,250,250,https://www.blazedemo.com/reserve.php,395,0,0
1774386528967,780,2 - Escolher Voo,200,OK,Teste de Carga - 250 usuarios 1-194,text,true,,7381,250,250,250,https://www.blazedemo.com/reserve.php,759,0,0
1774386526566,3183,2 - Escolher Voo,200,OK,Teste de Carga - 250 usuarios 1-172,text,true,,7381,250,250,250,https://www.blazedemo.com/reserve.php,3163,0,0
1774386528373,1378,3 - Comprar Passagem,200,OK,Teste de Carga - 250 usuarios 1-82,text,true,,6719,420,250,250,https://www.blazedemo.com/purchase.php,1366,0,0
1774386529128,634,3 - Comprar Passagem,200,OK,Teste de Carga - 250 usuarios 1-121,text,true,,6719,420,250,250,https://www.blazedemo.com/purchase.php,618,0,0
1774386529513,259,1 - Acessar Home,200,OK,Teste de Carga - 250 usuarios 1-186,text,true,,4757,120,250,250,https://www.blazedemo.com/,247,0,0
1774386529395,378,3 - Comprar Passagem,200,OK,Teste de Carga - 250 usuarios 1-24,text,true,,6719,420,250,250,https://www.blazedemo.com/purchase.php,366,0,0
1774386529486,291,1 - Acessar Home,200,OK,Teste de Carga - 250 usuarios 1-75,text,true,,4757,120,250,250,https://www.blazedemo.com/,278,0,0
1774386529135,643,2 - Escolher Voo,200,OK,Teste de Carga - 250 usuarios 1-68,text,true,,7381,250,250,250,https://www.blazedemo.com/reserve.php,627,0,0
1774386529437,347,3 - Comprar Passagem,200,OK,Teste de Carga - 250 usuarios 1-247,text,true,,6719,420,250,250,https://www.blazedemo.com/purchase.php,334,0,0
1774386529134,665,1 - Acessar Home,200,OK,Teste de Carga - 250 usuarios 1-94,text,true,,4757,120,250,250,https://www.blazedemo.com/,653,0,0
1774386526166,3637,2 - Escolher Voo,200,OK,Teste de Carga - 250 usuarios 1-9,text,true,,7381,250,250,250,https://www.blazedemo.com/reserve.php,3616,0,0
1774386528491,1315,3 - Comprar Passagem,200,OK,Teste de Carga - 250 usuarios 1-248,text,true,,6719,420,250,250,https://www.blazedemo.com/purchase.php,1302,0,0
1774386529467,342,2 - Escolher Voo,200,OK,Teste de Carga - 250 usuarios 1-18,text,true,,7381,250,250,250,https://www.blazedemo.com/reserve.php,321,0,0
1774386529377,433,3 - Comprar Passagem,200,OK,Teste de Carga - 250 usuarios 1-138,text,true,,6719,420,250,250,https://www.blazedemo.com/purchase.php,421,0,0
1774386528982,829,2 - Escolher Voo,200,OK,Teste de Carga - 250 usuarios 1-166,text,true,,7381,250,250,250,https://www.blazedemo.com/reserve.php,809,0,0
1774386526476,3342,2 - Escolher Voo,200,OK,Teste de Carga - 250 usuarios 1-131,text,true,,7381,250,250,250,https://www.blazedemo.com/reserve.php,3322,0,0
1774386529467,353,1 - Acessar Home,200,OK,Teste de Carga - 250 usuarios 1-76,text,true,,4757,120,250,250,https://www.blazedemo.com/,342,0,0
1774386529232,590,3 - Comprar Passagem,200,OK,Teste de Carga - 250 usuarios 1-57,text,true,,6719,420,250,250,https://www.blazedemo.com/purchase.php,577,0,0
1774386529399,434,1 - Acessar Home,200,OK,Teste de Carga - 250 usuarios 1-159,text,true,,4757,120,250,250,https://www.blazedemo.com/,422,0,0
1774386529493,348,2 - Escolher Voo,200,OK,Teste de Carga - 250 usuarios 1-91,text,true,,7381,250,250,250,https://www.blazedemo.com/reserve.php,327,0,0
1774386529542,300,2 - Escolher Voo,200,OK,Teste de Carga - 250 usuarios 1-236,text,true,,7381,250,250,250,https://www.blazedemo.com/reserve.php,280,0,0
1774386529552,292,1 - Acessar Home,200,OK,Teste de Carga - 250 usuarios 1-188,text,true,,4757,120,250,250,https://www.blazedemo.com/,281,0,0
1774386529499,349,2 - Escolher Voo,200,OK,Teste de Carga - 250 usuarios 1-176,text,true,,7381,250,250,250,https://www.blazedemo.com/reserve.php,328,0,0
1774386528400,1452,3 - Comprar Passagem,200,OK,Teste de Carga - 250 usuarios 1-139,text,true,,6719,420,250,250,https://www.blazedemo.com/purchase.php,1441,0,0
1774386529490,372,2 - Escolher Voo,200,OK,Teste de Carga - 250 usuarios 1-72,text,true,,7381,250,250,250,https://www.blazedemo.com/reserve.php,352,0,0
1774386529533,330,1 - Acessar Home,200,OK,Teste de Carga - 250 usuarios 1-137,text,true,,4757,120,250,250,https://www.blazedemo.com/,318,0,0
1774386529597,266,1 - Acessar Home,200,OK,Teste de Carga - 250 usuarios 1-6,text,true,,4757,120,250,250,https://www.blazedemo.com/,254,0,0
1774386529499,368,2 - Escolher Voo,200,OK,Teste de Carga - 250 usuarios 1-62,text,true,,7381,250,250,250,https://www.blazedemo.com/reserve.php,351,0,0
1774386529475,402,1 - Acessar Home,200,OK,Teste de Carga - 250 usuarios 1-200,text,true,,4757,120,250,250,https://www.blazedemo.com/,391,0,0
1774386529217,665,3 - Comprar Passagem,200,OK,Teste de Carga - 250 usuarios 1-104,text,true,,6719,420,250,250,https://www.blazedemo.com/purchase.php,654,0,0
1774386529269,616,2 - Escolher Voo,200,OK,Teste de Carga - 250 usuarios 1-240,text,true,,7381,250,250,250,https://www.blazedemo.com/reserve.php,596,0,0
1774386529058,827,3 - Comprar Passagem,200,OK,Teste de Carga - 250 usuarios 1-151,text,true,,6719,420,250,250,https://www.blazedemo.com/purchase.php,815,0,0
1774386529182,708,3 - Comprar Passagem,200,OK,Teste de Carga - 250 usuarios 1-79,text,true,,6719,420,250,250,https://www.blazedemo.com/purchase.php,695,0,0
1774386525706,4184,2 - Escolher Voo,200,OK,Teste de Carga - 250 usuarios 1-85,text,true,,7381,250,250,250,https://www.blazedemo.com/reserve.php,4164,0,0
1774386526337,3564,2 - Escolher Voo,200,OK,Teste de Carga - 250 usuarios 1-92,text,true,,7381,250,250,250,https://www.blazedemo.com/reserve.php,3547,0,0
1774386529531,371,1 - Acessar Home,200,OK,Teste de Carga - 250 usuarios 1-27,text,true,,4757,120,250,250,https://www.blazedemo.com/,359,0,0
1774386529550,355,1 - Acessar Home,200,OK,Teste de Carga - 250 usuarios 1-158,text,true,,4757,120,250,250,https://www.blazedemo.com/,343,0,0
1774386526633,3272,1 - Acessar Home,200,OK,Teste de Carga - 250 usuarios 1-45,text,true,,4757,120,250,250,https://www.blazedemo.com/,3261,0,0
1774386529507,401,1 - Acessar Home,200,OK,Teste de Carga - 250 usuarios 1-155,text,true,,4757,120,250,250,https://www.blazedemo.com/,390,0,0
1774386526833,3084,1 - Acessar Home,200,OK,Teste de Carga - 250 usuarios 1-211,text,true,,4757,120,250,250,https://www.blazedemo.com/,3072,0,0
1774386529648,275,2 - Escolher Voo,200,OK,Teste de Carga - 250 usuarios 1-127,text,true,,7381,250,250,250,https://www.blazedemo.com/reserve.php,254,0,0
1774386528459,1468,3 - Comprar Passagem,200,OK,Teste de Carga - 250 usuarios 1-220,text,true,,6719,420,250,250,https://www.blazedemo.com/purchase.php,1456,0,0
1774386529603,327,1 - Acessar Home,200,OK,Teste de Carga - 250 usuarios 1-181,text,true,,4757,120,250,250,https://www.blazedemo.com/,315,0,0
1774386525780,4153,2 - Escolher Voo,200,OK,Teste de Carga - 250 usuarios 1-113,text,true,,7381,250,250,250,https://www.blazedemo.com/reserve.php,4132,0,0
1774386529583,360,1 - Acessar Home,200,OK,Teste de Carga - 250 usuarios 1-105,text,true,,4757,120,250,250,https://www.blazedemo.com/,348,0,0
1774386529427,520,1 - Acessar Home,200,OK,Teste de Carga - 250 usuarios 1-235,text,true,,4757,120,250,250,https://www.blazedemo.com/,509,0,0
1774386526358,3593,3 - Comprar Passagem,200,OK,Teste de Carga - 250 usuarios 1-217,text,true,,6719,420,250,250,https://www.blazedemo.com/purchase.php,3581,0,0
1774386529523,432,1 - Acessar Home,200,OK,Teste de Carga - 250 usuarios 1-48,text,true,,4757,120,250,250,https://www.blazedemo.com/,421,0,0
1774386529556,401,2 - Escolher Voo,200,OK,Teste de Carga - 250 usuarios 1-69,text,true,,7381,250,250,250,https://www.blazedemo.com/reserve.php,381,0,0
1774386526955,3014,3 - Comprar Passagem,200,OK,Teste de Carga - 250 usuarios 1-183,text,true,,6719,420,250,250,https://www.blazedemo.com/purchase.php,3001,0,0
1774386529648,324,2 - Escolher Voo,200,OK,Teste de Carga - 250 usuarios 1-202,text,true,,7381,250,250,250,https://www.blazedemo.com/reserve.php,308,0,0
1774386529293,681,1 - Acessar Home,200,OK,Teste de Carga - 250 usuarios 1-210,text,true,,4757,120,250,250,https://www.blazedemo.com/,670,0,0
1774386528555,1423,2 - Escolher Voo,200,OK,Teste de Carga - 250 usuarios 1-175,text,true,,7381,250,250,250,https://www.blazedemo.com/reserve.php,1403,0,0
1774386529568,410,2 - Escolher Voo,200,OK,Teste de Carga - 250 usuarios 1-97,text,true,,7381,250,250,250,https://www.blazedemo.com/reserve.php,394,0,0
1774386529247,735,3 - Comprar Passagem,200,OK,Teste de Carga - 250 usuarios 1-102,text,true,,6719,420,250,250,https://www.blazedemo.com/purchase.php,724,0,0
1774386528716,1267,3 - Comprar Passagem,200,OK,Teste de Carga - 250 usuarios 1-171,text,true,,6719,420,250,250,https://www.blazedemo.com/purchase.php,1255,0,0
1774386529659,332,1 - Acessar Home,200,OK,Teste de Carga - 250 usuarios 1-214,text,true,,4757,120,250,250,https://www.blazedemo.com/,317,0,0
1774386526687,3304,3 - Comprar Passagem,200,OK,Teste de Carga - 250 usuarios 1-116,text,true,,6719,420,250,250,https://www.blazedemo.com/purchase.php,3291,0,0
1774386529659,344,1 - Acessar Home,200,OK,Teste de Carga - 250 usuarios 1-221,text,true,,4757,120,250,250,https://www.blazedemo.com/,332,0,0
1774386529723,280,3 - Comprar Passagem,200,OK,Teste de Carga - 250 usuarios 1-209,text,true,,6719,420,250,250,https://www.blazedemo.com/purchase.php,268,0,0
1774386529334,670,2 - Escolher Voo,200,OK,Teste de Carga - 250 usuarios 1-25,text,true,,7381,250,250,250,https://www.blazedemo.com/reserve.php,649,0,0
1774386529580,426,3 - Comprar Passagem,200,OK,Teste de Carga - 250 usuarios 1-178,text,true,,6719,420,250,250,https://www.blazedemo.com/purchase.php,413,0,0
1774386528528,1485,2 - Escolher Voo,200,OK,Teste de Carga - 250 usuarios 1-203,text,true,,7381,250,250,250,https://www.blazedemo.com/reserve.php,1465,0,0
1774386529684,330,3 - Comprar Passagem,200,OK,Teste de Carga - 250 usuarios 1-177,text,true,,6719,420,250,250,https://www.blazedemo.com/purchase.php,317,0,0
1774386529555,463,3 - Comprar Passagem,200,OK,Teste de Carga - 250 usuarios 1-84,text,true,,6719,420,250,250,https://www.blazedemo.com/purchase.php,447,0,0
1774386529235,787,1 - Acessar Home,200,OK,Teste de Carga - 250 usuarios 1-37,text,true,,4757,120,250,250,https://www.blazedemo.com/,775,0,0
1774386529535,487,2 - Escolher Voo,200,OK,Teste de Carga - 250 usuarios 1-126,text,true,,7381,250,250,250,https://www.blazedemo.com/reserve.php,466,0,0
1774386526766,3258,3 - Comprar Passagem,200,OK,Teste de Carga - 250 usuarios 1-216,text,true,,6719,420,250,250,https://www.blazedemo.com/purchase.php,3246,0,0
1774386529747,282,3 - Comprar Passagem,200,OK,Teste de Carga - 250 usuarios 1-194,text,true,,6719,420,250,250,https://www.blazedemo.com/purchase.php,265,0,0
1774386529668,362,2 - Escolher Voo,200,OK,Teste de Carga - 250 usuarios 1-152,text,true,,7381,250,250,250,https://www.blazedemo.com/reserve.php,342,0,0
1774386527002,3028,3 - Comprar Passagem,200,OK,Teste de Carga - 250 usuarios 1-35,text,true,,6719,420,250,250,https://www.blazedemo.com/purchase.php,3016,0,0
1774386525787,4249,3 - Comprar Passagem,200,OK,Teste de Carga - 250 usuarios 1-241,text,true,,6719,420,250,250,https://www.blazedemo.com/purchase.php,4237,0,0
1774386529528,511,2 - Escolher Voo,200,OK,Teste de Carga - 250 usuarios 1-224,text,true,,7381,250,250,250,https://www.blazedemo.com/reserve.php,490,0,0
1774386529773,273,1 - Acessar Home,200,OK,Teste de Carga - 250 usuarios 1-24,text,true,,4757,120,250,250,https://www.blazedemo.com/,261,0,0
1774386529621,427,2 - Escolher Voo,200,OK,Teste de Carga - 250 usuarios 1-81,text,true,,7381,250,250,250,https://www.blazedemo.com/reserve.php,407,0,0
1774386526811,3240,3 - Comprar Passagem,200,OK,Teste de Carga - 250 usuarios 1-53,text,true,,6719,420,250,250,https://www.blazedemo.com/purchase.php,3229,0,0
1774386529694,357,3 - Comprar Passagem,200,OK,Teste de Carga - 250 usuarios 1-154,text,true,,6719,420,250,250,https://www.blazedemo.com/purchase.php,340,0,0
1774386526518,3536,2 - Escolher Voo,200,OK,Teste de Carga - 250 usuarios 1-109,text,true,,7381,250,250,250,https://www.blazedemo.com/reserve.php,3515,0,0
1774386529584,471,2 - Escolher Voo,200,OK,Teste de Carga - 250 usuarios 1-189,text,true,,7381,250,250,250,https://www.blazedemo.com/reserve.php,451,0,0
1774386529763,296,1 - Acessar Home,200,OK,Teste de Carga - 250 usuarios 1-121,text,true,,4757,120,250,250,https://www.blazedemo.com/,285,0,0
1774386525845,4229,1 - Acessar Home,200,OK,Teste de Carga - 250 usuarios 1-225,text,true,,4757,120,250,250,https://www.blazedemo.com/,4217,0,0
1774386529588,489,2 - Escolher Voo,200,OK,Teste de Carga - 250 usuarios 1-239,text,true,,7381,250,250,250,https://www.blazedemo.com/reserve.php,468,0,0
1774386528550,1530,3 - Comprar Passagem,200,OK,Teste de Carga - 250 usuarios 1-64,text,true,,6719,420,250,250,https://www.blazedemo.com/purchase.php,1518,0,0
1774386529751,332,1 - Acessar Home,200,OK,Teste de Carga - 250 usuarios 1-82,text,true,,4757,120,250,250,https://www.blazedemo.com/,320,0,0
1774386529810,280,1 - Acessar Home,200,OK,Teste de Carga - 250 usuarios 1-138,text,true,,4757,120,250,250,https://www.blazedemo.com/,268,0,0
1774386529343,750,3 - Comprar Passagem,200,OK,Teste de Carga - 250 usuarios 1-184,text,true,,6719,420,250,250,https://www.blazedemo.com/purchase.php,739,0,0
1774386525926,4171,2 - Escolher Voo,200,OK,Teste de Carga - 250 usuarios 1-30,text,true,,7381,250,250,250,https://www.blazedemo.com/reserve.php,4151,0,0
1774386529236,861,2 - Escolher Voo,200,OK,Teste de Carga - 250 usuarios 1-249,text,true,,7381,250,250,250,https://www.blazedemo.com/reserve.php,841,0,0
1774386529431,673,3 - Comprar Passagem,200,OK,Teste de Carga - 250 usuarios 1-250,text,true,,6719,420,250,250,https://www.blazedemo.com/purchase.php,662,0,0
1774386529821,293,2 - Escolher Voo,200,OK,Teste de Carga - 250 usuarios 1-76,text,true,,7381,250,250,250,https://www.blazedemo.com/reserve.php,273,0,0
1774386527108,3009,1 - Acessar Home,200,OK,Teste de Carga - 250 usuarios 1-157,text,true,,4757,120,250,250,https://www.blazedemo.com/,3001,0,0
1774386529649,471,3 - Comprar Passagem,200,OK,Teste de Carga - 250 usuarios 1-60,text,true,,6719,420,250,250,https://www.blazedemo.com/purchase.php,458,0,0
1774386526566,3554,1 - Acessar Home,200,OK,Teste de Carga - 250 usuarios 1-234,text,true,,4757,120,250,250,https://www.blazedemo.com/,3542,0,0
1774386529705,418,3 - Comprar Passagem,200,OK,Teste de Carga - 250 usuarios 1-161,text,true,,6719,420,250,250,https://www.blazedemo.com/purchase.php,406,0,0
1774386529428,703,1 - Acessar Home,200,OK,Teste de Carga - 250 usuarios 1-146,text,true,,4757,120,250,250,https://www.blazedemo.com/,690,0,0
1774386529811,323,3 - Comprar Passagem,200,OK,Teste de Carga - 250 usuarios 1-166,text,true,,6719,420,250,250,https://www.blazedemo.com/purchase.php,311,0,0
1774386529803,333,3 - Comprar Passagem,200,OK,Teste de Carga - 250 usuarios 1-9,text,true,,6719,420,250,250,https://www.blazedemo.com/purchase.php,320,0,0
1774386529670,467,1 - Acessar Home,200,OK,Teste de Carga - 250 usuarios 1-233,text,true,,4757,120,250,250,https://www.blazedemo.com/,455,0,0
1774386529635,504,3 - Comprar Passagem,200,OK,Teste de Carga - 250 usuarios 1-205,text,true,,6719,420,250,250,https://www.blazedemo.com/purchase.php,492,0,0
1774386529664,477,1 - Acessar Home,200,OK,Teste de Carga - 250 usuarios 1-185,text,true,,4757,120,250,250,https://www.blazedemo.com/,465,0,0
1774386526610,3532,1 - Acessar Home,200,OK,Teste de Carga - 250 usuarios 1-93,text,true,,4757,120,250,250,https://www.blazedemo.com/,3521,0,0
1774386529661,483,1 - Acessar Home,200,OK,Teste de Carga - 250 usuarios 1-242,text,true,,4757,120,250,250,https://www.blazedemo.com/,471,0,0
1774386529883,263,1 - Acessar Home,200,OK,Teste de Carga - 250 usuarios 1-104,text,true,,4757,120,250,250,https://www.blazedemo.com/,252,0,0
1774386526944,3208,2 - Escolher Voo,200,OK,Teste de Carga - 250 usuarios 1-230,text,true,,7381,250,250,250,https://www.blazedemo.com/reserve.php,3188,0,0
1774386529281,878,1 - Acessar Home,200,OK,Teste de Carga - 250 usuarios 1-32,text,true,,4757,120,250,250,https://www.blazedemo.com/,864,0,0
1774386527065,3094,1 - Acessar Home,200,OK,Teste de Carga - 250 usuarios 1-59,text,true,,4757,120,250,250,https://www.blazedemo.com/,3083,0,0
1774386529905,261,2 - Escolher Voo,200,OK,Teste de Carga - 250 usuarios 1-158,text,true,,7381,250,250,250,https://www.blazedemo.com/reserve.php,241,0,0
1774386529909,259,2 - Escolher Voo,200,OK,Teste de Carga - 250 usuarios 1-155,text,true,,7381,250,250,250,https://www.blazedemo.com/reserve.php,239,0,0
1774386529777,396,2 - Escolher Voo,200,OK,Teste de Carga - 250 usuarios 1-75,text,true,,7381,250,250,250,https://www.blazedemo.com/reserve.php,376,0,0
1774386529659,524,2 - Escolher Voo,200,OK,Teste de Carga - 250 usuarios 1-33,text,true,,7381,250,250,250,https://www.blazedemo.com/reserve.php,503,0,0
1774386528812,1372,3 - Comprar Passagem,200,OK,Teste de Carga - 250 usuarios 1-5,text,true,,6719,420,250,250,https://www.blazedemo.com/purchase.php,1360,0,0
1774386525995,4191,1 - Acessar Home,200,OK,Teste de Carga - 250 usuarios 1-20,text,true,,4757,120,250,250,https://www.blazedemo.com/,4183,0,0
1774386528840,1347,2 - Escolher Voo,200,OK,Teste de Carga - 250 usuarios 1-173,text,true,,7381,250,250,250,https://www.blazedemo.com/reserve.php,1326,0,0
1774386529833,356,2 - Escolher Voo,200,OK,Teste de Carga - 250 usuarios 1-159,text,true,,7381,250,250,250,https://www.blazedemo.com/reserve.php,335,0,0
1774386529930,267,2 - Escolher Voo,200,OK,Teste de Carga - 250 usuarios 1-181,text,true,,7381,250,250,250,https://www.blazedemo.com/reserve.php,246,0,0
1774386529901,296,3 - Comprar Passagem,200,OK,Teste de Carga - 250 usuarios 1-92,text,true,,6719,420,250,250,https://www.blazedemo.com/purchase.php,284,0,0
1774386529663,537,3 - Comprar Passagem,200,OK,Teste de Carga - 250 usuarios 1-11,text,true,,6719,420,250,250,https://www.blazedemo.com/purchase.php,524,0,0
1774386529890,317,1 - Acessar Home,200,OK,Teste de Carga - 250 usuarios 1-79,text,true,,4757,120,250,250,https://www.blazedemo.com/,306,0,0
1774386527144,3065,2 - Escolher Voo,200,OK,Teste de Carga - 250 usuarios 1-243,text,true,,7381,250,250,250,https://www.blazedemo.com/reserve.php,3045,0,0
1774386529848,363,3 - Comprar Passagem,200,OK,Teste de Carga - 250 usuarios 1-176,text,true,,6719,420,250,250,https://www.blazedemo.com/purchase.php,347,0,0
1774386527185,3031,2 - Escolher Voo,200,OK,Teste de Carga - 250 usuarios 1-128,text,true,,7381,250,250,250,https://www.blazedemo.com/reserve.php,3010,0,0
1774386529683,535,1 - Acessar Home,200,OK,Teste de Carga - 250 usuarios 1-118,text,true,,4757,120,250,250,https://www.blazedemo.com/,524,0,0
1774386529933,291,3 - Comprar Passagem,200,OK,Teste de Carga - 250 usuarios 1-113,text,true,,6719,420,250,250,https://www.blazedemo.com/purchase.php,279,0,0
1774386528842,1384,3 - Comprar Passagem,200,OK,Teste de Carga - 250 usuarios 1-207,text,true,,6719,420,250,250,https://www.blazedemo.com/purchase.php,1372,0,0
1774386529577,649,1 - Acessar Home,200,OK,Teste de Carga - 250 usuarios 1-134,text,true,,4757,120,250,250,https://www.blazedemo.com/,637,0,0
1774386529822,410,1 - Acessar Home,200,OK,Teste de Carga - 250 usuarios 1-57,text,true,,4757,120,250,250,https://www.blazedemo.com/,398,0,0
1774386526037,4197,3 - Comprar Passagem,200,OK,Teste de Carga - 250 usuarios 1-168,text,true,,6719,420,250,250,https://www.blazedemo.com/purchase.php,4186,0,0
1774386526766,3471,2 - Escolher Voo,200,OK,Teste de Carga - 250 usuarios 1-245,text,true,,7381,250,250,250,https://www.blazedemo.com/reserve.php,3450,0,0
1774386529975,264,2 - Escolher Voo,200,OK,Teste de Carga - 250 usuarios 1-210,text,true,,7381,250,250,250,https://www.blazedemo.com/reserve.php,248,0,0
1774386529608,634,2 - Escolher Voo,200,OK,Teste de Carga - 250 usuarios 1-246,text,true,,7381,250,250,250,https://www.blazedemo.com/reserve.php,615,0,0
1774386529955,293,2 - Escolher Voo,200,OK,Teste de Carga - 250 usuarios 1-48,text,true,,7381,250,250,250,https://www.blazedemo.com/reserve.php,277,0,0
1774386528926,1339,2 - Escolher Voo,200,OK,Teste de Carga - 250 usuarios 1-41,text,true,,7381,250,250,250,https://www.blazedemo.com/reserve.php,1318,0,0
1774386530003,265,1 - Acessar Home,200,OK,Teste de Carga - 250 usuarios 1-209,text,true,,4757,120,250,250,https://www.blazedemo.com/,253,0,0
1774386530013,265,3 - Comprar Passagem,200,OK,Teste de Carga - 250 usuarios 1-203,text,true,,6719,420,250,250,https://www.blazedemo.com/purchase.php,253,0,0
1774386529948,339,2 - Escolher Voo,200,OK,Teste de Carga - 250 usuarios 1-235,text,true,,7381,250,250,250,https://www.blazedemo.com/reserve.php,318,0,0
1774386528856,1439,3 - Comprar Passagem,200,OK,Teste de Carga - 250 usuarios 1-218,text,true,,6719,420,250,250,https://www.blazedemo.com/purchase.php,1427,0,0
1774386527159,3139,2 - Escolher Voo,200,OK,Teste de Carga - 250 usuarios 1-56,text,true,,7381,250,250,250,https://www.blazedemo.com/reserve.php,3118,0,0
1774386530018,280,1 - Acessar Home,200,OK,Teste de Carga - 250 usuarios 1-84,text,true,,4757,120,250,250,https://www.blazedemo.com/,269,0,0
1774386529710,591,1 - Acessar Home,200,OK,Teste de Carga - 250 usuarios 1-206,text,true,,4757,120,250,250,https://www.blazedemo.com/,580,0,0
1774386529951,352,1 - Acessar Home,200,OK,Teste de Carga - 250 usuarios 1-217,text,true,,4757,120,250,250,https://www.blazedemo.com/,340,0,0
1774386529749,554,3 - Comprar Passagem,200,OK,Teste de Carga - 250 usuarios 1-172,text,true,,6719,420,250,250,https://www.blazedemo.com/purchase.php,542,0,0
1774386527388,2922,3 - Comprar Passagem,200,OK,Teste de Carga - 250 usuarios 1-7,text,true,,6719,420,250,250,https://www.blazedemo.com/purchase.php,2910,0,0
1774386529991,320,1 - Acessar Home,200,OK,Teste de Carga - 250 usuarios 1-116,text,true,,4757,120,250,250,https://www.blazedemo.com/,308,0,0
1774386526791,3522,3 - Comprar Passagem,200,OK,Teste de Carga - 250 usuarios 1-89,text,true,,6719,420,250,250,https://www.blazedemo.com/purchase.php,3509,0,0
1774386529982,333,1 - Acessar Home,200,OK,Teste de Carga - 250 usuarios 1-102,text,true,,4757,120,250,250,https://www.blazedemo.com/,325,0,0
1774386529969,350,1 - Acessar Home,200,OK,Teste de Carga - 250 usuarios 1-183,text,true,,4757,120,250,250,https://www.blazedemo.com/,338,0,0
1774386526162,4164,3 - Comprar Passagem,200,OK,Teste de Carga - 250 usuarios 1-15,text,true,,6719,420,250,250,https://www.blazedemo.com/purchase.php,4148,0,0
1774386530024,303,1 - Acessar Home,200,OK,Teste de Carga - 250 usuarios 1-216,text,true,,4757,120,250,250,https://www.blazedemo.com/,291,0,0
1774386530029,299,1 - Acessar Home,200,OK,Teste de Carga - 250 usuarios 1-194,text,true,,4757,120,250,250,https://www.blazedemo.com/,287,0,0
1774386529923,413,3 - Comprar Passagem,200,OK,Teste de Carga - 250 usuarios 1-127,text,true,,6719,420,250,250,https://www.blazedemo.com/purchase.php,403,0,0
1774386529735,602,1 - Acessar Home,200,OK,Teste de Carga - 250 usuarios 1-162,text,true,,4757,120,250,250,https://www.blazedemo.com/,591,0,0
1774386530022,317,3 - Comprar Passagem,200,OK,Teste de Carga - 250 usuarios 1-126,text,true,,6719,420,250,250,https://www.blazedemo.com/purchase.php,305,0,0
1774386529672,670,2 - Escolher Voo,200,OK,Teste de Carga - 250 usuarios 1-196,text,true,,7381,250,250,250,https://www.blazedemo.com/reserve.php,649,0,0
1774386529978,378,3 - Comprar Passagem,200,OK,Teste de Carga - 250 usuarios 1-97,text,true,,6719,420,250,250,https://www.blazedemo.com/purchase.php,362,0,0
1774386529862,495,3 - Comprar Passagem,200,OK,Teste de Carga - 250 usuarios 1-72,text,true,,6719,420,250,250,https://www.blazedemo.com/purchase.php,483,0,0
1774386526924,3435,2 - Escolher Voo,200,OK,Teste de Carga - 250 usuarios 1-147,text,true,,7381,250,250,250,https://www.blazedemo.com/reserve.php,3415,0,0
1774386530115,245,3 - Comprar Passagem,200,OK,Teste de Carga - 250 usuarios 1-76,text,true,,6719,420,250,250,https://www.blazedemo.com/purchase.php,233,0,0
1774386530090,270,2 - Escolher Voo,200,OK,Teste de Carga - 250 usuarios 1-138,text,true,,7381,250,250,250,https://www.blazedemo.com/reserve.php,249,0,0
1774386528857,1515,3 - Comprar Passagem,200,OK,Teste de Carga - 250 usuarios 1-212,text,true,,6719,420,250,250,https://www.blazedemo.com/purchase.php,1503,0,0
1774386530004,376,3 - Comprar Passagem,200,OK,Teste de Carga - 250 usuarios 1-25,text,true,,6719,420,250,250,https://www.blazedemo.com/purchase.php,362,0,0
1774386529852,529,1 - Acessar Home,200,OK,Teste de Carga - 250 usuarios 1-139,text,true,,4757,120,250,250,https://www.blazedemo.com/,518,0,0
1774386526172,4210,3 - Comprar Passagem,200,OK,Teste de Carga - 250 usuarios 1-90,text,true,,6719,420,250,250,https://www.blazedemo.com/purchase.php,4193,0,0
1774386527583,2799,3 - Comprar Passagem,200,OK,Teste de Carga - 250 usuarios 1-124,text,true,,6719,420,250,250,https://www.blazedemo.com/purchase.php,2787,0,0
1774386530120,263,1 - Acessar Home,200,OK,Teste de Carga - 250 usuarios 1-60,text,true,,4757,120,250,250,https://www.blazedemo.com/,250,0,0
1774386529902,486,2 - Escolher Voo,200,OK,Teste de Carga - 250 usuarios 1-27,text,true,,7381,250,250,250,https://www.blazedemo.com/reserve.php,465,0,0
1774386529841,547,3 - Comprar Passagem,200,OK,Teste de Carga - 250 usuarios 1-91,text,true,,6719,420,250,250,https://www.blazedemo.com/purchase.php,535,0,0
1774386527226,3163,3 - Comprar Passagem,200,OK,Teste de Carga - 250 usuarios 1-19,text,true,,6719,420,250,250,https://www.blazedemo.com/purchase.php,3152,0,0
1774386529600,790,3 - Comprar Passagem,200,OK,Teste de Carga - 250 usuarios 1-228,text,true,,6719,420,250,250,https://www.blazedemo.com/purchase.php,780,0,0
1774386530054,340,3 - Comprar Passagem,200,OK,Teste de Carga - 250 usuarios 1-109,text,true,,6719,420,250,250,https://www.blazedemo.com/purchase.php,328,0,0
1774386529048,1350,2 - Escolher Voo,200,OK,Teste de Carga - 250 usuarios 1-156,text,true,,7381,250,250,250,https://www.blazedemo.com/reserve.php,1332,0,0
1774386529809,593,3 - Comprar Passagem,200,OK,Teste de Carga - 250 usuarios 1-18,text,true,,6719,420,250,250,https://www.blazedemo.com/purchase.php,581,0,0
1774386530140,267,1 - Acessar Home,200,OK,Teste de Carga - 250 usuarios 1-205,text,true,,4757,120,250,250,https://www.blazedemo.com/,256,0,0
1774386529943,468,2 - Escolher Voo,200,OK,Teste de Carga - 250 usuarios 1-105,text,true,,7381,250,250,250,https://www.blazedemo.com/reserve.php,447,0,0
1774386528915,1500,3 - Comprar Passagem,200,OK,Teste de Carga - 250 usuarios 1-244,text,true,,6719,420,250,250,https://www.blazedemo.com/purchase.php,1488,0,0
1774386530166,262,3 - Comprar Passagem,200,OK,Teste de Carga - 250 usuarios 1-158,text,true,,6719,420,250,250,https://www.blazedemo.com/purchase.php,250,0,0
1774386527125,3303,3 - Comprar Passagem,200,OK,Teste de Carga - 250 usuarios 1-51,text,true,,6719,420,250,250,https://www.blazedemo.com/purchase.php,3291,0,0
1774386530055,377,3 - Comprar Passagem,200,OK,Teste de Carga - 250 usuarios 1-189,text,true,,6719,420,250,250,https://www.blazedemo.com/purchase.php,369,0,0
1774386529739,698,1 - Acessar Home,200,OK,Teste de Carga - 250 usuarios 1-101,text,true,,4757,120,250,250,https://www.blazedemo.com/,686,0,0
1774386528938,1501,3 - Comprar Passagem,200,OK,Teste de Carga - 250 usuarios 1-208,text,true,,6719,420,250,250,https://www.blazedemo.com/purchase.php,1486,0,0
1774386530144,298,2 - Escolher Voo,200,OK,Teste de Carga - 250 usuarios 1-242,text,true,,7381,250,250,250,https://www.blazedemo.com/reserve.php,281,0,0
1774386530134,314,1 - Acessar Home,200,OK,Teste de Carga - 250 usuarios 1-166,text,true,,4757,120,250,250,https://www.blazedemo.com/,302,0,0
1774386526225,4225,3 - Comprar Passagem,200,OK,Teste de Carga - 250 usuarios 1-31,text,true,,6719,420,250,250,https://www.blazedemo.com/purchase.php,4213,0,0
1774386530159,293,2 - Escolher Voo,200,OK,Teste de Carga - 250 usuarios 1-59,text,true,,7381,250,250,250,https://www.blazedemo.com/reserve.php,272,0,0
1774386530117,337,2 - Escolher Voo,200,OK,Teste de Carga - 250 usuarios 1-157,text,true,,7381,250,250,250,https://www.blazedemo.com/reserve.php,321,0,0
1774386529867,592,3 - Comprar Passagem,200,OK,Teste de Carga - 250 usuarios 1-62,text,true,,6719,420,250,250,https://www.blazedemo.com/purchase.php,579,0,0
1774386529070,1392,1 - Acessar Home,200,OK,Teste de Carga - 250 usuarios 1-195,text,true,,4757,120,250,250,https://www.blazedemo.com/,1379,0,0
1774386529877,589,2 - Escolher Voo,200,OK,Teste de Carga - 250 usuarios 1-200,text,true,,7381,250,250,250,https://www.blazedemo.com/reserve.php,566,0,0
1774386530224,242,1 - Acessar Home,200,OK,Teste de Carga - 250 usuarios 1-113,text,true,,4757,120,250,250,https://www.blazedemo.com/,230,0,0
1774386527257,3213,1 - Acessar Home,200,OK,Teste de Carga - 250 usuarios 1-227,text,true,,4757,120,250,250,https://www.blazedemo.com/,3200,0,0
1774386530030,442,1 - Acessar Home,200,OK,Teste de Carga - 250 usuarios 1-35,text,true,,4757,120,250,250,https://www.blazedemo.com/,430,0,0
1774386529957,521,3 - Comprar Passagem,200,OK,Teste de Carga - 250 usuarios 1-69,text,true,,6719,420,250,250,https://www.blazedemo.com/purchase.php,509,0,0
1774386530211,269,1 - Acessar Home,200,OK,Teste de Carga - 250 usuarios 1-176,text,true,,4757,120,250,250,https://www.blazedemo.com/,259,0,0
1774386527186,3296,3 - Comprar Passagem,200,OK,Teste de Carga - 250 usuarios 1-114,text,true,,6719,420,250,250,https://www.blazedemo.com/purchase.php,3284,0,0
1774386530152,332,3 - Comprar Passagem,200,OK,Teste de Carga - 250 usuarios 1-230,text,true,,6719,420,250,250,https://www.blazedemo.com/purchase.php,318,0,0
1774386529917,576,2 - Escolher Voo,200,OK,Teste de Carga - 250 usuarios 1-211,text,true,,7381,250,250,250,https://www.blazedemo.com/reserve.php,556,0,0
1774386530187,307,3 - Comprar Passagem,200,OK,Teste de Carga - 250 usuarios 1-173,text,true,,6719,420,250,250,https://www.blazedemo.com/purchase.php,296,0,0
1774386527652,2855,1 - Acessar Home,200,OK,Teste de Carga - 250 usuarios 1-55,text,true,,4757,120,250,250,https://www.blazedemo.com/,2842,0,0
1774386530226,286,1 - Acessar Home,200,OK,Teste de Carga - 250 usuarios 1-207,text,true,,4757,120,250,250,https://www.blazedemo.com/,274,0,0
1774386529686,826,3 - Comprar Passagem,200,OK,Teste de Carga - 250 usuarios 1-140,text,true,,6719,420,250,250,https://www.blazedemo.com/purchase.php,814,0,0
1774386529928,587,1 - Acessar Home,200,OK,Teste de Carga - 250 usuarios 1-220,text,true,,4757,120,250,250,https://www.blazedemo.com/,575,0,0
1774386529818,700,3 - Comprar Passagem,200,OK,Teste de Carga - 250 usuarios 1-131,text,true,,6719,420,250,250,https://www.blazedemo.com/purchase.php,684,0,0
1774386529735,785,2 - Escolher Voo,200,OK,Teste de Carga - 250 usuarios 1-34,text,true,,7381,250,250,250,https://www.blazedemo.com/reserve.php,768,0,0
1774386529972,549,3 - Comprar Passagem,200,OK,Teste de Carga - 250 usuarios 1-202,text,true,,6719,420,250,250,https://www.blazedemo.com/purchase.php,532,0,0
1774386527698,2824,3 - Comprar Passagem,200,OK,Teste de Carga - 250 usuarios 1-164,text,true,,6719,420,250,250,https://www.blazedemo.com/purchase.php,2809,0,0
1774386529885,641,1 - Acessar Home,200,OK,Teste de Carga - 250 usuarios 1-151,text,true,,4757,120,250,250,https://www.blazedemo.com/,630,0,0
1774386530278,262,1 - Acessar Home,200,OK,Teste de Carga - 250 usuarios 1-203,text,true,,4757,120,250,250,https://www.blazedemo.com/,251,0,0
1774386530124,417,1 - Acessar Home,200,OK,Teste de Carga - 250 usuarios 1-161,text,true,,4757,120,250,250,https://www.blazedemo.com/,405,0,0
1774386530186,355,2 - Escolher Voo,200,OK,Teste de Carga - 250 usuarios 1-20,text,true,,7381,250,250,250,https://www.blazedemo.com/reserve.php,334,0,0
1774386530051,498,1 - Acessar Home,200,OK,Teste de Carga - 250 usuarios 1-154,text,true,,4757,120,250,250,https://www.blazedemo.com/,488,0,0
1774386527268,3282,3 - Comprar Passagem,200,OK,Teste de Carga - 250 usuarios 1-199,text,true,,6719,420,250,250,https://www.blazedemo.com/purchase.php,3269,0,0
1774386529778,773,3 - Comprar Passagem,200,OK,Teste de Carga - 250 usuarios 1-68,text,true,,6719,420,250,250,https://www.blazedemo.com/purchase.php,761,0,0
1774386530097,456,3 - Comprar Passagem,200,OK,Teste de Carga - 250 usuarios 1-249,text,true,,6719,420,250,250,https://www.blazedemo.com/purchase.php,445,0,0
1774386527343,3211,2 - Escolher Voo,200,OK,Teste de Carga - 250 usuarios 1-40,text,true,,7381,250,250,250,https://www.blazedemo.com/reserve.php,3191,0,0
1774386529983,573,1 - Acessar Home,200,OK,Teste de Carga - 250 usuarios 1-171,text,true,,4757,120,250,250,https://www.blazedemo.com/,560,0,0
1774386530083,479,2 - Escolher Voo,200,OK,Teste de Carga - 250 usuarios 1-82,text,true,,7381,250,250,250,https://www.blazedemo.com/reserve.php,459,0,0
1774386530183,389,3 - Comprar Passagem,200,OK,Teste de Carga - 250 usuarios 1-33,text,true,,6719,420,250,250,https://www.blazedemo.com/purchase.php,376,0,0
1774386527295,3281,1 - Acessar Home,200,OK,Teste de Carga - 250 usuarios 1-44,text,true,,4757,120,250,250,https://www.blazedemo.com/,3269,0,0
1774386530239,337,3 - Comprar Passagem,200,OK,Teste de Carga - 250 usuarios 1-210,text,true,,6719,420,250,250,https://www.blazedemo.com/purchase.php,325,0,0
1774386530248,335,3 - Comprar Passagem,200,OK,Teste de Carga - 250 usuarios 1-48,text,true,,6719,420,250,250,https://www.blazedemo.com/purchase.php,322,0,0
1774386530234,361,1 - Acessar Home,200,OK,Teste de Carga - 250 usuarios 1-168,text,true,,4757,120,250,250,https://www.blazedemo.com/,349,0,0
1774386530319,278,2 - Escolher Voo,200,OK,Teste de Carga - 250 usuarios 1-183,text,true,,7381,250,250,250,https://www.blazedemo.com/reserve.php,257,0,0
1774386530298,299,2 - Escolher Voo,200,OK,Teste de Carga - 250 usuarios 1-84,text,true,,7381,250,250,250,https://www.blazedemo.com/reserve.php,278,0,0
1774386529844,760,2 - Escolher Voo,200,OK,Teste de Carga - 250 usuarios 1-188,text,true,,7381,250,250,250,https://www.blazedemo.com/reserve.php,741,0,0
1774386530342,263,3 - Comprar Passagem,200,OK,Teste de Carga - 250 usuarios 1-196,text,true,,6719,420,250,250,https://www.blazedemo.com/purchase.php,250,0,0
1774386530357,252,1 - Acessar Home,200,OK,Teste de Carga - 250 usuarios 1-72,text,true,,4757,120,250,250,https://www.blazedemo.com/,241,0,0
1774386529182,1429,2 - Escolher Voo,200,OK,Teste de Carga - 250 usuarios 1-170,text,true,,7381,250,250,250,https://www.blazedemo.com/reserve.php,1409,0,0
1774386530197,415,3 - Comprar Passagem,200,OK,Teste de Carga - 250 usuarios 1-181,text,true,,6719,420,250,250,https://www.blazedemo.com/purchase.php,405,0,0
1774386527826,2788,1 - Acessar Home,200,OK,Teste de Carga - 250 usuarios 1-50,text,true,,4757,120,250,250,https://www.blazedemo.com/,2777,0,0
1774386527730,2884,3 - Comprar Passagem,200,OK,Teste de Carga - 250 usuarios 1-47,text,true,,6719,420,250,250,https://www.blazedemo.com/purchase.php,2872,0,0
1774386530146,469,2 - Escolher Voo,200,OK,Teste de Carga - 250 usuarios 1-104,text,true,,7381,250,250,250,https://www.blazedemo.com/reserve.php,448,0,0
1774386526231,4385,2 - Escolher Voo,200,OK,Teste de Carga - 250 usuarios 1-179,text,true,,7381,250,250,250,https://www.blazedemo.com/reserve.php,4364,0,0
1774386530356,265,1 - Acessar Home,200,OK,Teste de Carga - 250 usuarios 1-97,text,true,,4757,120,250,250,https://www.blazedemo.com/,253,0,0
1774386530237,384,3 - Comprar Passagem,200,OK,Teste de Carga - 250 usuarios 1-245,text,true,,6719,420,250,250,https://www.blazedemo.com/purchase.php,372,0,0
1774386529139,1487,2 - Escolher Voo,200,OK,Teste de Carga - 250 usuarios 1-222,text,true,,7381,250,250,250,https://www.blazedemo.com/reserve.php,1471,0,0
1774386530311,317,2 - Escolher Voo,200,OK,Teste de Carga - 250 usuarios 1-116,text,true,,7381,250,250,250,https://www.blazedemo.com/reserve.php,296,0,0
1774386530338,295,2 - Escolher Voo,200,OK,Teste de Carga - 250 usuarios 1-162,text,true,,7381,250,250,250,https://www.blazedemo.com/reserve.php,279,0,0
1774386527454,3186,3 - Comprar Passagem,200,OK,Teste de Carga - 250 usuarios 1-180,text,true,,6719,420,250,250,https://www.blazedemo.com/purchase.php,3174,0,0
1774386530014,627,1 - Acessar Home,200,OK,Teste de Carga - 250 usuarios 1-177,text,true,,4757,120,250,250,https://www.blazedemo.com/,615,0,0
1774386530359,283,3 - Comprar Passagem,200,OK,Teste de Carga - 250 usuarios 1-147,text,true,,6719,420,250,250,https://www.blazedemo.com/purchase.php,271,0,0
1774386530022,621,2 - Escolher Voo,200,OK,Teste de Carga - 250 usuarios 1-37,text,true,,7381,250,250,250,https://www.blazedemo.com/reserve.php,600,0,0
1774386530381,270,1 - Acessar Home,200,OK,Teste de Carga - 250 usuarios 1-25,text,true,,4757,120,250,250,https://www.blazedemo.com/,258,0,0
1774386529991,665,2 - Escolher Voo,200,OK,Teste de Carga - 250 usuarios 1-214,text,true,,7381,250,250,250,https://www.blazedemo.com/reserve.php,648,0,0
1774386529864,795,2 - Escolher Voo,200,OK,Teste de Carga - 250 usuarios 1-6,text,true,,7381,250,250,250,https://www.blazedemo.com/reserve.php,774,0,0
1774386530137,523,2 - Escolher Voo,200,OK,Teste de Carga - 250 usuarios 1-233,text,true,,7381,250,250,250,https://www.blazedemo.com/reserve.php,503,0,0
1774386529205,1462,1 - Acessar Home,200,OK,Teste de Carga - 250 usuarios 1-21,text,true,,4757,120,250,250,https://www.blazedemo.com/,1451,0,0
1774386530003,668,2 - Escolher Voo,200,OK,Teste de Carga - 250 usuarios 1-221,text,true,,7381,250,250,250,https://www.blazedemo.com/reserve.php,647,0,0
1774386530218,457,2 - Escolher Voo,200,OK,Teste de Carga - 250 usuarios 1-118,text,true,,7381,250,250,250,https://www.blazedemo.com/reserve.php,438,0,0
1774386530389,290,1 - Acessar Home,200,OK,Teste de Carga - 250 usuarios 1-19,text,true,,4757,120,250,250,https://www.blazedemo.com/,279,0,0
1774386530200,484,1 - Acessar Home,200,OK,Teste de Carga - 250 usuarios 1-11,text,true,,4757,120,250,250,https://www.blazedemo.com/,472,0,0
1774386527392,3294,3 - Comprar Passagem,200,OK,Teste de Carga - 250 usuarios 1-23,text,true,,6719,420,250,250,https://www.blazedemo.com/purchase.php,3281,0,0
1774386529321,1369,1 - Acessar Home,200,OK,Teste de Carga - 250 usuarios 1-145,text,true,,4757,120,250,250,https://www.blazedemo.com/,1355,0,0
1774386530411,280,3 - Comprar Passagem,200,OK,Teste de Carga - 250 usuarios 1-105,text,true,,6719,420,250,250,https://www.blazedemo.com/purchase.php,263,0,0
1774386530372,319,1 - Acessar Home,200,OK,Teste de Carga - 250 usuarios 1-212,text,true,,4757,120,250,250,https://www.blazedemo.com/,308,0,0
1774386530298,396,3 - Comprar Passagem,200,OK,Teste de Carga - 250 usuarios 1-56,text,true,,6719,420,250,250,https://www.blazedemo.com/purchase.php,384,0,0
1774386530242,453,3 - Comprar Passagem,200,OK,Teste de Carga - 250 usuarios 1-246,text,true,,6719,420,250,250,https://www.blazedemo.com/purchase.php,438,0,0
1774386526260,4447,2 - Escolher Voo,200,OK,Teste de Carga - 250 usuarios 1-238,text,true,,7381,250,250,250,https://www.blazedemo.com/reserve.php,4425,0,0
1774386530415,296,1 - Acessar Home,200,OK,Teste de Carga - 250 usuarios 1-244,text,true,,4757,120,250,250,https://www.blazedemo.com/,283,0,0
1774386527876,2835,1 - Acessar Home,200,OK,Teste de Carga - 250 usuarios 1-143,text,true,,4757,120,250,250,https://www.blazedemo.com/,2825,0,0
1774386530209,505,3 - Comprar Passagem,200,OK,Teste de Carga - 250 usuarios 1-243,text,true,,6719,420,250,250,https://www.blazedemo.com/purchase.php,488,0,0
1774386530208,506,2 - Escolher Voo,200,OK,Teste de Carga - 250 usuarios 1-79,text,true,,7381,250,250,250,https://www.blazedemo.com/reserve.php,486,0,0
1774386530459,255,1 - Acessar Home,200,OK,Teste de Carga - 250 usuarios 1-62,text,true,,4757,120,250,250,https://www.blazedemo.com/,244,0,0
1774386530474,253,2 - Escolher Voo,200,OK,Teste de Carga - 250 usuarios 1-35,text,true,,7381,250,250,250,https://www.blazedemo.com/reserve.php,234,0,0
1774386530268,460,2 - Escolher Voo,200,OK,Teste de Carga - 250 usuarios 1-209,text,true,,7381,250,250,250,https://www.blazedemo.com/reserve.php,443,0,0
1774386527910,2819,1 - Acessar Home,200,OK,Teste de Carga - 250 usuarios 1-110,text,true,,4757,120,250,250,https://www.blazedemo.com/,2807,0,0
1774386530485,247,1 - Acessar Home,200,OK,Teste de Carga - 250 usuarios 1-230,text,true,,4757,120,250,250,https://www.blazedemo.com/,236,0,0
1774386527452,3280,2 - Escolher Voo,200,OK,Teste de Carga - 250 usuarios 1-148,text,true,,7381,250,250,250,https://www.blazedemo.com/reserve.php,3260,0,0
1774386527409,3329,2 - Escolher Voo,200,OK,Teste de Carga - 250 usuarios 1-130,text,true,,7381,250,250,250,https://www.blazedemo.com/reserve.php,3313,0,0
1774386530301,439,2 - Escolher Voo,200,OK,Teste de Carga - 250 usuarios 1-206,text,true,,7381,250,250,250,https://www.blazedemo.com/reserve.php,417,0,0
1774386530313,442,1 - Acessar Home,200,OK,Teste de Carga - 250 usuarios 1-89,text,true,,4757,120,250,250,https://www.blazedemo.com/,430,0,0
1774386530142,617,2 - Escolher Voo,200,OK,Teste de Carga - 250 usuarios 1-93,text,true,,7381,250,250,250,https://www.blazedemo.com/reserve.php,596,0,0
1774386530496,278,1 - Acessar Home,200,OK,Teste de Carga - 250 usuarios 1-173,text,true,,4757,120,250,250,https://www.blazedemo.com/,266,0,0
1774386530048,734,3 - Comprar Passagem,200,OK,Teste de Carga - 250 usuarios 1-81,text,true,,6719,420,250,250,https://www.blazedemo.com/purchase.php,722,0,0
1774386530450,333,1 - Acessar Home,200,OK,Teste de Carga - 250 usuarios 1-31,text,true,,4757,120,250,250,https://www.blazedemo.com/,321,0,0
1774386529423,1362,3 - Comprar Passagem,200,OK,Teste de Carga - 250 usuarios 1-229,text,true,,6719,420,250,250,https://www.blazedemo.com/purchase.php,1345,0,0
1774386530513,277,2 - Escolher Voo,200,OK,Teste de Carga - 250 usuarios 1-207,text,true,,7381,250,250,250,https://www.blazedemo.com/reserve.php,256,0,0
1774386530452,341,3 - Comprar Passagem,200,OK,Teste de Carga - 250 usuarios 1-59,text,true,,6719,420,250,250,https://www.blazedemo.com/purchase.php,324,0,0
1774386530287,507,3 - Comprar Passagem,200,OK,Teste de Carga - 250 usuarios 1-235,text,true,,6719,420,250,250,https://www.blazedemo.com/purchase.php,494,0,0
1774386530523,273,1 - Acessar Home,200,OK,Teste de Carga - 250 usuarios 1-164,text,true,,4757,120,250,250,https://www.blazedemo.com/,261,0,0
1774386530303,498,2 - Escolher Voo,200,OK,Teste de Carga - 250 usuarios 1-217,text,true,,7381,250,250,250,https://www.blazedemo.com/reserve.php,478,0,0
1774386527495,3308,1 - Acessar Home,200,OK,Teste de Carga - 250 usuarios 1-192,text,true,,4757,120,250,250,https://www.blazedemo.com/,3297,0,0
1774386530030,773,3 - Comprar Passagem,200,OK,Teste de Carga - 250 usuarios 1-152,text,true,,6719,420,250,250,https://www.blazedemo.com/purchase.php,756,0,0
1774386530462,346,2 - Escolher Voo,200,OK,Teste de Carga - 250 usuarios 1-195,text,true,,7381,250,250,250,https://www.blazedemo.com/reserve.php,326,0,0
1774386527930,2878,1 - Acessar Home,200,OK,Teste de Carga - 250 usuarios 1-132,text,true,,4757,120,250,250,https://www.blazedemo.com/,2865,0,0
1774386529291,1518,2 - Escolher Voo,200,OK,Teste de Carga - 250 usuarios 1-187,text,true,,7381,250,250,250,https://www.blazedemo.com/reserve.php,1502,0,0
1774386530394,420,1 - Acessar Home,200,OK,Teste de Carga - 250 usuarios 1-109,text,true,,4757,120,250,250,https://www.blazedemo.com/,408,0,0
1774386526267,4550,2 - Escolher Voo,200,OK,Teste de Carga - 250 usuarios 1-163,text,true,,7381,250,250,250,https://www.blazedemo.com/reserve.php,4531,0,0
1774386530295,529,1 - Acessar Home,200,OK,Teste de Carga - 250 usuarios 1-218,text,true,,4757,120,250,250,https://www.blazedemo.com/,519,0,0
1774386529507,1320,1 - Acessar Home,200,OK,Teste de Carga - 250 usuarios 1-42,text,true,,4757,120,250,250,https://www.blazedemo.com/,1308,0,0
1774386530337,491,1 - Acessar Home,200,OK,Teste de Carga - 250 usuarios 1-127,text,true,,4757,120,250,250,https://www.blazedemo.com/,479,0,0
1774386530550,281,2 - Escolher Voo,200,OK,Teste de Carga - 250 usuarios 1-154,text,true,,7381,250,250,250,https://www.blazedemo.com/reserve.php,261,0,0
1774386527532,3298,2 - Escolher Voo,200,OK,Teste de Carga - 250 usuarios 1-223,text,true,,7381,250,250,250,https://www.blazedemo.com/reserve.php,3281,0,0
1774386527934,2897,2 - Escolher Voo,200,OK,Teste de Carga - 250 usuarios 1-39,text,true,,7381,250,250,250,https://www.blazedemo.com/reserve.php,2877,0,0
1774386530519,315,1 - Acessar Home,200,OK,Teste de Carga - 250 usuarios 1-131,text,true,,4757,120,250,250,https://www.blazedemo.com/,304,0,0
1774386530232,603,2 - Escolher Voo,200,OK,Teste de Carga - 250 usuarios 1-57,text,true,,7381,250,250,250,https://www.blazedemo.com/reserve.php,583,0,0
1774386530388,450,3 - Comprar Passagem,200,OK,Teste de Carga - 250 usuarios 1-27,text,true,,6719,420,250,250,https://www.blazedemo.com/purchase.php,438,0,0
1774386530039,808,3 - Comprar Passagem,200,OK,Teste de Carga - 250 usuarios 1-224,text,true,,6719,420,250,250,https://www.blazedemo.com/purchase.php,797,0,0
1774386530310,542,1 - Acessar Home,200,OK,Teste de Carga - 250 usuarios 1-7,text,true,,4757,120,250,250,https://www.blazedemo.com/,530,0,0
1774386530522,333,1 - Acessar Home,200,OK,Teste de Carga - 250 usuarios 1-202,text,true,,4757,120,250,250,https://www.blazedemo.com/,321,0,0
1774386530542,314,2 - Escolher Voo,200,OK,Teste de Carga - 250 usuarios 1-161,text,true,,7381,250,250,250,https://www.blazedemo.com/reserve.php,294,0,0
1774386530173,685,3 - Comprar Passagem,200,OK,Teste de Carga - 250 usuarios 1-75,text,true,,6719,420,250,250,https://www.blazedemo.com/purchase.php,672,0,0
1774386530197,666,1 - Acessar Home,200,OK,Teste de Carga - 250 usuarios 1-92,text,true,,4757,120,250,250,https://www.blazedemo.com/,654,0,0
1774386527485,3387,3 - Comprar Passagem,200,OK,Teste de Carga - 250 usuarios 1-70,text,true,,6719,420,250,250,https://www.blazedemo.com/purchase.php,3374,0,0
1774386529465,1409,2 - Escolher Voo,200,OK,Teste de Carga - 250 usuarios 1-115,text,true,,7381,250,250,250,https://www.blazedemo.com/reserve.php,1389,0,0
1774386530584,291,1 - Acessar Home,200,OK,Teste de Carga - 250 usuarios 1-48,text,true,,4757,120,250,250,https://www.blazedemo.com/,281,0,0
1774386529526,1352,1 - Acessar Home,200,OK,Teste de Carga - 250 usuarios 1-26,text,true,,4757,120,250,250,https://www.blazedemo.com/,1340,0,0
1774386530628,259,3 - Comprar Passagem,200,OK,Teste de Carga - 250 usuarios 1-222,text,true,,6719,420,250,250,https://www.blazedemo.com/purchase.php,247,0,0
1774386527565,3325,1 - Acessar Home,200,OK,Teste de Carga - 250 usuarios 1-219,text,true,,4757,120,250,250,https://www.blazedemo.com/,3313,0,0
1774386530466,442,2 - Escolher Voo,200,OK,Teste de Carga - 250 usuarios 1-113,text,true,,7381,250,250,250,https://www.blazedemo.com/reserve.php,421,0,0
1774386528132,2783,3 - Comprar Passagem,200,OK,Teste de Carga - 250 usuarios 1-142,text,true,,6719,420,250,250,https://www.blazedemo.com/purchase.php,2771,0,0
1774386530383,535,2 - Escolher Voo,200,OK,Teste de Carga - 250 usuarios 1-60,text,true,,7381,250,250,250,https://www.blazedemo.com/reserve.php,515,0,0
1774386530657,269,3 - Comprar Passagem,200,OK,Teste de Carga - 250 usuarios 1-214,text,true,,6719,420,250,250,https://www.blazedemo.com/purchase.php,252,0,0
1774386530390,535,1 - Acessar Home,200,OK,Teste de Carga - 250 usuarios 1-228,text,true,,4757,120,250,250,https://www.blazedemo.com/,522,0,0
1774386528125,2802,1 - Acessar Home,200,OK,Teste de Carga - 250 usuarios 1-78,text,true,,4757,120,250,250,https://www.blazedemo.com/,2790,0,0
1774386527718,3211,2 - Escolher Voo,200,OK,Teste de Carga - 250 usuarios 1-88,text,true,,7381,250,250,250,https://www.blazedemo.com/reserve.php,3190,0,0
1774386526296,4637,2 - Escolher Voo,200,OK,Teste de Carga - 250 usuarios 1-14,text,true,,7381,250,250,250,https://www.blazedemo.com/reserve.php,4618,0,0
1774386530184,756,1 - Acessar Home,200,OK,Teste de Carga - 250 usuarios 1-5,text,true,,4757,120,250,250,https://www.blazedemo.com/,745,0,0
1774386530577,364,2 - Escolher Voo,200,OK,Teste de Carga - 250 usuarios 1-44,text,true,,7381,250,250,250,https://www.blazedemo.com/reserve.php,343,0,0
1774386530428,513,1 - Acessar Home,200,OK,Teste de Carga - 250 usuarios 1-51,text,true,,4757,120,250,250,https://www.blazedemo.com/,501,0,0
1774386530315,630,2 - Escolher Voo,200,OK,Teste de Carga - 250 usuarios 1-102,text,true,,7381,250,250,250,https://www.blazedemo.com/reserve.php,610,0,0
1774386530093,853,1 - Acessar Home,200,OK,Teste de Carga - 250 usuarios 1-184,text,true,,4757,120,250,250,https://www.blazedemo.com/,843,0,0
1774386530622,340,1 - Acessar Home,200,OK,Teste de Carga - 250 usuarios 1-245,text,true,,4757,120,250,250,https://www.blazedemo.com/,328,0,0
1774386529531,1430,2 - Escolher Voo,200,OK,Teste de Carga - 250 usuarios 1-52,text,true,,7381,250,250,250,https://www.blazedemo.com/reserve.php,1410,0,0
1774386530097,866,3 - Comprar Passagem,200,OK,Teste de Carga - 250 usuarios 1-30,text,true,,6719,420,250,250,https://www.blazedemo.com/purchase.php,850,0,0
1774386530555,411,3 - Comprar Passagem,200,OK,Teste de Carga - 250 usuarios 1-40,text,true,,6719,420,250,250,https://www.blazedemo.com/purchase.php,397,0,0
1774386530382,584,1 - Acessar Home,200,OK,Teste de Carga - 250 usuarios 1-90,text,true,,4757,120,250,250,https://www.blazedemo.com/,576,0,0
1774386530516,453,2 - Escolher Voo,200,OK,Teste de Carga - 250 usuarios 1-220,text,true,,7381,250,250,250,https://www.blazedemo.com/reserve.php,432,0,0
1774386527729,3252,1 - Acessar Home,200,OK,Teste de Carga - 250 usuarios 1-95,text,true,,4757,120,250,250,https://www.blazedemo.com/,3240,0,0
1774386527613,3368,2 - Escolher Voo,200,OK,Teste de Carga - 250 usuarios 1-73,text,true,,7381,250,250,250,https://www.blazedemo.com/reserve.php,3348,0,0
1774386530552,433,1 - Acessar Home,200,OK,Teste de Carga - 250 usuarios 1-68,text,true,,4757,120,250,250,https://www.blazedemo.com/,420,0,0
1774386530551,435,1 - Acessar Home,200,OK,Teste de Carga - 250 usuarios 1-199,text,true,,4757,120,250,250,https://www.blazedemo.com/,424,0,0
1774386530688,300,1 - Acessar Home,200,OK,Teste de Carga - 250 usuarios 1-23,text,true,,4757,120,250,250,https://www.blazedemo.com/,288,0,0
1774386530729,260,3 - Comprar Passagem,200,OK,Teste de Carga - 250 usuarios 1-209,text,true,,6719,420,250,250,https://www.blazedemo.com/purchase.php,248,0,0
1774386530605,388,3 - Comprar Passagem,200,OK,Teste de Carga - 250 usuarios 1-188,text,true,,6719,420,250,250,https://www.blazedemo.com/purchase.php,377,0,0
1774386530541,456,2 - Escolher Voo,200,OK,Teste de Carga - 250 usuarios 1-203,text,true,,7381,250,250,250,https://www.blazedemo.com/reserve.php,441,0,0
1774386529705,1295,3 - Comprar Passagem,200,OK,Teste de Carga - 250 usuarios 1-29,text,true,,6719,420,250,250,https://www.blazedemo.com/purchase.php,1285,0,0
1774386530360,650,3 - Comprar Passagem,200,OK,Teste de Carga - 250 usuarios 1-138,text,true,,6719,420,250,250,https://www.blazedemo.com/purchase.php,633,0,0
1774386530612,399,3 - Comprar Passagem,200,OK,Teste de Carga - 250 usuarios 1-170,text,true,,6719,420,250,250,https://www.blazedemo.com/purchase.php,387,0,0
1774386530265,748,3 - Comprar Passagem,200,OK,Teste de Carga - 250 usuarios 1-41,text,true,,6719,420,250,250,https://www.blazedemo.com/purchase.php,735,0,0
1774386530388,643,1 - Acessar Home,200,OK,Teste de Carga - 250 usuarios 1-91,text,true,,4757,120,250,250,https://www.blazedemo.com/,632,0,0
1774386528155,2877,3 - Comprar Passagem,200,OK,Teste de Carga - 250 usuarios 1-96,text,true,,6719,420,250,250,https://www.blazedemo.com/purchase.php,2865,0,0
1774386530730,306,2 - Escolher Voo,200,OK,Teste de Carga - 250 usuarios 1-110,text,true,,7381,250,250,250,https://www.blazedemo.com/reserve.php,286,0,0
1774386530470,583,2 - Escolher Voo,200,OK,Teste de Carga - 250 usuarios 1-227,text,true,,7381,250,250,250,https://www.blazedemo.com/reserve.php,561,0,0
1774386530437,616,2 - Escolher Voo,200,OK,Teste de Carga - 250 usuarios 1-101,text,true,,7381,250,250,250,https://www.blazedemo.com/reserve.php,590,0,0
1774386526385,4669,2 - Escolher Voo,200,OK,Teste de Carga - 250 usuarios 1-4,text,true,,7381,250,250,250,https://www.blazedemo.com/reserve.php,4648,0,0
1774386530481,579,2 - Escolher Voo,200,OK,Teste de Carga - 250 usuarios 1-176,text,true,,7381,250,250,250,https://www.blazedemo.com/reserve.php,559,0,0
1774386527616,3446,3 - Comprar Passagem,200,OK,Teste de Carga - 250 usuarios 1-8,text,true,,6719,420,250,250,https://www.blazedemo.com/purchase.php,3434,0,0
1774386530382,683,1 - Acessar Home,200,OK,Teste de Carga - 250 usuarios 1-124,text,true,,4757,120,250,250,https://www.blazedemo.com/,671,0,0
1774386530712,359,2 - Escolher Voo,200,OK,Teste de Carga - 250 usuarios 1-244,text,true,,7381,250,250,250,https://www.blazedemo.com/reserve.php,341,0,0
1774386530644,431,3 - Comprar Passagem,200,OK,Teste de Carga - 250 usuarios 1-37,text,true,,6719,420,250,250,https://www.blazedemo.com/purchase.php,418,0,0
1774386530691,388,2 - Escolher Voo,200,OK,Teste de Carga - 250 usuarios 1-145,text,true,,7381,250,250,250,https://www.blazedemo.com/reserve.php,367,0,0
1774386530340,738,1 - Acessar Home,200,OK,Teste de Carga - 250 usuarios 1-126,text,true,,4757,120,250,250,https://www.blazedemo.com/,725,0,0
1774386530661,418,3 - Comprar Passagem,200,OK,Teste de Carga - 250 usuarios 1-233,text,true,,6719,420,250,250,https://www.blazedemo.com/purchase.php,405,0,0
1774386529608,1484,3 - Comprar Passagem,200,OK,Teste de Carga - 250 usuarios 1-190,text,true,,6719,420,250,250,https://www.blazedemo.com/purchase.php,1477,0,0
1774386529735,1358,1 - Acessar Home,200,OK,Teste de Carga - 250 usuarios 1-36,text,true,,4757,120,250,250,https://www.blazedemo.com/,1346,0,0
1774386530692,405,2 - Escolher Voo,200,OK,Teste de Carga - 250 usuarios 1-212,text,true,,7381,250,250,250,https://www.blazedemo.com/reserve.php,384,0,0
1774386530407,693,2 - Escolher Voo,200,OK,Teste de Carga - 250 usuarios 1-205,text,true,,7381,250,250,250,https://www.blazedemo.com/reserve.php,673,0,0
1774386530794,307,1 - Acessar Home,200,OK,Teste de Carga - 250 usuarios 1-59,text,true,,4757,120,250,250,https://www.blazedemo.com/,301,0,0
1774386530466,636,3 - Comprar Passagem,200,OK,Teste de Carga - 250 usuarios 1-200,text,true,,6719,420,250,250,https://www.blazedemo.com/purchase.php,624,0,0
1774386530428,683,1 - Acessar Home,200,OK,Teste de Carga - 250 usuarios 1-158,text,true,,4757,120,250,250,https://www.blazedemo.com/,672,0,0
1774386530774,342,2 - Escolher Voo,200,OK,Teste de Carga - 250 usuarios 1-173,text,true,,7381,250,250,250,https://www.blazedemo.com/reserve.php,321,0,0
1774386530557,559,2 - Escolher Voo,200,OK,Teste de Carga - 250 usuarios 1-171,text,true,,7381,250,250,250,https://www.blazedemo.com/reserve.php,539,0,0
1774386530672,449,3 - Comprar Passagem,200,OK,Teste de Carga - 250 usuarios 1-221,text,true,,6719,420,250,250,https://www.blazedemo.com/purchase.php,437,0,0
1774386529799,1324,2 - Escolher Voo,200,OK,Teste de Carga - 250 usuarios 1-94,text,true,,7381,250,250,250,https://www.blazedemo.com/reserve.php,1305,0,0
1774386530606,535,1 - Acessar Home,200,OK,Teste de Carga - 250 usuarios 1-196,text,true,,4757,120,250,250,https://www.blazedemo.com/,524,0,0
1774386530809,340,3 - Comprar Passagem,200,OK,Teste de Carga - 250 usuarios 1-195,text,true,,6719,420,250,250,https://www.blazedemo.com/purchase.php,323,0,0
1774386530839,311,1 - Acessar Home,200,OK,Teste de Carga - 250 usuarios 1-27,text,true,,4757,120,250,250,https://www.blazedemo.com/,299,0,0
1774386528667,2486,1 - Acessar Home,200,OK,Teste de Carga - 250 usuarios 1-174,text,true,,4757,120,250,250,https://www.blazedemo.com/,2475,0,0
1774386530891,263,2 - Escolher Voo,200,OK,Teste de Carga - 250 usuarios 1-219,text,true,,7381,250,250,250,https://www.blazedemo.com/reserve.php,244,0,0
1774386530732,425,2 - Escolher Voo,200,OK,Teste de Carga - 250 usuarios 1-230,text,true,,7381,250,250,250,https://www.blazedemo.com/reserve.php,405,0,0
1774386530642,517,2 - Escolher Voo,200,OK,Teste de Carga - 250 usuarios 1-177,text,true,,7381,250,250,250,https://www.blazedemo.com/reserve.php,497,0,0
1774386530563,601,3 - Comprar Passagem,200,OK,Teste de Carga - 250 usuarios 1-82,text,true,,6719,420,250,250,https://www.blazedemo.com/purchase.php,584,0,0
1774386527789,3376,2 - Escolher Voo,200,OK,Teste de Carga - 250 usuarios 1-49,text,true,,7381,250,250,250,https://www.blazedemo.com/reserve.php,3356,0,0
1774386526441,4724,1 - Acessar Home,200,OK,Teste de Carga - 250 usuarios 1-237,text,true,,4757,120,250,250,https://www.blazedemo.com/,4712,0,0
1774386530448,728,2 - Escolher Voo,200,OK,Teste de Carga - 250 usuarios 1-166,text,true,,7381,250,250,250,https://www.blazedemo.com/reserve.php,708,0,0
1774386530790,389,3 - Comprar Passagem,200,OK,Teste de Carga - 250 usuarios 1-207,text,true,,6719,420,250,250,https://www.blazedemo.com/purchase.php,376,0,0
1774386530804,382,2 - Escolher Voo,200,OK,Teste de Carga - 250 usuarios 1-192,text,true,,7381,250,250,250,https://www.blazedemo.com/reserve.php,361,0,0
1774386530855,342,2 - Escolher Voo,200,OK,Teste de Carga - 250 usuarios 1-202,text,true,,7381,250,250,250,https://www.blazedemo.com/reserve.php,321,0,0
1774386530442,754,3 - Comprar Passagem,200,OK,Teste de Carga - 250 usuarios 1-242,text,true,,6719,420,250,250,https://www.blazedemo.com/purchase.php,737,0,0
1774386530815,388,2 - Escolher Voo,200,OK,Teste de Carga - 250 usuarios 1-109,text,true,,7381,250,250,250,https://www.blazedemo.com/reserve.php,368,0,0
1774386529644,1562,1 - Acessar Home,200,OK,Teste de Carga - 250 usuarios 1-144,text,true,,4757,120,250,250,https://www.blazedemo.com/,1550,0,0
1774386530831,376,3 - Comprar Passagem,200,OK,Teste de Carga - 250 usuarios 1-154,text,true,,6719,420,250,250,https://www.blazedemo.com/purchase.php,364,0,0
1774386530598,612,3 - Comprar Passagem,200,OK,Teste de Carga - 250 usuarios 1-183,text,true,,6719,420,250,250,https://www.blazedemo.com/purchase.php,601,0,0
1774386529978,1231,3 - Comprar Passagem,200,OK,Teste de Carga - 250 usuarios 1-175,text,true,,6719,420,250,250,https://www.blazedemo.com/purchase.php,1219,0,0
1774386530926,296,1 - Acessar Home,200,OK,Teste de Carga - 250 usuarios 1-214,text,true,,4757,120,250,250,https://www.blazedemo.com/,284,0,0
1774386530875,352,2 - Escolher Voo,200,OK,Teste de Carga - 250 usuarios 1-48,text,true,,7381,250,250,250,https://www.blazedemo.com/reserve.php,332,0,0
1774386530613,617,1 - Acessar Home,200,OK,Teste de Carga - 250 usuarios 1-181,text,true,,4757,120,250,250,https://www.blazedemo.com/,606,0,0
1774386530521,709,3 - Comprar Passagem,200,OK,Teste de Carga - 250 usuarios 1-34,text,true,,6719,420,250,250,https://www.blazedemo.com/purchase.php,697,0,0
1774386528299,2930,1 - Acessar Home,200,OK,Teste de Carga - 250 usuarios 1-141,text,true,,4757,120,250,250,https://www.blazedemo.com/,2921,0,0
1774386527788,3444,1 - Acessar Home,200,OK,Teste de Carga - 250 usuarios 1-12,text,true,,4757,120,250,250,https://www.blazedemo.com/,3434,0,0
1774386530527,707,2 - Escolher Voo,200,OK,Teste de Carga - 250 usuarios 1-151,text,true,,7381,250,250,250,https://www.blazedemo.com/reserve.php,687,0,0
1774386530969,273,3 - Comprar Passagem,200,OK,Teste de Carga - 250 usuarios 1-220,text,true,,6719,420,250,250,https://www.blazedemo.com/purchase.php,260,0,0
1774386530542,706,3 - Comprar Passagem,200,OK,Teste de Carga - 250 usuarios 1-20,text,true,,6719,420,250,250,https://www.blazedemo.com/purchase.php,694,0,0
1774386530455,792,3 - Comprar Passagem,200,OK,Teste de Carga - 250 usuarios 1-157,text,true,,6719,420,250,250,https://www.blazedemo.com/purchase.php,780,0,0
1774386530831,422,3 - Comprar Passagem,200,OK,Teste de Carga - 250 usuarios 1-223,text,true,,6719,420,250,250,https://www.blazedemo.com/purchase.php,409,0,0
1774386530668,592,2 - Escolher Voo,200,OK,Teste de Carga - 250 usuarios 1-21,text,true,,7381,250,250,250,https://www.blazedemo.com/reserve.php,572,0,0
1774386530928,335,2 - Escolher Voo,200,OK,Teste de Carga - 250 usuarios 1-78,text,true,,7381,250,250,250,https://www.blazedemo.com/reserve.php,320,0,0
1774386530916,357,1 - Acessar Home,200,OK,Teste de Carga - 250 usuarios 1-142,text,true,,4757,120,250,250,https://www.blazedemo.com/,346,0,0
1774386530615,661,2 - Escolher Voo,200,OK,Teste de Carga - 250 usuarios 1-50,text,true,,7381,250,250,250,https://www.blazedemo.com/reserve.php,641,0,0
1774386526570,4711,3 - Comprar Passagem,200,OK,Teste de Carga - 250 usuarios 1-106,text,true,,6719,420,250,250,https://www.blazedemo.com/purchase.php,4702,0,0
1774386530829,455,2 - Escolher Voo,200,OK,Teste de Carga - 250 usuarios 1-127,text,true,,7381,250,250,250,https://www.blazedemo.com/reserve.php,436,0,0
1774386530832,453,3 - Comprar Passagem,200,OK,Teste de Carga - 250 usuarios 1-39,text,true,,6719,420,250,250,https://www.blazedemo.com/purchase.php,441,0,0
1774386530598,689,3 - Comprar Passagem,200,OK,Teste de Carga - 250 usuarios 1-84,text,true,,6719,420,250,250,https://www.blazedemo.com/purchase.php,677,0,0
1774386528703,2584,1 - Acessar Home,200,OK,Teste de Carga - 250 usuarios 1-129,text,true,,4757,120,250,250,https://www.blazedemo.com/,2572,0,0
1774386530622,676,2 - Escolher Voo,200,OK,Teste de Carga - 250 usuarios 1-97,text,true,,7381,250,250,250,https://www.blazedemo.com/reserve.php,655,0,0
1774386530573,729,1 - Acessar Home,200,OK,Teste de Carga - 250 usuarios 1-33,text,true,,4757,120,250,250,https://www.blazedemo.com/,717,0,0
1774386530189,1113,3 - Comprar Passagem,200,OK,Teste de Carga - 250 usuarios 1-159,text,true,,6719,420,250,250,https://www.blazedemo.com/purchase.php,1101,0,0
1774386527864,3452,1 - Acessar Home,200,OK,Teste de Carga - 250 usuarios 1-16,text,true,,4757,120,250,250,https://www.blazedemo.com/,3441,0,0
1774386530660,661,3 - Comprar Passagem,200,OK,Teste de Carga - 250 usuarios 1-6,text,true,,6719,420,250,250,https://www.blazedemo.com/purchase.php,649,0,0
1774386530962,364,3 - Comprar Passagem,200,OK,Teste de Carga - 250 usuarios 1-52,text,true,,6719,420,250,250,https://www.blazedemo.com/purchase.php,353,0,0
1774386531063,264,1 - Acessar Home,200,OK,Teste de Carga - 250 usuarios 1-8,text,true,,4757,120,250,250,https://www.blazedemo.com/,253,0,0
1774386529890,1439,3 - Comprar Passagem,200,OK,Teste de Carga - 250 usuarios 1-85,text,true,,6719,420,250,250,https://www.blazedemo.com/purchase.php,1426,0,0
1774386530941,394,3 - Comprar Passagem,200,OK,Teste de Carga - 250 usuarios 1-44,text,true,,6719,420,250,250,https://www.blazedemo.com/purchase.php,382,0,0
1774386530641,697,1 - Acessar Home,200,OK,Teste de Carga - 250 usuarios 1-180,text,true,,4757,120,250,250,https://www.blazedemo.com/,685,0,0
1774386530695,650,1 - Acessar Home,200,OK,Teste de Carga - 250 usuarios 1-56,text,true,,4757,120,250,250,https://www.blazedemo.com/,637,0,0
1774386530610,740,2 - Escolher Voo,200,OK,Teste de Carga - 250 usuarios 1-72,text,true,,7381,250,250,250,https://www.blazedemo.com/reserve.php,720,0,0
1774386528364,2985,1 - Acessar Home,200,OK,Teste de Carga - 250 usuarios 1-98,text,true,,4757,120,250,250,https://www.blazedemo.com/,2975,0,0
1774386530680,674,2 - Escolher Voo,200,OK,Teste de Carga - 250 usuarios 1-19,text,true,,7381,250,250,250,https://www.blazedemo.com/reserve.php,658,0,0
1774386530864,490,2 - Escolher Voo,200,OK,Teste de Carga - 250 usuarios 1-92,text,true,,7381,250,250,250,https://www.blazedemo.com/reserve.php,470,0,0
1774386530304,1052,1 - Acessar Home,200,OK,Teste de Carga - 250 usuarios 1-172,text,true,,4757,120,250,250,https://www.blazedemo.com/,1042,0,0
1774386530947,428,2 - Escolher Voo,200,OK,Teste de Carga - 250 usuarios 1-184,text,true,,7381,250,250,250,https://www.blazedemo.com/reserve.php,409,0,0
1774386531036,341,3 - Comprar Passagem,200,OK,Teste de Carga - 250 usuarios 1-110,text,true,,6719,420,250,250,https://www.blazedemo.com/purchase.php,329,0,0
1774386528427,2949,2 - Escolher Voo,200,OK,Teste de Carga - 250 usuarios 1-149,text,true,,7381,250,250,250,https://www.blazedemo.com/reserve.php,2929,0,0
1774386530986,392,2 - Escolher Voo,200,OK,Teste de Carga - 250 usuarios 1-199,text,true,,7381,250,250,250,https://www.blazedemo.com/reserve.php,372,0,0
1774386530739,640,3 - Comprar Passagem,200,OK,Teste de Carga - 250 usuarios 1-130,text,true,,6719,420,250,250,https://www.blazedemo.com/purchase.php,628,0,0
1774386530634,750,3 - Comprar Passagem,200,OK,Teste de Carga - 250 usuarios 1-162,text,true,,6719,420,250,250,https://www.blazedemo.com/purchase.php,737,0,0
1774386531141,252,2 - Escolher Voo,200,OK,Teste de Carga - 250 usuarios 1-196,text,true,,7381,250,250,250,https://www.blazedemo.com/reserve.php,232,0,0
1774386530360,1032,1 - Acessar Home,200,OK,Teste de Carga - 250 usuarios 1-76,text,true,,4757,120,250,250,https://www.blazedemo.com/,1026,0,0
1774386527941,3466,2 - Escolher Voo,200,OK,Teste de Carga - 250 usuarios 1-232,text,true,,7381,250,250,250,https://www.blazedemo.com/reserve.php,3449,0,0
1774386530946,462,3 - Comprar Passagem,200,OK,Teste de Carga - 250 usuarios 1-102,text,true,,6719,420,250,250,https://www.blazedemo.com/purchase.php,447,0,0
1774386531124,288,3 - Comprar Passagem,200,OK,Teste de Carga - 250 usuarios 1-94,text,true,,6719,420,250,250,https://www.blazedemo.com/purchase.php,276,0,0
1774386531116,301,3 - Comprar Passagem,200,OK,Teste de Carga - 250 usuarios 1-173,text,true,,6719,420,250,250,https://www.blazedemo.com/purchase.php,289,0,0
1774386531164,256,1 - Acessar Home,200,OK,Teste de Carga - 250 usuarios 1-82,text,true,,4757,120,250,250,https://www.blazedemo.com/,242,0,0
1774386530828,594,2 - Escolher Voo,200,OK,Teste de Carga - 250 usuarios 1-42,text,true,,7381,250,250,250,https://www.blazedemo.com/reserve.php,574,0,0
1774386530875,557,3 - Comprar Passagem,200,OK,Teste de Carga - 250 usuarios 1-115,text,true,,6719,420,250,250,https://www.blazedemo.com/purchase.php,546,0,0
1774386530692,741,1 - Acessar Home,200,OK,Teste de Carga - 250 usuarios 1-105,text,true,,4757,120,250,250,https://www.blazedemo.com/,729,0,0
1774386530715,723,3 - Comprar Passagem,200,OK,Teste de Carga - 250 usuarios 1-79,text,true,,6719,420,250,250,https://www.blazedemo.com/purchase.php,711,0,0
1774386530652,787,2 - Escolher Voo,200,OK,Teste de Carga - 250 usuarios 1-25,text,true,,7381,250,250,250,https://www.blazedemo.com/reserve.php,770,0,0
1774386531011,429,1 - Acessar Home,200,OK,Teste de Carga - 250 usuarios 1-170,text,true,,4757,120,250,250,https://www.blazedemo.com/,418,0,0
1774386530007,1434,1 - Acessar Home,200,OK,Teste de Carga - 250 usuarios 1-178,text,true,,4757,120,250,250,https://www.blazedemo.com/,1423,0,0
1774386530715,728,2 - Escolher Voo,200,OK,Teste de Carga - 250 usuarios 1-62,text,true,,7381,250,250,250,https://www.blazedemo.com/reserve.php,707,0,0
1774386530513,939,1 - Acessar Home,200,OK,Teste de Carga - 250 usuarios 1-140,text,true,,4757,120,250,250,https://www.blazedemo.com/,926,0,0
1774386531233,234,2 - Escolher Voo,200,OK,Teste de Carga - 250 usuarios 1-12,text,true,,7381,250,250,250,https://www.blazedemo.com/reserve.php,213,0,0
1774386530616,855,3 - Comprar Passagem,200,OK,Teste de Carga - 250 usuarios 1-104,text,true,,6719,420,250,250,https://www.blazedemo.com/purchase.php,840,0,0
1774386531094,378,2 - Escolher Voo,200,OK,Teste de Carga - 250 usuarios 1-36,text,true,,7381,250,250,250,https://www.blazedemo.com/reserve.php,359,0,0
1774386530825,649,2 - Escolher Voo,200,OK,Teste de Carga - 250 usuarios 1-218,text,true,,7381,250,250,250,https://www.blazedemo.com/reserve.php,629,0,0
1774386530696,779,1 - Acessar Home,200,OK,Teste de Carga - 250 usuarios 1-246,text,true,,4757,120,250,250,https://www.blazedemo.com/,767,0,0
1774386531055,423,3 - Comprar Passagem,200,OK,Teste de Carga - 250 usuarios 1-4,text,true,,6719,420,250,250,https://www.blazedemo.com/purchase.php,405,0,0
1774386530989,492,1 - Acessar Home,200,OK,Teste de Carga - 250 usuarios 1-209,text,true,,4757,120,250,250,https://www.blazedemo.com/,480,0,0
1774386528646,2838,3 - Comprar Passagem,200,OK,Teste de Carga - 250 usuarios 1-65,text,true,,6719,420,250,250,https://www.blazedemo.com/purchase.php,2824,0,0
1774386530712,774,2 - Escolher Voo,200,OK,Teste de Carga - 250 usuarios 1-143,text,true,,7381,250,250,250,https://www.blazedemo.com/reserve.php,755,0,0
1774386531166,322,2 - Escolher Voo,200,OK,Teste de Carga - 250 usuarios 1-237,text,true,,7381,250,250,250,https://www.blazedemo.com/reserve.php,302,0,0
1774386530786,707,1 - Acessar Home,200,OK,Teste de Carga - 250 usuarios 1-229,text,true,,4757,120,250,250,https://www.blazedemo.com/,695,0,0
1774386528730,2765,2 - Escolher Voo,200,OK,Teste de Carga - 250 usuarios 1-135,text,true,,7381,250,250,250,https://www.blazedemo.com/reserve.php,2744,0,0
1774386531154,350,3 - Comprar Passagem,200,OK,Teste de Carga - 250 usuarios 1-219,text,true,,6719,420,250,250,https://www.blazedemo.com/purchase.php,338,0,0
1774386531157,354,3 - Comprar Passagem,200,OK,Teste de Carga - 250 usuarios 1-230,text,true,,6719,420,250,250,https://www.blazedemo.com/purchase.php,342,0,0
1774386530835,681,2 - Escolher Voo,200,OK,Teste de Carga - 250 usuarios 1-131,text,true,,7381,250,250,250,https://www.blazedemo.com/reserve.php,659,0,0
1774386531261,256,3 - Comprar Passagem,200,OK,Teste de Carga - 250 usuarios 1-21,text,true,,6719,420,250,250,https://www.blazedemo.com/purchase.php,245,0,0
1774386531248,271,1 - Acessar Home,200,OK,Teste de Carga - 250 usuarios 1-20,text,true,,4757,120,250,250,https://www.blazedemo.com/,258,0,0
1774386531149,378,1 - Acessar Home,200,OK,Teste de Carga - 250 usuarios 1-195,text,true,,4757,120,250,250,https://www.blazedemo.com/,366,0,0
1774386530804,724,1 - Acessar Home,200,OK,Teste de Carga - 250 usuarios 1-152,text,true,,4757,120,250,250,https://www.blazedemo.com/,713,0,0
1774386531242,296,1 - Acessar Home,200,OK,Teste de Carga - 250 usuarios 1-220,text,true,,4757,120,250,250,https://www.blazedemo.com/,284,0,0
1774386530685,862,2 - Escolher Voo,200,OK,Teste de Carga - 250 usuarios 1-11,text,true,,7381,250,250,250,https://www.blazedemo.com/reserve.php,842,0,0
1774386530046,1501,2 - Escolher Voo,200,OK,Teste de Carga - 250 usuarios 1-24,text,true,,7381,250,250,250,https://www.blazedemo.com/reserve.php,1481,0,0
1774386531033,518,1 - Acessar Home,200,OK,Teste de Carga - 250 usuarios 1-96,text,true,,4757,120,250,250,https://www.blazedemo.com/,506,0,0
1774386530615,943,1 - Acessar Home,200,OK,Teste de Carga - 250 usuarios 1-47,text,true,,4757,120,250,250,https://www.blazedemo.com/,931,0,0
1774386531197,362,1 - Acessar Home,200,OK,Teste de Carga - 250 usuarios 1-242,text,true,,4757,120,250,250,https://www.blazedemo.com/,350,0,0
1774386530930,636,3 - Comprar Passagem,200,OK,Teste de Carga - 250 usuarios 1-88,text,true,,6719,420,250,250,https://www.blazedemo.com/purchase.php,624,0,0
1774386530617,950,3 - Comprar Passagem,200,OK,Teste de Carga - 250 usuarios 1-179,text,true,,6719,420,250,250,https://www.blazedemo.com/purchase.php,938,0,0
1774386531154,417,2 - Escolher Voo,200,OK,Teste de Carga - 250 usuarios 1-174,text,true,,7381,250,250,250,https://www.blazedemo.com/reserve.php,396,0,0
1774386530796,781,2 - Escolher Voo,200,OK,Teste de Carga - 250 usuarios 1-164,text,true,,7381,250,250,250,https://www.blazedemo.com/reserve.php,761,0,0
1774386531287,292,1 - Acessar Home,200,OK,Teste de Carga - 250 usuarios 1-84,text,true,,4757,120,250,250,https://www.blazedemo.com/,280,0,0
1774386528273,3307,2 - Escolher Voo,200,OK,Teste de Carga - 250 usuarios 1-2,text,true,,7381,250,250,250,https://www.blazedemo.com/reserve.php,3290,0,0
1774386531328,257,2 - Escolher Voo,200,OK,Teste de Carga - 250 usuarios 1-8,text,true,,7381,250,250,250,https://www.blazedemo.com/reserve.php,237,0,0
1774386531326,260,1 - Acessar Home,200,OK,Teste de Carga - 250 usuarios 1-52,text,true,,4757,120,250,250,https://www.blazedemo.com/,249,0,0
1774386526611,4976,1 - Acessar Home,200,OK,Teste de Carga - 250 usuarios 1-153,text,true,,4757,120,250,250,https://www.blazedemo.com/,4964,0,0
1774386531075,513,1 - Acessar Home,200,OK,Teste de Carga - 250 usuarios 1-37,text,true,,4757,120,250,250,https://www.blazedemo.com/,500,0,0
1774386528825,2762,3 - Comprar Passagem,200,OK,Teste de Carga - 250 usuarios 1-107,text,true,,6719,420,250,250,https://www.blazedemo.com/purchase.php,2751,0,0
1774386530836,756,3 - Comprar Passagem,200,OK,Teste de Carga - 250 usuarios 1-57,text,true,,6719,420,250,250,https://www.blazedemo.com/purchase.php,744,0,0
1774386531197,399,3 - Comprar Passagem,200,OK,Teste de Carga - 250 usuarios 1-202,text,true,,6719,420,250,250,https://www.blazedemo.com/purchase.php,387,0,0
1774386530909,688,3 - Comprar Passagem,200,OK,Teste de Carga - 250 usuarios 1-113,text,true,,6719,420,250,250,https://www.blazedemo.com/purchase.php,675,0,0
1774386529100,2497,3 - Comprar Passagem,200,OK,Teste de Carga - 250 usuarios 1-54,text,true,,6719,420,250,250,https://www.blazedemo.com/purchase.php,2484,0,0
1774386531014,589,1 - Acessar Home,200,OK,Teste de Carga - 250 usuarios 1-41,text,true,,4757,120,250,250,https://www.blazedemo.com/,578,0,0
1774386530967,637,2 - Escolher Voo,200,OK,Teste de Carga - 250 usuarios 1-90,text,true,,7381,250,250,250,https://www.blazedemo.com/reserve.php,622,0,0
1774386530819,801,3 - Comprar Passagem,200,OK,Teste de Carga - 250 usuarios 1-163,text,true,,6719,420,250,250,https://www.blazedemo.com/purchase.php,783,0,0
1774386531345,280,2 - Escolher Voo,200,OK,Teste de Carga - 250 usuarios 1-56,text,true,,7381,250,250,250,https://www.blazedemo.com/reserve.php,263,0,0
1774386531186,443,3 - Comprar Passagem,200,OK,Teste de Carga - 250 usuarios 1-192,text,true,,6719,420,250,250,https://www.blazedemo.com/purchase.php,431,0,0
1774386531384,247,1 - Acessar Home,200,OK,Teste de Carga - 250 usuarios 1-162,text,true,,4757,120,250,250,https://www.blazedemo.com/,235,0,0
1774386530060,1574,2 - Escolher Voo,200,OK,Teste de Carga - 250 usuarios 1-121,text,true,,7381,250,250,250,https://www.blazedemo.com/reserve.php,1550,0,0
1774386530802,838,3 - Comprar Passagem,200,OK,Teste de Carga - 250 usuarios 1-217,text,true,,6719,420,250,250,https://www.blazedemo.com/purchase.php,825,0,0
1774386530859,792,1 - Acessar Home,200,OK,Teste de Carga - 250 usuarios 1-75,text,true,,4757,120,250,250,https://www.blazedemo.com/,782,0,0
1774386531222,431,2 - Escolher Voo,200,OK,Teste de Carga - 250 usuarios 1-214,text,true,,7381,250,250,250,https://www.blazedemo.com/reserve.php,415,0,0
1774386530934,721,3 - Comprar Passagem,200,OK,Teste de Carga - 250 usuarios 1-14,text,true,,6719,420,250,250,https://www.blazedemo.com/purchase.php,709,0,0
1774386530888,767,1 - Acessar Home,200,OK,Teste de Carga - 250 usuarios 1-222,text,true,,4757,120,250,250,https://www.blazedemo.com/,755,0,0
1774386531210,446,1 - Acessar Home,200,OK,Teste de Carga - 250 usuarios 1-183,text,true,,4757,120,250,250,https://www.blazedemo.com/,433,0,0
1774386531071,590,3 - Comprar Passagem,200,OK,Teste de Carga - 250 usuarios 1-244,text,true,,6719,420,250,250,https://www.blazedemo.com/purchase.php,578,0,0
1774386531408,257,3 - Comprar Passagem,200,OK,Teste de Carga - 250 usuarios 1-232,text,true,,6719,420,250,250,https://www.blazedemo.com/purchase.php,240,0,0
1774386528512,3155,2 - Escolher Voo,200,OK,Teste de Carga - 250 usuarios 1-125,text,true,,7381,250,250,250,https://www.blazedemo.com/reserve.php,3134,0,0
1774386531179,489,1 - Acessar Home,200,OK,Teste de Carga - 250 usuarios 1-207,text,true,,4757,120,250,250,https://www.blazedemo.com/,479,0,0
1774386531234,440,3 - Comprar Passagem,200,OK,Teste de Carga - 250 usuarios 1-151,text,true,,6719,420,250,250,https://www.blazedemo.com/purchase.php,424,0,0
1774386531422,255,3 - Comprar Passagem,200,OK,Teste de Carga - 250 usuarios 1-42,text,true,,6719,420,250,250,https://www.blazedemo.com/purchase.php,243,0,0
1774386526649,5035,1 - Acessar Home,200,OK,Teste de Carga - 250 usuarios 1-119,text,true,,4757,120,250,250,https://www.blazedemo.com/,5023,0,0
1774386531354,331,3 - Comprar Passagem,200,OK,Teste de Carga - 250 usuarios 1-92,text,true,,6719,420,250,250,https://www.blazedemo.com/purchase.php,318,0,0
1774386531093,596,1 - Acessar Home,200,OK,Teste de Carga - 250 usuarios 1-190,text,true,,4757,120,250,250,https://www.blazedemo.com/,584,0,0
1774386531001,691,1 - Acessar Home,200,OK,Teste de Carga - 250 usuarios 1-29,text,true,,4757,120,250,250,https://www.blazedemo.com/,680,0,0
1774386531302,413,2 - Escolher Voo,200,OK,Teste de Carga - 250 usuarios 1-33,text,true,,7381,250,250,250,https://www.blazedemo.com/reserve.php,399,0,0
1774386530983,732,3 - Comprar Passagem,200,OK,Teste de Carga - 250 usuarios 1-73,text,true,,6719,420,250,250,https://www.blazedemo.com/purchase.php,721,0,0
1774386531288,433,2 - Escolher Voo,200,OK,Teste de Carga - 250 usuarios 1-129,text,true,,7381,250,250,250,https://www.blazedemo.com/reserve.php,413,0,0
1774386528878,2843,2 - Escolher Voo,200,OK,Teste de Carga - 250 usuarios 1-63,text,true,,7381,250,250,250,https://www.blazedemo.com/reserve.php,2823,0,0
1774386531079,647,2 - Escolher Voo,200,OK,Teste de Carga - 250 usuarios 1-126,text,true,,7381,250,250,250,https://www.blazedemo.com/reserve.php,627,0,0
1774386530853,875,2 - Escolher Voo,200,OK,Teste de Carga - 250 usuarios 1-7,text,true,,7381,250,250,250,https://www.blazedemo.com/reserve.php,855,0,0
1774386531377,353,1 - Acessar Home,200,OK,Teste de Carga - 250 usuarios 1-110,text,true,,4757,120,250,250,https://www.blazedemo.com/,341,0,0
1774386531116,617,3 - Comprar Passagem,200,OK,Teste de Carga - 250 usuarios 1-171,text,true,,6719,420,250,250,https://www.blazedemo.com/purchase.php,606,0,0
1774386531375,362,3 - Comprar Passagem,200,OK,Teste de Carga - 250 usuarios 1-184,text,true,,6719,420,250,250,https://www.blazedemo.com/purchase.php,351,0,0
1774386528517,3223,1 - Acessar Home,200,OK,Teste de Carga - 250 usuarios 1-198,text,true,,4757,120,250,250,https://www.blazedemo.com/,3211,0,0
1774386530993,756,1 - Acessar Home,200,OK,Teste de Carga - 250 usuarios 1-188,text,true,,4757,120,250,250,https://www.blazedemo.com/,745,0,0
1774386531298,457,3 - Comprar Passagem,200,OK,Teste de Carga - 250 usuarios 1-97,text,true,,6719,420,250,250,https://www.blazedemo.com/purchase.php,444,0,0
1774386531253,504,1 - Acessar Home,200,OK,Teste de Carga - 250 usuarios 1-223,text,true,,4757,120,250,250,https://www.blazedemo.com/,492,0,0
1774386530988,770,2 - Escolher Voo,200,OK,Teste de Carga - 250 usuarios 1-23,text,true,,7381,250,250,250,https://www.blazedemo.com/reserve.php,753,0,0
1774386531518,256,1 - Acessar Home,200,OK,Teste de Carga - 250 usuarios 1-21,text,true,,4757,120,250,250,https://www.blazedemo.com/,243,0,0
1774386531488,293,3 - Comprar Passagem,200,OK,Teste de Carga - 250 usuarios 1-237,text,true,,6719,420,250,250,https://www.blazedemo.com/purchase.php,277,0,0
1774386531112,670,2 - Escolher Voo,200,OK,Teste de Carga - 250 usuarios 1-158,text,true,,7381,250,250,250,https://www.blazedemo.com/reserve.php,649,0,0
1774386530873,913,1 - Acessar Home,200,OK,Teste de Carga - 250 usuarios 1-70,text,true,,4757,120,250,250,https://www.blazedemo.com/,901,0,0
1774386531421,366,2 - Escolher Voo,200,OK,Teste de Carga - 250 usuarios 1-82,text,true,,7381,250,250,250,https://www.blazedemo.com/reserve.php,349,0,0
1774386531054,733,3 - Comprar Passagem,200,OK,Teste de Carga - 250 usuarios 1-227,text,true,,6719,420,250,250,https://www.blazedemo.com/purchase.php,722,0,0
1774386531408,381,1 - Acessar Home,200,OK,Teste de Carga - 250 usuarios 1-102,text,true,,4757,120,250,250,https://www.blazedemo.com/,368,0,0
1774386531097,694,3 - Comprar Passagem,200,OK,Teste de Carga - 250 usuarios 1-212,text,true,,6719,420,250,250,https://www.blazedemo.com/purchase.php,682,0,0
1774386529375,2430,1 - Acessar Home,200,OK,Teste de Carga - 250 usuarios 1-103,text,true,,4757,120,250,250,https://www.blazedemo.com/,2417,0,0
1774386528995,2810,3 - Comprar Passagem,200,OK,Teste de Carga - 250 usuarios 1-201,text,true,,6719,420,250,250,https://www.blazedemo.com/purchase.php,2799,0,0
1774386531104,706,1 - Acessar Home,200,OK,Teste de Carga - 250 usuarios 1-200,text,true,,4757,120,250,250,https://www.blazedemo.com/,694,0,0
1774386531336,479,1 - Acessar Home,200,OK,Teste de Carga - 250 usuarios 1-44,text,true,,4757,120,250,250,https://www.blazedemo.com/,467,0,0
1774386531011,810,1 - Acessar Home,200,OK,Teste de Carga - 250 usuarios 1-138,text,true,,4757,120,250,250,https://www.blazedemo.com/,798,0,0
1774386531032,796,2 - Escolher Voo,200,OK,Teste de Carga - 250 usuarios 1-91,text,true,,7381,250,250,250,https://www.blazedemo.com/reserve.php,776,0,0
1774386531527,301,2 - Escolher Voo,200,OK,Teste de Carga - 250 usuarios 1-195,text,true,,7381,250,250,250,https://www.blazedemo.com/reserve.php,281,0,0
1774386531485,354,1 - Acessar Home,200,OK,Teste de Carga - 250 usuarios 1-65,text,true,,4757,120,250,250,https://www.blazedemo.com/,342,0,0
1774386531592,261,1 - Acessar Home,200,OK,Teste de Carga - 250 usuarios 1-57,text,true,,4757,120,250,250,https://www.blazedemo.com/,250,0,0
1774386531559,299,2 - Escolher Voo,200,OK,Teste de Carga - 250 usuarios 1-242,text,true,,7381,250,250,250,https://www.blazedemo.com/reserve.php,278,0,0
1774386531350,508,3 - Comprar Passagem,200,OK,Teste de Carga - 250 usuarios 1-72,text,true,,6719,420,250,250,https://www.blazedemo.com/purchase.php,496,0,0
1774386531283,577,1 - Acessar Home,200,OK,Teste de Carga - 250 usuarios 1-106,text,true,,4757,120,250,250,https://www.blazedemo.com/,565,0,0
1774386531547,316,3 - Comprar Passagem,200,OK,Teste de Carga - 250 usuarios 1-11,text,true,,6719,420,250,250,https://www.blazedemo.com/purchase.php,304,0,0
1774386531177,687,3 - Comprar Passagem,200,OK,Teste de Carga - 250 usuarios 1-166,text,true,,6719,420,250,250,https://www.blazedemo.com/purchase.php,675,0,0
1774386530941,923,2 - Escolher Voo,200,OK,Teste de Carga - 250 usuarios 1-5,text,true,,7381,250,250,250,https://www.blazedemo.com/reserve.php,903,0,0
1774386530131,1735,2 - Escolher Voo,200,OK,Teste de Carga - 250 usuarios 1-146,text,true,,7381,250,250,250,https://www.blazedemo.com/reserve.php,1714,0,0
1774386526766,5101,1 - Acessar Home,200,OK,Teste de Carga - 250 usuarios 1-165,text,true,,4757,120,250,250,https://www.blazedemo.com/,5089,0,0
1774386531060,815,3 - Comprar Passagem,200,OK,Teste de Carga - 250 usuarios 1-176,text,true,,6719,420,250,250,https://www.blazedemo.com/purchase.php,803,0,0
1774386531588,293,2 - Escolher Voo,200,OK,Teste de Carga - 250 usuarios 1-37,text,true,,7381,250,250,250,https://www.blazedemo.com/reserve.php,273,0,0
1774386531230,662,2 - Escolher Voo,200,OK,Teste de Carga - 250 usuarios 1-181,text,true,,7381,250,250,250,https://www.blazedemo.com/reserve.php,640,0,0
1774386531230,668,2 - Escolher Voo,200,OK,Teste de Carga - 250 usuarios 1-141,text,true,,7381,250,250,250,https://www.blazedemo.com/reserve.php,651,0,0
1774386531635,265,3 - Comprar Passagem,200,OK,Teste de Carga - 250 usuarios 1-121,text,true,,6719,420,250,250,https://www.blazedemo.com/purchase.php,253,0,0
1774386531588,318,2 - Escolher Voo,200,OK,Teste de Carga - 250 usuarios 1-153,text,true,,7381,250,250,250,https://www.blazedemo.com/reserve.php,297,0,0
1774386531516,403,3 - Comprar Passagem,200,OK,Teste de Carga - 250 usuarios 1-131,text,true,,6719,420,250,250,https://www.blazedemo.com/purchase.php,390,0,0
1774386530964,957,1 - Acessar Home,200,OK,Teste de Carga - 250 usuarios 1-30,text,true,,4757,120,250,250,https://www.blazedemo.com/,946,0,0
1774386531603,322,2 - Escolher Voo,200,OK,Teste de Carga - 250 usuarios 1-41,text,true,,7381,250,250,250,https://www.blazedemo.com/reserve.php,301,0,0
1774386531653,274,3 - Comprar Passagem,200,OK,Teste de Carga - 250 usuarios 1-214,text,true,,6719,420,250,250,https://www.blazedemo.com/purchase.php,257,0,0
1774386531079,848,1 - Acessar Home,200,OK,Teste de Carga - 250 usuarios 1-233,text,true,,4757,120,250,250,https://www.blazedemo.com/,837,0,0
1774386531668,261,2 - Escolher Voo,200,OK,Teste de Carga - 250 usuarios 1-207,text,true,,7381,250,250,250,https://www.blazedemo.com/reserve.php,244,0,0
1774386531079,858,3 - Comprar Passagem,200,OK,Teste de Carga - 250 usuarios 1-145,text,true,,6719,420,250,250,https://www.blazedemo.com/purchase.php,846,0,0
1774386531248,698,1 - Acessar Home,200,OK,Teste de Carga - 250 usuarios 1-157,text,true,,4757,120,250,250,https://www.blazedemo.com/,686,0,0
1774386531285,665,1 - Acessar Home,200,OK,Teste de Carga - 250 usuarios 1-39,text,true,,4757,120,250,250,https://www.blazedemo.com/,652,0,0
1774386531567,398,1 - Acessar Home,200,OK,Teste de Carga - 250 usuarios 1-179,text,true,,4757,120,250,250,https://www.blazedemo.com/,386,0,0
1774386531432,533,1 - Acessar Home,200,OK,Teste de Carga - 250 usuarios 1-115,text,true,,4757,120,250,250,https://www.blazedemo.com/,523,0,0
1774386531585,382,3 - Comprar Passagem,200,OK,Teste de Carga - 250 usuarios 1-8,text,true,,6719,420,250,250,https://www.blazedemo.com/purchase.php,370,0,0
1774386531655,312,2 - Escolher Voo,200,OK,Teste de Carga - 250 usuarios 1-222,text,true,,7381,250,250,250,https://www.blazedemo.com/reserve.php,291,0,0
1774386530159,1811,2 - Escolher Voo,200,OK,Teste de Carga - 250 usuarios 1-32,text,true,,7381,250,250,250,https://www.blazedemo.com/reserve.php,1790,0,0
1774386531598,380,1 - Acessar Home,200,OK,Teste de Carga - 250 usuarios 1-54,text,true,,4757,120,250,250,https://www.blazedemo.com/,368,0,0
1774386526835,5144,2 - Escolher Voo,200,OK,Teste de Carga - 250 usuarios 1-213,text,true,,7381,250,250,250,https://www.blazedemo.com/reserve.php,5128,0,0
1774386531440,552,2 - Escolher Voo,200,OK,Teste de Carga - 250 usuarios 1-170,text,true,,7381,250,250,250,https://www.blazedemo.com/reserve.php,533,0,0
1774386531101,892,3 - Comprar Passagem,200,OK,Teste de Carga - 250 usuarios 1-205,text,true,,6719,420,250,250,https://www.blazedemo.com/purchase.php,880,0,0
1774386530997,998,3 - Comprar Passagem,200,OK,Teste de Carga - 250 usuarios 1-203,text,true,,6719,420,250,250,https://www.blazedemo.com/purchase.php,986,0,0
1774386531721,277,3 - Comprar Passagem,200,OK,Teste de Carga - 250 usuarios 1-129,text,true,,6719,420,250,250,https://www.blazedemo.com/purchase.php,261,0,0
1774386531625,376,3 - Comprar Passagem,200,OK,Teste de Carga - 250 usuarios 1-56,text,true,,6719,420,250,250,https://www.blazedemo.com/purchase.php,364,0,0
1774386531264,737,3 - Comprar Passagem,200,OK,Teste de Carga - 250 usuarios 1-78,text,true,,6719,420,250,250,https://www.blazedemo.com/purchase.php,721,0,0
1774386531692,310,2 - Escolher Voo,200,OK,Teste de Carga - 250 usuarios 1-29,text,true,,7381,250,250,250,https://www.blazedemo.com/reserve.php,289,0,0
1774386531354,655,3 - Comprar Passagem,200,OK,Teste de Carga - 250 usuarios 1-19,text,true,,6719,420,250,250,https://www.blazedemo.com/purchase.php,643,0,0
1774386531572,443,3 - Comprar Passagem,200,OK,Teste de Carga - 250 usuarios 1-174,text,true,,6719,420,250,250,https://www.blazedemo.com/purchase.php,431,0,0
1774386531379,637,1 - Acessar Home,200,OK,Teste de Carga - 250 usuarios 1-130,text,true,,4757,120,250,250,https://www.blazedemo.com/,625,0,0
1774386531655,365,1 - Acessar Home,200,OK,Teste de Carga - 250 usuarios 1-14,text,true,,4757,120,250,250,https://www.blazedemo.com/,353,0,0
1774386531304,720,1 - Acessar Home,200,OK,Teste de Carga - 250 usuarios 1-159,text,true,,4757,120,250,250,https://www.blazedemo.com/,708,0,0
1774386531689,338,2 - Escolher Voo,200,OK,Teste de Carga - 250 usuarios 1-190,text,true,,7381,250,250,250,https://www.blazedemo.com/reserve.php,318,0,0
1774386528663,3364,2 - Escolher Voo,200,OK,Teste de Carga - 250 usuarios 1-71,text,true,,7381,250,250,250,https://www.blazedemo.com/reserve.php,3343,0,0
1774386531668,366,3 - Comprar Passagem,200,OK,Teste de Carga - 250 usuarios 1-125,text,true,,6719,420,250,250,https://www.blazedemo.com/purchase.php,354,0,0
1774386529076,2961,3 - Comprar Passagem,200,OK,Teste de Carga - 250 usuarios 1-67,text,true,,6719,420,250,250,https://www.blazedemo.com/purchase.php,2949,0,0
1774386531121,925,1 - Acessar Home,200,OK,Teste de Carga - 250 usuarios 1-221,text,true,,4757,120,250,250,https://www.blazedemo.com/,913,0,0
1774386531749,300,2 - Escolher Voo,200,OK,Teste de Carga - 250 usuarios 1-188,text,true,,7381,250,250,250,https://www.blazedemo.com/reserve.php,279,0,0
1774386531338,718,2 - Escolher Voo,200,OK,Teste de Carga - 250 usuarios 1-180,text,true,,7381,250,250,250,https://www.blazedemo.com/reserve.php,696,0,0
1774386531782,275,3 - Comprar Passagem,200,OK,Teste de Carga - 250 usuarios 1-158,text,true,,6719,420,250,250,https://www.blazedemo.com/purchase.php,263,0,0
1774386531631,430,2 - Escolher Voo,200,OK,Teste de Carga - 250 usuarios 1-162,text,true,,7381,250,250,250,https://www.blazedemo.com/reserve.php,411,0,0
1774386531656,406,2 - Escolher Voo,200,OK,Teste de Carga - 250 usuarios 1-183,text,true,,7381,250,250,250,https://www.blazedemo.com/reserve.php,386,0,0
1774386531757,313,2 - Escolher Voo,200,OK,Teste de Carga - 250 usuarios 1-223,text,true,,7381,250,250,250,https://www.blazedemo.com/reserve.php,293,0,0
1774386531774,301,2 - Escolher Voo,200,OK,Teste de Carga - 250 usuarios 1-21,text,true,,7381,250,250,250,https://www.blazedemo.com/reserve.php,281,0,0
1774386531839,238,2 - Escolher Voo,200,OK,Teste de Carga - 250 usuarios 1-65,text,true,,7381,250,250,250,https://www.blazedemo.com/reserve.php,218,0,0
1774386526843,5242,1 - Acessar Home,200,OK,Teste de Carga - 250 usuarios 1-191,text,true,,4757,120,250,250,https://www.blazedemo.com/,5230,0,0
1774386531733,358,1 - Acessar Home,200,OK,Teste de Carga - 250 usuarios 1-171,text,true,,4757,120,250,250,https://www.blazedemo.com/,346,0,0
1774386531828,265,3 - Comprar Passagem,200,OK,Teste de Carga - 250 usuarios 1-91,text,true,,6719,420,250,250,https://www.blazedemo.com/purchase.php,253,0,0
1774386531558,538,2 - Escolher Voo,200,OK,Teste de Carga - 250 usuarios 1-47,text,true,,7381,250,250,250,https://www.blazedemo.com/reserve.php,518,0,0
1774386531207,890,2 - Escolher Voo,200,OK,Teste de Carga - 250 usuarios 1-144,text,true,,7381,250,250,250,https://www.blazedemo.com/reserve.php,870,0,0
1774386531393,706,2 - Escolher Voo,200,OK,Teste de Carga - 250 usuarios 1-76,text,true,,7381,250,250,250,https://www.blazedemo.com/reserve.php,686,0,0
1774386531579,521,2 - Escolher Voo,200,OK,Teste de Carga - 250 usuarios 1-84,text,true,,7381,250,250,250,https://www.blazedemo.com/reserve.php,501,0,0
1774386531276,844,3 - Comprar Passagem,200,OK,Teste de Carga - 250 usuarios 1-50,text,true,,6719,420,250,250,https://www.blazedemo.com/purchase.php,832,0,0
1774386531828,299,3 - Comprar Passagem,200,OK,Teste de Carga - 250 usuarios 1-195,text,true,,6719,420,250,250,https://www.blazedemo.com/purchase.php,287,0,0
1774386529097,3030,1 - Acessar Home,200,OK,Teste de Carga - 250 usuarios 1-160,text,true,,4757,120,250,250,https://www.blazedemo.com/,3019,0,0
1774386531860,279,2 - Escolher Voo,200,OK,Teste de Carga - 250 usuarios 1-106,text,true,,7381,250,250,250,https://www.blazedemo.com/reserve.php,260,0,0
1774386531781,359,1 - Acessar Home,200,OK,Teste de Carga - 250 usuarios 1-237,text,true,,4757,120,250,250,https://www.blazedemo.com/,347,0,0
1774386528670,3470,1 - Acessar Home,200,OK,Teste de Carga - 250 usuarios 1-17,text,true,,4757,120,250,250,https://www.blazedemo.com/,3459,0,0
1774386531438,705,1 - Acessar Home,200,OK,Teste de Carga - 250 usuarios 1-79,text,true,,4757,120,250,250,https://www.blazedemo.com/,693,0,0
1774386531203,944,3 - Comprar Passagem,200,OK,Teste de Carga - 250 usuarios 1-109,text,true,,6719,420,250,250,https://www.blazedemo.com/purchase.php,932,0,0
1774386531901,246,1 - Acessar Home,200,OK,Teste de Carga - 250 usuarios 1-121,text,true,,4757,120,250,250,https://www.blazedemo.com/,234,0,0
1774386531227,922,3 - Comprar Passagem,200,OK,Teste de Carga - 250 usuarios 1-48,text,true,,6719,420,250,250,https://www.blazedemo.com/purchase.php,911,0,0
1774386531867,285,3 - Comprar Passagem,200,OK,Teste de Carga - 250 usuarios 1-146,text,true,,6719,420,250,250,https://www.blazedemo.com/purchase.php,273,0,0
1774386531433,732,2 - Escolher Voo,200,OK,Teste de Carga - 250 usuarios 1-105,text,true,,7381,250,250,250,https://www.blazedemo.com/reserve.php,715,0,0
1774386531789,378,2 - Escolher Voo,200,OK,Teste de Carga - 250 usuarios 1-102,text,true,,7381,250,250,250,https://www.blazedemo.com/reserve.php,358,0,0
1774386528670,3500,1 - Acessar Home,200,OK,Teste de Carga - 250 usuarios 1-61,text,true,,4757,120,250,250,https://www.blazedemo.com/,3488,0,0
1774386531898,281,3 - Comprar Passagem,200,OK,Teste de Carga - 250 usuarios 1-141,text,true,,6719,420,250,250,https://www.blazedemo.com/purchase.php,268,0,0
1774386531927,258,1 - Acessar Home,200,OK,Teste de Carga - 250 usuarios 1-214,text,true,,4757,120,250,250,https://www.blazedemo.com/,246,0,0
1774386530381,1809,2 - Escolher Voo,200,OK,Teste de Carga - 250 usuarios 1-139,text,true,,7381,250,250,250,https://www.blazedemo.com/reserve.php,1789,0,0
1774386531493,702,2 - Escolher Voo,200,OK,Teste de Carga - 250 usuarios 1-229,text,true,,7381,250,250,250,https://www.blazedemo.com/reserve.php,681,0,0
1774386531921,274,2 - Escolher Voo,200,OK,Teste de Carga - 250 usuarios 1-30,text,true,,7381,250,250,250,https://www.blazedemo.com/reserve.php,254,0,0
1774386531481,714,2 - Escolher Voo,200,OK,Teste de Carga - 250 usuarios 1-209,text,true,,7381,250,250,250,https://www.blazedemo.com/reserve.php,694,0,0
1774386529664,2539,3 - Comprar Passagem,200,OK,Teste de Carga - 250 usuarios 1-120,text,true,,6719,420,250,250,https://www.blazedemo.com/purchase.php,2528,0,0
1774386531925,280,3 - Comprar Passagem,200,OK,Teste de Carga - 250 usuarios 1-41,text,true,,6719,420,250,250,https://www.blazedemo.com/purchase.php,268,0,0
1774386531417,793,1 - Acessar Home,200,OK,Teste de Carga - 250 usuarios 1-173,text,true,,4757,120,250,250,https://www.blazedemo.com/,781,0,0
1774386529128,3084,1 - Acessar Home,200,OK,Teste de Carga - 250 usuarios 1-83,text,true,,4757,120,250,250,https://www.blazedemo.com/,3072,0,0
1774386531322,896,1 - Acessar Home,200,OK,Teste de Carga - 250 usuarios 1-6,text,true,,4757,120,250,250,https://www.blazedemo.com/,884,0,0
1774386531318,907,2 - Escolher Voo,200,OK,Teste de Carga - 250 usuarios 1-16,text,true,,7381,250,250,250,https://www.blazedemo.com/reserve.php,885,0,0
1774386531475,765,2 - Escolher Voo,200,OK,Teste de Carga - 250 usuarios 1-246,text,true,,7381,250,250,250,https://www.blazedemo.com/reserve.php,742,0,0
1774386531472,777,3 - Comprar Passagem,200,OK,Teste de Carga - 250 usuarios 1-36,text,true,,6719,420,250,250,https://www.blazedemo.com/purchase.php,765,0,0
1774386531806,448,2 - Escolher Voo,200,OK,Teste de Carga - 250 usuarios 1-103,text,true,,7381,250,250,250,https://www.blazedemo.com/reserve.php,427,0,0
1774386531377,877,3 - Comprar Passagem,200,OK,Teste de Carga - 250 usuarios 1-149,text,true,,6719,420,250,250,https://www.blazedemo.com/purchase.php,865,0,0
1774386531998,258,1 - Acessar Home,200,OK,Teste de Carga - 250 usuarios 1-129,text,true,,4757,120,250,250,https://www.blazedemo.com/,250,0,0
1774386531946,313,2 - Escolher Voo,200,OK,Teste de Carga - 250 usuarios 1-157,text,true,,7381,250,250,250,https://www.blazedemo.com/reserve.php,294,0,0
1774386531965,294,2 - Escolher Voo,200,OK,Teste de Carga - 250 usuarios 1-179,text,true,,7381,250,250,250,https://www.blazedemo.com/reserve.php,275,0,0
1774386532016,256,2 - Escolher Voo,200,OK,Teste de Carga - 250 usuarios 1-130,text,true,,7381,250,250,250,https://www.blazedemo.com/reserve.php,235,0,0
1774386532028,252,3 - Comprar Passagem,200,OK,Teste de Carga - 250 usuarios 1-71,text,true,,6719,420,250,250,https://www.blazedemo.com/purchase.php,241,0,0
1774386531443,842,3 - Comprar Passagem,200,OK,Teste de Carga - 250 usuarios 1-62,text,true,,6719,420,250,250,https://www.blazedemo.com/purchase.php,829,0,0
1774386532046,240,2 - Escolher Voo,200,OK,Teste de Carga - 250 usuarios 1-221,text,true,,7381,250,250,250,https://www.blazedemo.com/reserve.php,223,0,0
1774386528720,3565,2 - Escolher Voo,200,OK,Teste de Carga - 250 usuarios 1-74,text,true,,7381,250,250,250,https://www.blazedemo.com/reserve.php,3545,0,0
1774386531967,320,3 - Comprar Passagem,200,OK,Teste de Carga - 250 usuarios 1-222,text,true,,6719,420,250,250,https://www.blazedemo.com/purchase.php,308,0,0
1774386531980,308,3 - Comprar Passagem,200,OK,Teste de Carga - 250 usuarios 1-213,text,true,,6719,420,250,250,https://www.blazedemo.com/purchase.php,297,0,0
1774386531972,319,3 - Comprar Passagem,200,OK,Teste de Carga - 250 usuarios 1-32,text,true,,6719,420,250,250,https://www.blazedemo.com/purchase.php,307,0,0
1774386532002,290,3 - Comprar Passagem,200,OK,Teste de Carga - 250 usuarios 1-29,text,true,,6719,420,250,250,https://www.blazedemo.com/purchase.php,273,0,0
1774386532001,291,1 - Acessar Home,200,OK,Teste de Carga - 250 usuarios 1-56,text,true,,4757,120,250,250,https://www.blazedemo.com/,279,0,0
1774386531478,819,1 - Acessar Home,200,OK,Teste de Carga - 250 usuarios 1-4,text,true,,4757,120,250,250,https://www.blazedemo.com/,806,0,0
1774386531566,743,1 - Acessar Home,200,OK,Teste de Carga - 250 usuarios 1-88,text,true,,4757,120,250,250,https://www.blazedemo.com/,732,0,0
1774386531815,497,2 - Escolher Voo,200,OK,Teste de Carga - 250 usuarios 1-44,text,true,,7381,250,250,250,https://www.blazedemo.com/reserve.php,477,0,0
1774386531412,900,1 - Acessar Home,200,OK,Teste de Carga - 250 usuarios 1-94,text,true,,4757,120,250,250,https://www.blazedemo.com/,889,0,0
1774386528699,3616,3 - Comprar Passagem,200,OK,Teste de Carga - 250 usuarios 1-182,text,true,,6719,420,250,250,https://www.blazedemo.com/purchase.php,3599,0,0
1774386532027,292,3 - Comprar Passagem,200,OK,Teste de Carga - 250 usuarios 1-190,text,true,,6719,420,250,250,https://www.blazedemo.com/purchase.php,281,0,0
1774386529729,2596,1 - Acessar Home,200,OK,Teste de Carga - 250 usuarios 1-22,text,true,,4757,120,250,250,https://www.blazedemo.com/,2585,0,0
1774386527061,5277,3 - Comprar Passagem,200,OK,Teste de Carga - 250 usuarios 1-117,text,true,,6719,420,250,250,https://www.blazedemo.com/purchase.php,5264,0,0
1774386531863,476,1 - Acessar Home,200,OK,Teste de Carga - 250 usuarios 1-11,text,true,,4757,120,250,250,https://www.blazedemo.com/,465,0,0
1774386532049,299,3 - Comprar Passagem,200,OK,Teste de Carga - 250 usuarios 1-188,text,true,,6719,420,250,250,https://www.blazedemo.com/purchase.php,288,0,0
1774386529349,3002,3 - Comprar Passagem,200,OK,Teste de Carga - 250 usuarios 1-122,text,true,,6719,420,250,250,https://www.blazedemo.com/purchase.php,2991,0,0
1774386531528,828,2 - Escolher Voo,200,OK,Teste de Carga - 250 usuarios 1-152,text,true,,7381,250,250,250,https://www.blazedemo.com/reserve.php,811,0,0
1774386532001,362,1 - Acessar Home,200,OK,Teste de Carga - 250 usuarios 1-78,text,true,,4757,120,250,250,https://www.blazedemo.com/,350,0,0
1774386531442,928,2 - Escolher Voo,200,OK,Teste de Carga - 250 usuarios 1-178,text,true,,7381,250,250,250,https://www.blazedemo.com/reserve.php,908,0,0
1774386531995,377,1 - Acessar Home,200,OK,Teste de Carga - 250 usuarios 1-203,text,true,,4757,120,250,250,https://www.blazedemo.com/,362,0,0
1774386532097,282,3 - Comprar Passagem,200,OK,Teste de Carga - 250 usuarios 1-144,text,true,,6719,420,250,250,https://www.blazedemo.com/purchase.php,270,0,0
1774386532143,240,2 - Escolher Voo,200,OK,Teste de Carga - 250 usuarios 1-79,text,true,,7381,250,250,250,https://www.blazedemo.com/reserve.php,220,0,0
1774386531597,788,1 - Acessar Home,200,OK,Teste de Carga - 250 usuarios 1-113,text,true,,4757,120,250,250,https://www.blazedemo.com/,776,0,0
1774386528758,3630,2 - Escolher Voo,200,OK,Teste de Carga - 250 usuarios 1-99,text,true,,7381,250,250,250,https://www.blazedemo.com/reserve.php,3609,0,0
1774386531487,902,3 - Comprar Passagem,200,OK,Teste de Carga - 250 usuarios 1-143,text,true,,6719,420,250,250,https://www.blazedemo.com/purchase.php,889,0,0
1774386530483,1907,1 - Acessar Home,200,OK,Teste de Carga - 250 usuarios 1-114,text,true,,4757,120,250,250,https://www.blazedemo.com/,1895,0,0
1774386532075,315,3 - Comprar Passagem,200,OK,Teste de Carga - 250 usuarios 1-21,text,true,,6719,420,250,250,https://www.blazedemo.com/purchase.php,303,0,0
1774386532093,301,1 - Acessar Home,200,OK,Teste de Carga - 250 usuarios 1-91,text,true,,4757,120,250,250,https://www.blazedemo.com/,286,0,0
1774386531726,668,3 - Comprar Passagem,200,OK,Teste de Carga - 250 usuarios 1-126,text,true,,6719,420,250,250,https://www.blazedemo.com/purchase.php,651,0,0
1774386531586,811,2 - Escolher Voo,200,OK,Teste de Carga - 250 usuarios 1-52,text,true,,7381,250,250,250,https://www.blazedemo.com/reserve.php,790,0,0
1774386532056,344,3 - Comprar Passagem,200,OK,Teste de Carga - 250 usuarios 1-180,text,true,,6719,420,250,250,https://www.blazedemo.com/purchase.php,332,0,0
1774386532127,284,1 - Acessar Home,200,OK,Teste de Carga - 250 usuarios 1-195,text,true,,4757,120,250,250,https://www.blazedemo.com/,272,0,0
1774386532100,322,3 - Comprar Passagem,200,OK,Teste de Carga - 250 usuarios 1-84,text,true,,6719,420,250,250,https://www.blazedemo.com/purchase.php,305,0,0
1774386528801,3620,2 - Escolher Voo,200,OK,Teste de Carga - 250 usuarios 1-38,text,true,,7381,250,250,250,https://www.blazedemo.com/reserve.php,3600,0,0
1774386531551,876,2 - Escolher Voo,200,OK,Teste de Carga - 250 usuarios 1-96,text,true,,7381,250,250,250,https://www.blazedemo.com/reserve.php,855,0,0
1774386532147,281,1 - Acessar Home,200,OK,Teste de Carga - 250 usuarios 1-109,text,true,,4757,120,250,250,https://www.blazedemo.com/,269,0,0
1774386531474,962,3 - Comprar Passagem,200,OK,Teste de Carga - 250 usuarios 1-218,text,true,,6719,420,250,250,https://www.blazedemo.com/purchase.php,950,0,0
1774386532034,404,1 - Acessar Home,200,OK,Teste de Carga - 250 usuarios 1-125,text,true,,4757,120,250,250,https://www.blazedemo.com/,392,0,0
1774386531640,816,1 - Acessar Home,200,OK,Teste de Carga - 250 usuarios 1-217,text,true,,4757,120,250,250,https://www.blazedemo.com/,804,0,0
1774386532191,274,3 - Comprar Passagem,200,OK,Teste de Carga - 250 usuarios 1-139,text,true,,6719,420,250,250,https://www.blazedemo.com/purchase.php,261,0,0
1774386532070,397,3 - Comprar Passagem,200,OK,Teste de Carga - 250 usuarios 1-223,text,true,,6719,420,250,250,https://www.blazedemo.com/purchase.php,384,0,0
1774386532153,314,1 - Acessar Home,200,OK,Teste de Carga - 250 usuarios 1-146,text,true,,4757,120,250,250,https://www.blazedemo.com/,302,0,0
1774386532205,263,1 - Acessar Home,200,OK,Teste de Carga - 250 usuarios 1-41,text,true,,4757,120,250,250,https://www.blazedemo.com/,251,0,0
1774386532195,276,3 - Comprar Passagem,200,OK,Teste de Carga - 250 usuarios 1-30,text,true,,6719,420,250,250,https://www.blazedemo.com/purchase.php,264,0,0
1774386531496,980,3 - Comprar Passagem,200,OK,Teste de Carga - 250 usuarios 1-135,text,true,,6719,420,250,250,https://www.blazedemo.com/purchase.php,963,0,0
1774386531675,802,1 - Acessar Home,200,OK,Teste de Carga - 250 usuarios 1-151,text,true,,4757,120,250,250,https://www.blazedemo.com/,790,0,0
1774386532179,303,1 - Acessar Home,200,OK,Teste de Carga - 250 usuarios 1-141,text,true,,4757,120,250,250,https://www.blazedemo.com/,291,0,0
1774386531677,810,1 - Acessar Home,200,OK,Teste de Carga - 250 usuarios 1-42,text,true,,4757,120,250,250,https://www.blazedemo.com/,793,0,0
1774386532218,270,2 - Escolher Voo,200,OK,Teste de Carga - 250 usuarios 1-6,text,true,,7381,250,250,250,https://www.blazedemo.com/reserve.php,247,0,0
1774386530643,1845,1 - Acessar Home,200,OK,Teste de Carga - 250 usuarios 1-147,text,true,,4757,120,250,250,https://www.blazedemo.com/,1833,0,0
1774386532213,282,2 - Escolher Voo,200,OK,Teste de Carga - 250 usuarios 1-83,text,true,,7381,250,250,250,https://www.blazedemo.com/reserve.php,265,0,0
1774386532171,327,2 - Escolher Voo,200,OK,Teste de Carga - 250 usuarios 1-61,text,true,,7381,250,250,250,https://www.blazedemo.com/reserve.php,307,0,0
1774386531581,926,3 - Comprar Passagem,200,OK,Teste de Carga - 250 usuarios 1-2,text,true,,6719,420,250,250,https://www.blazedemo.com/purchase.php,913,0,0
1774386532099,423,3 - Comprar Passagem,200,OK,Teste de Carga - 250 usuarios 1-76,text,true,,6719,420,250,250,https://www.blazedemo.com/purchase.php,411,0,0
1774386532254,268,1 - Acessar Home,200,OK,Teste de Carga - 250 usuarios 1-149,text,true,,4757,120,250,250,https://www.blazedemo.com/,255,0,0
1774386531787,739,1 - Acessar Home,200,OK,Teste de Carga - 250 usuarios 1-227,text,true,,4757,120,250,250,https://www.blazedemo.com/,727,0,0
1774386531869,661,2 - Escolher Voo,200,OK,Teste de Carga - 250 usuarios 1-165,text,true,,7381,250,250,250,https://www.blazedemo.com/reserve.php,640,0,0
1774386530037,2495,1 - Acessar Home,200,OK,Teste de Carga - 250 usuarios 1-241,text,true,,4757,120,250,250,https://www.blazedemo.com/,2483,0,0
1774386531511,1036,1 - Acessar Home,200,OK,Teste de Carga - 250 usuarios 1-230,text,true,,4757,120,250,250,https://www.blazedemo.com/,1023,0,0
1774386532225,324,3 - Comprar Passagem,200,OK,Teste de Carga - 250 usuarios 1-16,text,true,,6719,420,250,250,https://www.blazedemo.com/purchase.php,312,0,0
1774386531786,763,2 - Escolher Voo,200,OK,Teste de Carga - 250 usuarios 1-70,text,true,,7381,250,250,250,https://www.blazedemo.com/reserve.php,744,0,0
1774386529025,3530,2 - Escolher Voo,200,OK,Teste de Carga - 250 usuarios 1-169,text,true,,7381,250,250,250,https://www.blazedemo.com/reserve.php,3510,0,0
1774386531716,840,1 - Acessar Home,200,OK,Teste de Carga - 250 usuarios 1-73,text,true,,4757,120,250,250,https://www.blazedemo.com/,828,0,0
1774386531864,693,1 - Acessar Home,200,OK,Teste de Carga - 250 usuarios 1-166,text,true,,4757,120,250,250,https://www.blazedemo.com/,681,0,0
1774386532316,241,1 - Acessar Home,200,OK,Teste de Carga - 250 usuarios 1-182,text,true,,4757,120,250,250,https://www.blazedemo.com/,229,0,0
1774386532280,285,1 - Acessar Home,200,OK,Teste de Carga - 250 usuarios 1-71,text,true,,4757,120,250,250,https://www.blazedemo.com/,274,0,0
1774386532195,370,3 - Comprar Passagem,200,OK,Teste de Carga - 250 usuarios 1-229,text,true,,6719,420,250,250,https://www.blazedemo.com/purchase.php,359,0,0
1774386532312,268,3 - Comprar Passagem,200,OK,Teste de Carga - 250 usuarios 1-44,text,true,,6719,420,250,250,https://www.blazedemo.com/purchase.php,255,0,0
1774386532259,323,3 - Comprar Passagem,200,OK,Teste de Carga - 250 usuarios 1-157,text,true,,6719,420,250,250,https://www.blazedemo.com/purchase.php,311,0,0
1774386531604,979,3 - Comprar Passagem,200,OK,Teste de Carga - 250 usuarios 1-90,text,true,,6719,420,250,250,https://www.blazedemo.com/purchase.php,967,0,0
1774386532312,274,2 - Escolher Voo,200,OK,Teste de Carga - 250 usuarios 1-94,text,true,,7381,250,250,250,https://www.blazedemo.com/reserve.php,253,0,0
1774386531651,936,2 - Escolher Voo,200,OK,Teste de Carga - 250 usuarios 1-75,text,true,,7381,250,250,250,https://www.blazedemo.com/reserve.php,915,0,0
1774386527234,5352,1 - Acessar Home,200,OK,Teste de Carga - 250 usuarios 1-215,text,true,,4757,120,250,250,https://www.blazedemo.com/,5339,0,0
1774386527103,5486,3 - Comprar Passagem,200,OK,Teste de Carga - 250 usuarios 1-226,text,true,,6719,420,250,250,https://www.blazedemo.com/purchase.php,5473,0,0
1774386531927,671,2 - Escolher Voo,200,OK,Teste de Carga - 250 usuarios 1-233,text,true,,7381,250,250,250,https://www.blazedemo.com/reserve.php,650,0,0
1774386532285,327,1 - Acessar Home,200,OK,Teste de Carga - 250 usuarios 1-62,text,true,,4757,120,250,250,https://www.blazedemo.com/,315,0,0
1774386532185,438,2 - Escolher Voo,200,OK,Teste de Carga - 250 usuarios 1-214,text,true,,7381,250,250,250,https://www.blazedemo.com/reserve.php,417,0,0
1774386532319,305,1 - Acessar Home,200,OK,Teste de Carga - 250 usuarios 1-190,text,true,,4757,120,250,250,https://www.blazedemo.com/,295,0,0
1774386530105,2521,1 - Acessar Home,200,OK,Teste de Carga - 250 usuarios 1-250,text,true,,4757,120,250,250,https://www.blazedemo.com/,2508,0,0
1774386532327,300,2 - Escolher Voo,200,OK,Teste de Carga - 250 usuarios 1-22,text,true,,7381,250,250,250,https://www.blazedemo.com/reserve.php,279,0,0
1774386532370,259,3 - Comprar Passagem,200,OK,Teste de Carga - 250 usuarios 1-178,text,true,,6719,420,250,250,https://www.blazedemo.com/purchase.php,247,0,0
1774386531892,739,3 - Comprar Passagem,200,OK,Teste de Carga - 250 usuarios 1-181,text,true,,6719,420,250,250,https://www.blazedemo.com/purchase.php,726,0,0
1774386532288,344,1 - Acessar Home,200,OK,Teste de Carga - 250 usuarios 1-213,text,true,,4757,120,250,250,https://www.blazedemo.com/,331,0,0
1774386529426,3210,2 - Escolher Voo,200,OK,Teste de Carga - 250 usuarios 1-111,text,true,,7381,250,250,250,https://www.blazedemo.com/reserve.php,3188,0,0
1774386532352,288,1 - Acessar Home,200,OK,Teste de Carga - 250 usuarios 1-122,text,true,,4757,120,250,250,https://www.blazedemo.com/,279,0,0
1774386532254,390,3 - Comprar Passagem,200,OK,Teste de Carga - 250 usuarios 1-103,text,true,,6719,420,250,250,https://www.blazedemo.com/purchase.php,378,0,0
1774386531992,661,3 - Comprar Passagem,200,OK,Teste de Carga - 250 usuarios 1-170,text,true,,6719,420,250,250,https://www.blazedemo.com/purchase.php,652,0,0
1774386532009,646,1 - Acessar Home,200,OK,Teste de Carga - 250 usuarios 1-19,text,true,,4757,120,250,250,https://www.blazedemo.com/,633,0,0
1774386529087,3567,2 - Escolher Voo,200,OK,Teste de Carga - 250 usuarios 1-150,text,true,,7381,250,250,250,https://www.blazedemo.com/reserve.php,3546,0,0
1774386531685,971,2 - Escolher Voo,200,OK,Teste de Carga - 250 usuarios 1-119,text,true,,7381,250,250,250,https://www.blazedemo.com/reserve.php,951,0,0
1774386531950,708,2 - Escolher Voo,200,OK,Teste de Carga - 250 usuarios 1-39,text,true,,7381,250,250,250,https://www.blazedemo.com/reserve.php,688,0,0
1774386532292,367,1 - Acessar Home,200,OK,Teste de Carga - 250 usuarios 1-29,text,true,,4757,120,250,250,https://www.blazedemo.com/,356,0,0
1774386532372,297,2 - Escolher Voo,200,OK,Teste de Carga - 250 usuarios 1-203,text,true,,7381,250,250,250,https://www.blazedemo.com/reserve.php,277,0,0
1774386532390,285,2 - Escolher Voo,200,OK,Teste de Carga - 250 usuarios 1-114,text,true,,7381,250,250,250,https://www.blazedemo.com/reserve.php,265,0,0
1774386532339,341,2 - Escolher Voo,200,OK,Teste de Carga - 250 usuarios 1-11,text,true,,7381,250,250,250,https://www.blazedemo.com/reserve.php,321,0,0
1774386531755,925,1 - Acessar Home,200,OK,Teste de Carga - 250 usuarios 1-97,text,true,,4757,120,250,250,https://www.blazedemo.com/,912,0,0
1774386530708,1981,3 - Comprar Passagem,200,OK,Teste de Carga - 250 usuarios 1-238,text,true,,6719,420,250,250,https://www.blazedemo.com/purchase.php,1965,0,0
1774386529086,3605,3 - Comprar Passagem,200,OK,Teste de Carga - 250 usuarios 1-10,text,true,,6719,420,250,250,https://www.blazedemo.com/purchase.php,3593,0,0
1774386532287,406,3 - Comprar Passagem,200,OK,Teste de Carga - 250 usuarios 1-74,text,true,,6719,420,250,250,https://www.blazedemo.com/purchase.php,394,0,0
1774386532380,322,1 - Acessar Home,200,OK,Teste de Carga - 250 usuarios 1-144,text,true,,4757,120,250,250,https://www.blazedemo.com/,311,0,0
1774386531730,986,2 - Escolher Voo,200,OK,Teste de Carga - 250 usuarios 1-110,text,true,,7381,250,250,250,https://www.blazedemo.com/reserve.php,966,0,0
1774386532291,431,1 - Acessar Home,200,OK,Teste de Carga - 250 usuarios 1-32,text,true,,4757,120,250,250,https://www.blazedemo.com/,420,0,0
1774386532471,258,1 - Acessar Home,200,OK,Teste de Carga - 250 usuarios 1-30,text,true,,4757,120,250,250,https://www.blazedemo.com/,246,0,0
1774386532259,477,3 - Comprar Passagem,200,OK,Teste de Carga - 250 usuarios 1-179,text,true,,6719,420,250,250,https://www.blazedemo.com/purchase.php,464,0,0
1774386532389,347,1 - Acessar Home,200,OK,Teste de Carga - 250 usuarios 1-143,text,true,,4757,120,250,250,https://www.blazedemo.com/,335,0,0
1774386532077,660,3 - Comprar Passagem,200,OK,Teste de Carga - 250 usuarios 1-65,text,true,,6719,420,250,250,https://www.blazedemo.com/purchase.php,648,0,0
1774386532438,300,2 - Escolher Voo,200,OK,Teste de Carga - 250 usuarios 1-125,text,true,,7381,250,250,250,https://www.blazedemo.com/reserve.php,279,0,0
1774386530120,2619,2 - Escolher Voo,200,OK,Teste de Carga - 250 usuarios 1-234,text,true,,7381,250,250,250,https://www.blazedemo.com/reserve.php,2599,0,0
1774386532467,287,2 - Escolher Voo,200,OK,Teste de Carga - 250 usuarios 1-146,text,true,,7381,250,250,250,https://www.blazedemo.com/reserve.php,267,0,0
1774386532499,257,3 - Comprar Passagem,200,OK,Teste de Carga - 250 usuarios 1-61,text,true,,6719,420,250,250,https://www.blazedemo.com/purchase.php,245,0,0
1774386531978,779,2 - Escolher Voo,200,OK,Teste de Carga - 250 usuarios 1-54,text,true,,7381,250,250,250,https://www.blazedemo.com/reserve.php,758,0,0
1774386529124,3633,1 - Acessar Home,200,OK,Teste de Carga - 250 usuarios 1-136,text,true,,4757,120,250,250,https://www.blazedemo.com/,3621,0,0
1774386532020,741,2 - Escolher Voo,200,OK,Teste de Carga - 250 usuarios 1-14,text,true,,7381,250,250,250,https://www.blazedemo.com/reserve.php,720,0,0
1774386531858,904,3 - Comprar Passagem,200,OK,Teste de Carga - 250 usuarios 1-242,text,true,,6719,420,250,250,https://www.blazedemo.com/purchase.php,898,0,0
1774386532456,307,2 - Escolher Voo,200,OK,Teste de Carga - 250 usuarios 1-217,text,true,,7381,250,250,250,https://www.blazedemo.com/reserve.php,290,0,0
1774386532394,369,2 - Escolher Voo,200,OK,Teste de Carga - 250 usuarios 1-91,text,true,,7381,250,250,250,https://www.blazedemo.com/reserve.php,350,0,0
1774386531858,915,1 - Acessar Home,200,OK,Teste de Carga - 250 usuarios 1-72,text,true,,4757,120,250,250,https://www.blazedemo.com/,903,0,0
1774386530783,1994,1 - Acessar Home,200,OK,Teste de Carga - 250 usuarios 1-81,text,true,,4757,120,250,250,https://www.blazedemo.com/,1982,0,0
1774386532383,397,3 - Comprar Passagem,200,OK,Teste de Carga - 250 usuarios 1-79,text,true,,6719,420,250,250,https://www.blazedemo.com/purchase.php,385,0,0
1774386532488,314,2 - Escolher Voo,200,OK,Teste de Carga - 250 usuarios 1-147,text,true,,7381,250,250,250,https://www.blazedemo.com/reserve.php,293,0,0
1774386532436,367,1 - Acessar Home,200,OK,Teste de Carga - 250 usuarios 1-218,text,true,,4757,120,250,250,https://www.blazedemo.com/,355,0,0
1774386529249,3555,2 - Escolher Voo,200,OK,Teste de Carga - 250 usuarios 1-3,text,true,,7381,250,250,250,https://www.blazedemo.com/reserve.php,3535,0,0
1774386529497,3316,2 - Escolher Voo,200,OK,Teste de Carga - 250 usuarios 1-204,text,true,,7381,250,250,250,https://www.blazedemo.com/reserve.php,3297,0,0
1774386532533,283,2 - Escolher Voo,200,OK,Teste de Carga - 250 usuarios 1-241,text,true,,7381,250,250,250,https://www.blazedemo.com/reserve.php,267,0,0
1774386532385,433,2 - Escolher Voo,200,OK,Teste de Carga - 250 usuarios 1-113,text,true,,7381,250,250,250,https://www.blazedemo.com/reserve.php,412,0,0
1774386532400,418,1 - Acessar Home,200,OK,Teste de Carga - 250 usuarios 1-180,text,true,,4757,120,250,250,https://www.blazedemo.com/,407,0,0
1774386532488,332,3 - Comprar Passagem,200,OK,Teste de Carga - 250 usuarios 1-6,text,true,,6719,420,250,250,https://www.blazedemo.com/purchase.php,315,0,0
1774386532062,759,3 - Comprar Passagem,200,OK,Teste de Carga - 250 usuarios 1-183,text,true,,6719,420,250,250,https://www.blazedemo.com/purchase.php,743,0,0
1774386531787,1038,3 - Comprar Passagem,200,OK,Teste de Carga - 250 usuarios 1-82,text,true,,6719,420,250,250,https://www.blazedemo.com/purchase.php,1026,0,0
1774386531864,963,3 - Comprar Passagem,200,OK,Teste de Carga - 250 usuarios 1-5,text,true,,6719,420,250,250,https://www.blazedemo.com/purchase.php,951,0,0
1774386532394,433,1 - Acessar Home,200,OK,Teste de Carga - 250 usuarios 1-126,text,true,,4757,120,250,250,https://www.blazedemo.com/,422,0,0
1774386527514,5323,1 - Acessar Home,200,OK,Teste de Carga - 250 usuarios 1-46,text,true,,4757,120,250,250,https://www.blazedemo.com/,5311,0,0
1774386527587,5262,2 - Escolher Voo,200,OK,Teste de Carga - 250 usuarios 1-77,text,true,,7381,250,250,250,https://www.blazedemo.com/reserve.php,5241,0,0
1774386532249,602,1 - Acessar Home,200,OK,Teste de Carga - 250 usuarios 1-36,text,true,,4757,120,250,250,https://www.blazedemo.com/,589,0,0
1774386532057,795,1 - Acessar Home,200,OK,Teste de Carga - 250 usuarios 1-158,text,true,,4757,120,250,250,https://www.blazedemo.com/,783,0,0
1774386532061,796,3 - Comprar Passagem,200,OK,Teste de Carga - 250 usuarios 1-162,text,true,,6719,420,250,250,https://www.blazedemo.com/purchase.php,780,0,0
1774386530136,2722,1 - Acessar Home,200,OK,Teste de Carga - 250 usuarios 1-9,text,true,,4757,120,250,250,https://www.blazedemo.com/,2710,0,0
1774386532422,439,3 - Comprar Passagem,200,OK,Teste de Carga - 250 usuarios 1-38,text,true,,6719,420,250,250,https://www.blazedemo.com/purchase.php,428,0,0
1774386532598,270,3 - Comprar Passagem,200,OK,Teste de Carga - 250 usuarios 1-233,text,true,,6719,420,250,250,https://www.blazedemo.com/purchase.php,257,0,0
1774386532476,392,1 - Acessar Home,200,OK,Teste de Carga - 250 usuarios 1-135,text,true,,4757,120,250,250,https://www.blazedemo.com/,380,0,0
1774386532624,246,2 - Escolher Voo,200,OK,Teste de Carga - 250 usuarios 1-190,text,true,,7381,250,250,250,https://www.blazedemo.com/reserve.php,226,0,0
1774386532587,287,3 - Comprar Passagem,200,OK,Teste de Carga - 250 usuarios 1-75,text,true,,6719,420,250,250,https://www.blazedemo.com/purchase.php,274,0,0
1774386532120,758,1 - Acessar Home,200,OK,Teste de Carga - 250 usuarios 1-50,text,true,,4757,120,250,250,https://www.blazedemo.com/,746,0,0
1774386532623,257,3 - Comprar Passagem,200,OK,Teste de Carga - 250 usuarios 1-214,text,true,,6719,420,250,250,https://www.blazedemo.com/purchase.php,245,0,0
1774386529395,3490,3 - Comprar Passagem,200,OK,Teste de Carga - 250 usuarios 1-197,text,true,,6719,420,250,250,https://www.blazedemo.com/purchase.php,3478,0,0
1774386531906,987,3 - Comprar Passagem,200,OK,Teste de Carga - 250 usuarios 1-153,text,true,,6719,420,250,250,https://www.blazedemo.com/purchase.php,974,0,0
1774386532140,757,3 - Comprar Passagem,200,OK,Teste de Carga - 250 usuarios 1-106,text,true,,6719,420,250,250,https://www.blazedemo.com/purchase.php,745,0,0
1774386531929,968,3 - Comprar Passagem,200,OK,Teste de Carga - 250 usuarios 1-207,text,true,,6719,420,250,250,https://www.blazedemo.com/purchase.php,957,0,0
1774386532427,470,3 - Comprar Passagem,200,OK,Teste de Carga - 250 usuarios 1-96,text,true,,6719,420,250,250,https://www.blazedemo.com/purchase.php,458,0,0
1774386532582,332,1 - Acessar Home,200,OK,Teste de Carga - 250 usuarios 1-157,text,true,,4757,120,250,250,https://www.blazedemo.com/,320,0,0
1774386529744,3171,3 - Comprar Passagem,200,OK,Teste de Carga - 250 usuarios 1-231,text,true,,6719,420,250,250,https://www.blazedemo.com/purchase.php,3154,0,0
1774386532530,392,3 - Comprar Passagem,200,OK,Teste de Carga - 250 usuarios 1-165,text,true,,6719,420,250,250,https://www.blazedemo.com/purchase.php,380,0,0
1774386532297,640,2 - Escolher Voo,200,OK,Teste de Carga - 250 usuarios 1-4,text,true,,7381,250,250,250,https://www.blazedemo.com/reserve.php,619,0,0
1774386532468,469,2 - Escolher Voo,200,OK,Teste de Carga - 250 usuarios 1-41,text,true,,7381,250,250,250,https://www.blazedemo.com/reserve.php,449,0,0
1774386532557,380,2 - Escolher Voo,200,OK,Teste de Carga - 250 usuarios 1-166,text,true,,7381,250,250,250,https://www.blazedemo.com/reserve.php,360,0,0
1774386532694,261,1 - Acessar Home,200,OK,Teste de Carga - 250 usuarios 1-74,text,true,,4757,120,250,250,https://www.blazedemo.com/,249,0,0
1774386529439,3519,2 - Escolher Voo,200,OK,Teste de Carga - 250 usuarios 1-123,text,true,,7381,250,250,250,https://www.blazedemo.com/reserve.php,3499,0,0
1774386532210,751,2 - Escolher Voo,200,OK,Teste de Carga - 250 usuarios 1-173,text,true,,7381,250,250,250,https://www.blazedemo.com/reserve.php,729,0,0
1774386531919,1043,1 - Acessar Home,200,OK,Teste de Carga - 250 usuarios 1-131,text,true,,4757,120,250,250,https://www.blazedemo.com/,1031,0,0
1774386532086,876,2 - Escolher Voo,200,OK,Teste de Carga - 250 usuarios 1-191,text,true,,7381,250,250,250,https://www.blazedemo.com/reserve.php,851,0,0
1774386532587,376,2 - Escolher Voo,200,OK,Teste de Carga - 250 usuarios 1-215,text,true,,7381,250,250,250,https://www.blazedemo.com/reserve.php,356,0,0
1774386532141,824,2 - Escolher Voo,200,OK,Teste de Carga - 250 usuarios 1-17,text,true,,7381,250,250,250,https://www.blazedemo.com/reserve.php,804,0,0
1774386532507,459,1 - Acessar Home,200,OK,Teste de Carga - 250 usuarios 1-2,text,true,,4757,120,250,250,https://www.blazedemo.com/,447,0,0
1774386532286,680,3 - Comprar Passagem,200,OK,Teste de Carga - 250 usuarios 1-221,text,true,,6719,420,250,250,https://www.blazedemo.com/purchase.php,664,0,0
1774386527764,5205,1 - Acessar Home,200,OK,Teste de Carga - 250 usuarios 1-43,text,true,,4757,120,250,250,https://www.blazedemo.com/,5193,0,0
1774386532038,935,1 - Acessar Home,200,OK,Teste de Carga - 250 usuarios 1-67,text,true,,4757,120,250,250,https://www.blazedemo.com/,922,0,0
1774386532692,281,1 - Acessar Home,200,OK,Teste de Carga - 250 usuarios 1-10,text,true,,4757,120,250,250,https://www.blazedemo.com/,267,0,0
1774386532272,705,3 - Comprar Passagem,200,OK,Teste de Carga - 250 usuarios 1-130,text,true,,6719,420,250,250,https://www.blazedemo.com/purchase.php,693,0,0
1774386527783,5194,3 - Comprar Passagem,200,OK,Teste de Carga - 250 usuarios 1-1,text,true,,6719,420,250,250,https://www.blazedemo.com/purchase.php,5181,0,0
1774386532565,413,2 - Escolher Voo,200,OK,Teste de Carga - 250 usuarios 1-71,text,true,,7381,250,250,250,https://www.blazedemo.com/reserve.php,394,0,0
1774386532637,344,3 - Comprar Passagem,200,OK,Teste de Carga - 250 usuarios 1-111,text,true,,6719,420,250,250,https://www.blazedemo.com/purchase.php,332,0,0
1774386530919,2068,3 - Comprar Passagem,200,OK,Teste de Carga - 250 usuarios 1-60,text,true,,6719,420,250,250,https://www.blazedemo.com/purchase.php,2058,0,0
1774386532659,330,2 - Escolher Voo,200,OK,Teste de Carga - 250 usuarios 1-29,text,true,,7381,250,250,250,https://www.blazedemo.com/reserve.php,310,0,0
1774386532565,427,1 - Acessar Home,200,OK,Teste de Carga - 250 usuarios 1-229,text,true,,4757,120,250,250,https://www.blazedemo.com/,415,0,0
1774386532644,348,1 - Acessar Home,200,OK,Teste de Carga - 250 usuarios 1-103,text,true,,4757,120,250,250,https://www.blazedemo.com/,336,0,0
1774386530141,2854,2 - Escolher Voo,200,OK,Teste de Carga - 250 usuarios 1-185,text,true,,7381,250,250,250,https://www.blazedemo.com/reserve.php,2833,0,0
1774386532729,276,2 - Escolher Voo,200,OK,Teste de Carga - 250 usuarios 1-30,text,true,,7381,250,250,250,https://www.blazedemo.com/reserve.php,255,0,0
1774386532590,422,1 - Acessar Home,200,OK,Teste de Carga - 250 usuarios 1-226,text,true,,4757,120,250,250,https://www.blazedemo.com/,410,0,0
1774386532758,267,2 - Escolher Voo,200,OK,Teste de Carga - 250 usuarios 1-136,text,true,,7381,250,250,250,https://www.blazedemo.com/reserve.php,247,0,0
1774386532348,678,1 - Acessar Home,200,OK,Teste de Carga - 250 usuarios 1-188,text,true,,4757,120,250,250,https://www.blazedemo.com/,672,0,0
1774386532149,877,1 - Acessar Home,200,OK,Teste de Carga - 250 usuarios 1-48,text,true,,4757,120,250,250,https://www.blazedemo.com/,865,0,0
1774386529773,3254,2 - Escolher Voo,200,OK,Teste de Carga - 250 usuarios 1-186,text,true,,7381,250,250,250,https://www.blazedemo.com/reserve.php,3233,0,0
1774386532477,553,2 - Escolher Voo,200,OK,Teste de Carga - 250 usuarios 1-151,text,true,,7381,250,250,250,https://www.blazedemo.com/reserve.php,532,0,0
1774386531993,1039,1 - Acessar Home,200,OK,Teste de Carga - 250 usuarios 1-205,text,true,,4757,120,250,250,https://www.blazedemo.com/,1028,0,0
1774386532580,462,1 - Acessar Home,200,OK,Teste de Carga - 250 usuarios 1-44,text,true,,4757,120,250,250,https://www.blazedemo.com/,450,0,0
1774386532015,1031,1 - Acessar Home,200,OK,Teste de Carga - 250 usuarios 1-174,text,true,,4757,120,250,250,https://www.blazedemo.com/,1019,0,0
1774386532240,806,3 - Comprar Passagem,200,OK,Teste de Carga - 250 usuarios 1-246,text,true,,6719,420,250,250,https://www.blazedemo.com/purchase.php,794,0,0
1774386532287,770,1 - Acessar Home,200,OK,Teste de Carga - 250 usuarios 1-222,text,true,,4757,120,250,250,https://www.blazedemo.com/,758,0,0
1774386532763,296,3 - Comprar Passagem,200,OK,Teste de Carga - 250 usuarios 1-91,text,true,,6719,420,250,250,https://www.blazedemo.com/purchase.php,283,0,0
1774386532818,245,3 - Comprar Passagem,200,OK,Teste de Carga - 250 usuarios 1-113,text,true,,6719,420,250,250,https://www.blazedemo.com/purchase.php,233,0,0
1774386532204,862,1 - Acessar Home,200,OK,Teste de Carga - 250 usuarios 1-120,text,true,,4757,120,250,250,https://www.blazedemo.com/,851,0,0
1774386532761,318,3 - Comprar Passagem,200,OK,Teste de Carga - 250 usuarios 1-14,text,true,,6719,420,250,250,https://www.blazedemo.com/purchase.php,306,0,0
1774386532737,343,1 - Acessar Home,200,OK,Teste de Carga - 250 usuarios 1-65,text,true,,4757,120,250,250,https://www.blazedemo.com/,331,0,0
1774386532583,501,1 - Acessar Home,200,OK,Teste de Carga - 250 usuarios 1-90,text,true,,4757,120,250,250,https://www.blazedemo.com/,489,0,0
1774386532547,537,2 - Escolher Voo,200,OK,Teste de Carga - 250 usuarios 1-230,text,true,,7381,250,250,250,https://www.blazedemo.com/reserve.php,518,0,0
1774386529717,3369,3 - Comprar Passagem,200,OK,Teste de Carga - 250 usuarios 1-66,text,true,,6719,420,250,250,https://www.blazedemo.com/purchase.php,3355,0,0
1774386532640,458,2 - Escolher Voo,200,OK,Teste de Carga - 250 usuarios 1-122,text,true,,7381,250,250,250,https://www.blazedemo.com/reserve.php,435,0,0
1774386532805,293,3 - Comprar Passagem,200,OK,Teste de Carga - 250 usuarios 1-3,text,true,,6719,420,250,250,https://www.blazedemo.com/purchase.php,280,0,0
1774386530081,3016,1 - Acessar Home,200,OK,Teste de Carga - 250 usuarios 1-64,text,true,,4757,120,250,250,https://www.blazedemo.com/,3003,0,0
1774386530942,2159,2 - Escolher Voo,200,OK,Teste de Carga - 250 usuarios 1-51,text,true,,7381,250,250,250,https://www.blazedemo.com/reserve.php,2138,0,0
1774386532140,974,2 - Escolher Voo,200,OK,Teste de Carga - 250 usuarios 1-237,text,true,,7381,250,250,250,https://www.blazedemo.com/reserve.php,954,0,0
1774386532482,641,2 - Escolher Voo,200,OK,Teste de Carga - 250 usuarios 1-141,text,true,,7381,250,250,250,https://www.blazedemo.com/reserve.php,621,0,0
1774386532465,658,1 - Acessar Home,200,OK,Teste de Carga - 250 usuarios 1-139,text,true,,4757,120,250,250,https://www.blazedemo.com/,646,0,0
1774386532861,263,1 - Acessar Home,200,OK,Teste de Carga - 250 usuarios 1-38,text,true,,4757,120,250,250,https://www.blazedemo.com/,252,0,0
1774386532658,470,3 - Comprar Passagem,200,OK,Teste de Carga - 250 usuarios 1-39,text,true,,6719,420,250,250,https://www.blazedemo.com/purchase.php,454,0,0
1774386532827,306,2 - Escolher Voo,200,OK,Teste de Carga - 250 usuarios 1-126,text,true,,7381,250,250,250,https://www.blazedemo.com/reserve.php,287,0,0
1774386532874,263,1 - Acessar Home,200,OK,Teste de Carga - 250 usuarios 1-75,text,true,,4757,120,250,250,https://www.blazedemo.com/,252,0,0
1774386532397,743,3 - Comprar Passagem,200,OK,Teste de Carga - 250 usuarios 1-52,text,true,,6719,420,250,250,https://www.blazedemo.com/purchase.php,731,0,0
1774386532868,273,2 - Escolher Voo,200,OK,Teste de Carga - 250 usuarios 1-135,text,true,,7381,250,250,250,https://www.blazedemo.com/reserve.php,257,0,0
1774386532586,563,3 - Comprar Passagem,200,OK,Teste de Carga - 250 usuarios 1-94,text,true,,6719,420,250,250,https://www.blazedemo.com/purchase.php,551,0,0
1774386532736,415,1 - Acessar Home,200,OK,Teste de Carga - 250 usuarios 1-179,text,true,,4757,120,250,250,https://www.blazedemo.com/,404,0,0
1774386532803,350,2 - Escolher Voo,200,OK,Teste de Carga - 250 usuarios 1-218,text,true,,7381,250,250,250,https://www.blazedemo.com/reserve.php,334,0,0
1774386527826,5334,2 - Escolher Voo,200,OK,Teste de Carga - 250 usuarios 1-133,text,true,,7381,250,250,250,https://www.blazedemo.com/reserve.php,5314,0,0
1774386532389,773,3 - Comprar Passagem,200,OK,Teste de Carga - 250 usuarios 1-99,text,true,,6719,420,250,250,https://www.blazedemo.com/purchase.php,760,0,0
1774386532680,483,2 - Escolher Voo,200,OK,Teste de Carga - 250 usuarios 1-97,text,true,,7381,250,250,250,https://www.blazedemo.com/reserve.php,462,0,0
1774386532802,368,3 - Comprar Passagem,200,OK,Teste de Carga - 250 usuarios 1-147,text,true,,6719,420,250,250,https://www.blazedemo.com/purchase.php,356,0,0
1774386532897,277,1 - Acessar Home,200,OK,Teste de Carga - 250 usuarios 1-207,text,true,,4757,120,250,250,https://www.blazedemo.com/,265,0,0
1774386532773,401,2 - Escolher Voo,200,OK,Teste de Carga - 250 usuarios 1-72,text,true,,7381,250,250,250,https://www.blazedemo.com/reserve.php,381,0,0
1774386527912,5267,2 - Escolher Voo,200,OK,Teste de Carga - 250 usuarios 1-13,text,true,,7381,250,250,250,https://www.blazedemo.com/reserve.php,5247,0,0
1774386532627,554,2 - Escolher Voo,200,OK,Teste de Carga - 250 usuarios 1-250,text,true,,7381,250,250,250,https://www.blazedemo.com/reserve.php,538,0,0
1774386529731,3450,3 - Comprar Passagem,200,OK,Teste de Carga - 250 usuarios 1-28,text,true,,6719,420,250,250,https://www.blazedemo.com/purchase.php,3439,0,0
1774386532818,365,2 - Escolher Voo,200,OK,Teste de Carga - 250 usuarios 1-180,text,true,,7381,250,250,250,https://www.blazedemo.com/reserve.php,345,0,0
1774386532870,314,3 - Comprar Passagem,200,OK,Teste de Carga - 250 usuarios 1-190,text,true,,6719,420,250,250,https://www.blazedemo.com/purchase.php,301,0,0
1774386532717,475,3 - Comprar Passagem,200,OK,Teste de Carga - 250 usuarios 1-110,text,true,,6719,420,250,250,https://www.blazedemo.com/purchase.php,463,0,0
1774386532629,566,1 - Acessar Home,200,OK,Teste de Carga - 250 usuarios 1-178,text,true,,4757,120,250,250,https://www.blazedemo.com/,554,0,0
1774386532858,345,1 - Acessar Home,200,OK,Teste de Carga - 250 usuarios 1-162,text,true,,4757,120,250,250,https://www.blazedemo.com/,332,0,0
1774386530216,2988,3 - Comprar Passagem,200,OK,Teste de Carga - 250 usuarios 1-128,text,true,,6719,420,250,250,https://www.blazedemo.com/purchase.php,2975,0,0
1774386532922,284,1 - Acessar Home,200,OK,Teste de Carga - 250 usuarios 1-165,text,true,,4757,120,250,250,https://www.blazedemo.com/,272,0,0
1774386532526,681,2 - Escolher Voo,200,OK,Teste de Carga - 250 usuarios 1-227,text,true,,7381,250,250,250,https://www.blazedemo.com/reserve.php,662,0,0
1774386530982,2236,2 - Escolher Voo,200,OK,Teste de Carga - 250 usuarios 1-95,text,true,,7381,250,250,250,https://www.blazedemo.com/reserve.php,2215,0,0
1774386532962,265,3 - Comprar Passagem,200,OK,Teste de Carga - 250 usuarios 1-191,text,true,,6719,420,250,250,https://www.blazedemo.com/purchase.php,254,0,0
1774386532937,294,3 - Comprar Passagem,200,OK,Teste de Carga - 250 usuarios 1-4,text,true,,6719,420,250,250,https://www.blazedemo.com/purchase.php,283,0,0
1774386532978,254,1 - Acessar Home,200,OK,Teste de Carga - 250 usuarios 1-1,text,true,,4757,120,250,250,https://www.blazedemo.com/,242,0,0
1774386530398,2844,3 - Comprar Passagem,200,OK,Teste de Carga - 250 usuarios 1-156,text,true,,6719,420,250,250,https://www.blazedemo.com/purchase.php,2832,0,0
1774386532740,510,3 - Comprar Passagem,200,OK,Teste de Carga - 250 usuarios 1-234,text,true,,6719,420,250,250,https://www.blazedemo.com/purchase.php,498,0,0
1774386532937,313,3 - Comprar Passagem,200,OK,Teste de Carga - 250 usuarios 1-41,text,true,,6719,420,250,250,https://www.blazedemo.com/purchase.php,301,0,0
1774386530508,2743,2 - Escolher Voo,200,OK,Teste de Carga - 250 usuarios 1-55,text,true,,7381,250,250,250,https://www.blazedemo.com/reserve.php,2727,0,0
1774386532780,473,1 - Acessar Home,200,OK,Teste de Carga - 250 usuarios 1-79,text,true,,4757,120,250,250,https://www.blazedemo.com/,461,0,0
1774386532981,281,1 - Acessar Home,200,OK,Teste de Carga - 250 usuarios 1-111,text,true,,4757,120,250,250,https://www.blazedemo.com/,268,0,0
1774386532256,1010,2 - Escolher Voo,200,OK,Teste de Carga - 250 usuarios 1-129,text,true,,7381,250,250,250,https://www.blazedemo.com/reserve.php,989,0,0
1774386532878,396,2 - Escolher Voo,200,OK,Teste de Carga - 250 usuarios 1-50,text,true,,7381,250,250,250,https://www.blazedemo.com/reserve.php,374,0,0
1774386532655,621,3 - Comprar Passagem,200,OK,Teste de Carga - 250 usuarios 1-150,text,true,,6719,420,250,250,https://www.blazedemo.com/purchase.php,609,0,0
1774386532549,727,1 - Acessar Home,200,OK,Teste de Carga - 250 usuarios 1-16,text,true,,4757,120,250,250,https://www.blazedemo.com/,715,0,0
1774386532973,303,2 - Escolher Voo,200,OK,Teste de Carga - 250 usuarios 1-10,text,true,,7381,250,250,250,https://www.blazedemo.com/reserve.php,283,0,0
1774386533030,247,3 - Comprar Passagem,200,OK,Teste de Carga - 250 usuarios 1-151,text,true,,6719,420,250,250,https://www.blazedemo.com/purchase.php,235,0,0
1774386532959,319,3 - Comprar Passagem,200,OK,Teste de Carga - 250 usuarios 1-123,text,true,,6719,420,250,250,https://www.blazedemo.com/purchase.php,306,0,0
1774386529842,3438,3 - Comprar Passagem,200,OK,Teste de Carga - 250 usuarios 1-236,text,true,,6719,420,250,250,https://www.blazedemo.com/purchase.php,3426,0,0
1774386532838,445,2 - Escolher Voo,200,OK,Teste de Carga - 250 usuarios 1-46,text,true,,7381,250,250,250,https://www.blazedemo.com/reserve.php,424,0,0
1774386532961,322,3 - Comprar Passagem,200,OK,Teste de Carga - 250 usuarios 1-173,text,true,,6719,420,250,250,https://www.blazedemo.com/purchase.php,310,0,0
1774386532916,367,1 - Acessar Home,200,OK,Teste de Carga - 250 usuarios 1-231,text,true,,4757,120,250,250,https://www.blazedemo.com/,356,0,0
1774386532992,293,2 - Escolher Voo,200,OK,Teste de Carga - 250 usuarios 1-229,text,true,,7381,250,250,250,https://www.blazedemo.com/reserve.php,273,0,0
1774386532825,463,1 - Acessar Home,200,OK,Teste de Carga - 250 usuarios 1-82,text,true,,4757,120,250,250,https://www.blazedemo.com/,451,0,0
1774386532965,332,3 - Comprar Passagem,200,OK,Teste de Carga - 250 usuarios 1-17,text,true,,6719,420,250,250,https://www.blazedemo.com/purchase.php,320,0,0
1774386532967,330,1 - Acessar Home,200,OK,Teste de Carga - 250 usuarios 1-221,text,true,,4757,120,250,250,https://www.blazedemo.com/,318,0,0
1774386531207,2092,1 - Acessar Home,200,OK,Teste de Carga - 250 usuarios 1-154,text,true,,4757,120,250,250,https://www.blazedemo.com/,2080,0,0
1774386532970,336,2 - Escolher Voo,200,OK,Teste de Carga - 250 usuarios 1-43,text,true,,7381,250,250,250,https://www.blazedemo.com/reserve.php,315,0,0
1774386528991,4322,2 - Escolher Voo,200,OK,Teste de Carga - 250 usuarios 1-108,text,true,,7381,250,250,250,https://www.blazedemo.com/reserve.php,4301,0,0
1774386530479,2839,1 - Acessar Home,200,OK,Teste de Carga - 250 usuarios 1-69,text,true,,4757,120,250,250,https://www.blazedemo.com/,2827,0,0
1774386533057,263,2 - Escolher Voo,200,OK,Teste de Carga - 250 usuarios 1-222,text,true,,7381,250,250,250,https://www.blazedemo.com/reserve.php,241,0,0
1774386532987,341,1 - Acessar Home,200,OK,Teste de Carga - 250 usuarios 1-60,text,true,,4757,120,250,250,https://www.blazedemo.com/,329,0,0
1774386532977,356,1 - Acessar Home,200,OK,Teste de Carga - 250 usuarios 1-130,text,true,,4757,120,250,250,https://www.blazedemo.com/,344,0,0
1774386532357,977,3 - Comprar Passagem,200,OK,Teste de Carga - 250 usuarios 1-152,text,true,,6719,420,250,250,https://www.blazedemo.com/purchase.php,965,0,0
1774386532893,444,1 - Acessar Home,200,OK,Teste de Carga - 250 usuarios 1-153,text,true,,4757,120,250,250,https://www.blazedemo.com/,433,0,0
1774386532612,730,2 - Escolher Voo,200,OK,Teste de Carga - 250 usuarios 1-62,text,true,,7381,250,250,250,https://www.blazedemo.com/reserve.php,710,0,0
1774386532973,382,2 - Escolher Voo,200,OK,Teste de Carga - 250 usuarios 1-67,text,true,,7381,250,250,250,https://www.blazedemo.com/reserve.php,363,0,0
1774386532989,368,3 - Comprar Passagem,200,OK,Teste de Carga - 250 usuarios 1-29,text,true,,6719,420,250,250,https://www.blazedemo.com/purchase.php,356,0,0
1774386533085,281,3 - Comprar Passagem,200,OK,Teste de Carga - 250 usuarios 1-230,text,true,,6719,420,250,250,https://www.blazedemo.com/purchase.php,264,0,0
1774386532722,646,2 - Escolher Voo,200,OK,Teste de Carga - 250 usuarios 1-32,text,true,,7381,250,250,250,https://www.blazedemo.com/reserve.php,625,0,0
1774386532955,417,2 - Escolher Voo,200,OK,Teste de Carga - 250 usuarios 1-74,text,true,,7381,250,250,250,https://www.blazedemo.com/reserve.php,397,0,0
1774386530629,2748,3 - Comprar Passagem,200,OK,Teste de Carga - 250 usuarios 1-116,text,true,,6719,420,250,250,https://www.blazedemo.com/purchase.php,2737,0,0
1774386530733,2645,3 - Comprar Passagem,200,OK,Teste de Carga - 250 usuarios 1-148,text,true,,6719,420,250,250,https://www.blazedemo.com/purchase.php,2633,0,0
1774386528956,4422,2 - Escolher Voo,200,OK,Teste de Carga - 250 usuarios 1-112,text,true,,7381,250,250,250,https://www.blazedemo.com/reserve.php,4401,0,0
1774386532762,622,1 - Acessar Home,200,OK,Teste de Carga - 250 usuarios 1-242,text,true,,4757,120,250,250,https://www.blazedemo.com/,610,0,0
1774386529864,3519,2 - Escolher Voo,200,OK,Teste de Carga - 250 usuarios 1-137,text,true,,7381,250,250,250,https://www.blazedemo.com/reserve.php,3499,0,0
1774386532996,389,3 - Comprar Passagem,200,OK,Teste de Carga - 250 usuarios 1-185,text,true,,6719,420,250,250,https://www.blazedemo.com/purchase.php,377,0,0
1774386533005,388,3 - Comprar Passagem,200,OK,Teste de Carga - 250 usuarios 1-30,text,true,,6719,420,250,250,https://www.blazedemo.com/purchase.php,371,0,0
1774386532390,1009,1 - Acessar Home,200,OK,Teste de Carga - 250 usuarios 1-21,text,true,,4757,120,250,250,https://www.blazedemo.com/,998,0,0
1774386531285,2125,3 - Comprar Passagem,200,OK,Teste de Carga - 250 usuarios 1-127,text,true,,6719,420,250,250,https://www.blazedemo.com/purchase.php,2113,0,0
1774386532656,758,3 - Comprar Passagem,200,OK,Teste de Carga - 250 usuarios 1-119,text,true,,6719,420,250,250,https://www.blazedemo.com/purchase.php,745,0,0
1774386533140,276,1 - Acessar Home,200,OK,Teste de Carga - 250 usuarios 1-52,text,true,,4757,120,250,250,https://www.blazedemo.com/,265,0,0
1774386532757,661,3 - Comprar Passagem,200,OK,Teste de Carga - 250 usuarios 1-54,text,true,,6719,420,250,250,https://www.blazedemo.com/purchase.php,648,0,0
1774386533128,294,1 - Acessar Home,200,OK,Teste de Carga - 250 usuarios 1-39,text,true,,4757,120,250,250,https://www.blazedemo.com/,282,0,0
1774386533149,284,1 - Acessar Home,200,OK,Teste de Carga - 250 usuarios 1-94,text,true,,4757,120,250,250,https://www.blazedemo.com/,272,0,0
1774386533123,313,3 - Comprar Passagem,200,OK,Teste de Carga - 250 usuarios 1-141,text,true,,6719,420,250,250,https://www.blazedemo.com/purchase.php,300,0,0
1774386533046,393,2 - Escolher Voo,200,OK,Teste de Carga - 250 usuarios 1-174,text,true,,7381,250,250,250,https://www.blazedemo.com/reserve.php,373,0,0
1774386533125,317,2 - Escolher Voo,200,OK,Teste de Carga - 250 usuarios 1-38,text,true,,7381,250,250,250,https://www.blazedemo.com/reserve.php,297,0,0
1774386528996,4452,2 - Escolher Voo,200,OK,Teste de Carga - 250 usuarios 1-100,text,true,,7381,250,250,250,https://www.blazedemo.com/reserve.php,4432,0,0
1774386533133,318,3 - Comprar Passagem,200,OK,Teste de Carga - 250 usuarios 1-126,text,true,,6719,420,250,250,https://www.blazedemo.com/purchase.php,306,0,0
1774386533098,355,3 - Comprar Passagem,200,OK,Teste de Carga - 250 usuarios 1-122,text,true,,6719,420,250,250,https://www.blazedemo.com/purchase.php,342,0,0
1774386533012,442,2 - Escolher Voo,200,OK,Teste de Carga - 250 usuarios 1-226,text,true,,7381,250,250,250,https://www.blazedemo.com/reserve.php,421,0,0
1774386533182,275,1 - Acessar Home,200,OK,Teste de Carga - 250 usuarios 1-28,text,true,,4757,120,250,250,https://www.blazedemo.com/,264,0,0
1774386532763,703,3 - Comprar Passagem,200,OK,Teste de Carga - 250 usuarios 1-217,text,true,,6719,420,250,250,https://www.blazedemo.com/purchase.php,689,0,0
1774386533205,261,1 - Acessar Home,200,OK,Teste de Carga - 250 usuarios 1-128,text,true,,4757,120,250,250,https://www.blazedemo.com/,249,0,0
1774386529885,3580,3 - Comprar Passagem,200,OK,Teste de Carga - 250 usuarios 1-240,text,true,,6719,420,250,250,https://www.blazedemo.com/purchase.php,3567,0,0
1774386533154,313,3 - Comprar Passagem,200,OK,Teste de Carga - 250 usuarios 1-218,text,true,,6719,420,250,250,https://www.blazedemo.com/purchase.php,302,0,0
1774386532937,535,3 - Comprar Passagem,200,OK,Teste de Carga - 250 usuarios 1-166,text,true,,6719,420,250,250,https://www.blazedemo.com/purchase.php,518,0,0
1774386533206,268,2 - Escolher Voo,200,OK,Teste de Carga - 250 usuarios 1-165,text,true,,7381,250,250,250,https://www.blazedemo.com/reserve.php,248,0,0
1774386533195,280,2 - Escolher Voo,200,OK,Teste de Carga - 250 usuarios 1-178,text,true,,7381,250,250,250,https://www.blazedemo.com/reserve.php,258,0,0
1774386533203,276,2 - Escolher Voo,200,OK,Teste de Carga - 250 usuarios 1-162,text,true,,7381,250,250,250,https://www.blazedemo.com/reserve.php,256,0,0
1774386533183,297,3 - Comprar Passagem,200,OK,Teste de Carga - 250 usuarios 1-180,text,true,,6719,420,250,250,https://www.blazedemo.com/purchase.php,284,0,0
1774386533042,443,2 - Escolher Voo,200,OK,Teste de Carga - 250 usuarios 1-44,text,true,,7381,250,250,250,https://www.blazedemo.com/reserve.php,422,0,0
1774386532963,524,3 - Comprar Passagem,200,OK,Teste de Carga - 250 usuarios 1-215,text,true,,6719,420,250,250,https://www.blazedemo.com/purchase.php,509,0,0
1774386533174,314,2 - Escolher Voo,200,OK,Teste de Carga - 250 usuarios 1-207,text,true,,7381,250,250,250,https://www.blazedemo.com/reserve.php,295,0,0
1774386529099,4391,2 - Escolher Voo,200,OK,Teste de Carga - 250 usuarios 1-167,text,true,,7381,250,250,250,https://www.blazedemo.com/reserve.php,4369,0,0
1774386533098,402,1 - Acessar Home,200,OK,Teste de Carga - 250 usuarios 1-3,text,true,,4757,120,250,250,https://www.blazedemo.com/,386,0,0
1774386533161,340,3 - Comprar Passagem,200,OK,Teste de Carga - 250 usuarios 1-133,text,true,,6719,420,250,250,https://www.blazedemo.com/purchase.php,329,0,0
1774386531054,2453,3 - Comprar Passagem,200,OK,Teste de Carga - 250 usuarios 1-101,text,true,,6719,420,250,250,https://www.blazedemo.com/purchase.php,2441,0,0
1774386533028,488,3 - Comprar Passagem,200,OK,Teste de Carga - 250 usuarios 1-186,text,true,,6719,420,250,250,https://www.blazedemo.com/purchase.php,476,0,0
1774386533184,334,1 - Acessar Home,200,OK,Teste de Carga - 250 usuarios 1-190,text,true,,4757,120,250,250,https://www.blazedemo.com/,322,0,0
1774386532654,865,1 - Acessar Home,200,OK,Teste de Carga - 250 usuarios 1-170,text,true,,4757,120,250,250,https://www.blazedemo.com/,853,0,0
1774386530926,2595,2 - Escolher Voo,200,OK,Teste de Carga - 250 usuarios 1-228,text,true,,7381,250,250,250,https://www.blazedemo.com/reserve.php,2574,0,0
1774386532690,836,1 - Acessar Home,200,OK,Teste de Carga - 250 usuarios 1-238,text,true,,4757,120,250,250,https://www.blazedemo.com/,828,0,0
1774386533231,299,1 - Acessar Home,200,OK,Teste de Carga - 250 usuarios 1-4,text,true,,4757,120,250,250,https://www.blazedemo.com/,283,0,0
1774386532880,651,1 - Acessar Home,200,OK,Teste de Carga - 250 usuarios 1-214,text,true,,4757,120,250,250,https://www.blazedemo.com/,638,0,0
1774386532522,1010,1 - Acessar Home,200,OK,Teste de Carga - 250 usuarios 1-76,text,true,,4757,120,250,250,https://www.blazedemo.com/,999,0,0
1774386533262,272,2 - Escolher Voo,200,OK,Teste de Carga - 250 usuarios 1-111,text,true,,7381,250,250,250,https://www.blazedemo.com/reserve.php,251,0,0
1774386533141,401,3 - Comprar Passagem,200,OK,Teste de Carga - 250 usuarios 1-135,text,true,,6719,420,250,250,https://www.blazedemo.com/purchase.php,388,0,0
1774386533274,272,3 - Comprar Passagem,200,OK,Teste de Carga - 250 usuarios 1-50,text,true,,6719,420,250,250,https://www.blazedemo.com/purchase.php,255,0,0
1774386533253,296,2 - Escolher Voo,200,OK,Teste de Carga - 250 usuarios 1-79,text,true,,7381,250,250,250,https://www.blazedemo.com/reserve.php,276,0,0
1774386533276,283,1 - Acessar Home,200,OK,Teste de Carga - 250 usuarios 1-150,text,true,,4757,120,250,250,https://www.blazedemo.com/,271,0,0
1774386533207,354,3 - Comprar Passagem,200,OK,Teste de Carga - 250 usuarios 1-227,text,true,,6719,420,250,250,https://www.blazedemo.com/purchase.php,344,0,0
1774386530051,3513,1 - Acessar Home,200,OK,Teste de Carga - 250 usuarios 1-53,text,true,,4757,120,250,250,https://www.blazedemo.com/,3501,0,0
1774386533162,404,1 - Acessar Home,200,OK,Teste de Carga - 250 usuarios 1-99,text,true,,4757,120,250,250,https://www.blazedemo.com/,392,0,0
1774386533059,507,1 - Acessar Home,200,OK,Teste de Carga - 250 usuarios 1-91,text,true,,4757,120,250,250,https://www.blazedemo.com/,495,0,0
1774386529285,4282,3 - Comprar Passagem,200,OK,Teste de Carga - 250 usuarios 1-58,text,true,,6719,420,250,250,https://www.blazedemo.com/purchase.php,4270,0,0
1774386532886,687,1 - Acessar Home,200,OK,Teste de Carga - 250 usuarios 1-197,text,true,,4757,120,250,250,https://www.blazedemo.com/,674,0,0
1774386533314,259,3 - Comprar Passagem,200,OK,Teste de Carga - 250 usuarios 1-108,text,true,,6719,420,250,250,https://www.blazedemo.com/purchase.php,247,0,0
1774386533284,289,2 - Escolher Voo,200,OK,Teste de Carga - 250 usuarios 1-231,text,true,,7381,250,250,250,https://www.blazedemo.com/reserve.php,269,0,0
1774386532816,758,3 - Comprar Passagem,200,OK,Teste de Carga - 250 usuarios 1-241,text,true,,6719,420,250,250,https://www.blazedemo.com/purchase.php,746,0,0
1774386533285,293,3 - Comprar Passagem,200,OK,Teste de Carga - 250 usuarios 1-229,text,true,,6719,420,250,250,https://www.blazedemo.com/purchase.php,283,0,0
1774386533288,295,2 - Escolher Voo,200,OK,Teste de Carga - 250 usuarios 1-82,text,true,,7381,250,250,250,https://www.blazedemo.com/reserve.php,274,0,0
1774386531538,2045,2 - Escolher Voo,200,OK,Teste de Carga - 250 usuarios 1-220,text,true,,7381,250,250,250,https://www.blazedemo.com/reserve.php,2025,0,0
1774386533318,277,2 - Escolher Voo,200,OK,Teste de Carga - 250 usuarios 1-69,text,true,,7381,250,250,250,https://www.blazedemo.com/reserve.php,258,0,0
1774386530554,3042,1 - Acessar Home,200,OK,Teste de Carga - 250 usuarios 1-249,text,true,,4757,120,250,250,https://www.blazedemo.com/,3030,0,0
1774386533218,384,3 - Comprar Passagem,200,OK,Teste de Carga - 250 usuarios 1-95,text,true,,6719,420,250,250,https://www.blazedemo.com/purchase.php,372,0,0
1774386533046,564,1 - Acessar Home,200,OK,Teste de Carga - 250 usuarios 1-246,text,true,,4757,120,250,250,https://www.blazedemo.com/,552,0,0
1774386533137,479,2 - Escolher Voo,200,OK,Teste de Carga - 250 usuarios 1-75,text,true,,7381,250,250,250,https://www.blazedemo.com/reserve.php,459,0,0
1774386533251,366,3 - Comprar Passagem,200,OK,Teste de Carga - 250 usuarios 1-55,text,true,,6719,420,250,250,https://www.blazedemo.com/purchase.php,354,0,0
1774386533192,426,1 - Acessar Home,200,OK,Teste de Carga - 250 usuarios 1-110,text,true,,4757,120,250,250,https://www.blazedemo.com/,414,0,0
1774386532556,1070,2 - Escolher Voo,200,OK,Teste de Carga - 250 usuarios 1-73,text,true,,7381,250,250,250,https://www.blazedemo.com/reserve.php,1046,0,0
1774386533297,332,1 - Acessar Home,200,OK,Teste de Carga - 250 usuarios 1-17,text,true,,4757,120,250,250,https://www.blazedemo.com/,320,0,0
1774386531728,1902,3 - Comprar Passagem,200,OK,Teste de Carga - 250 usuarios 1-7,text,true,,6719,420,250,250,https://www.blazedemo.com/purchase.php,1886,0,0
1774386533079,552,1 - Acessar Home,200,OK,Teste de Carga - 250 usuarios 1-14,text,true,,4757,120,250,250,https://www.blazedemo.com/,539,0,0
1774386532754,880,3 - Comprar Passagem,200,OK,Teste de Carga - 250 usuarios 1-146,text,true,,6719,420,250,250,https://www.blazedemo.com/purchase.php,869,0,0
1774386529327,4308,1 - Acessar Home,200,OK,Teste de Carga - 250 usuarios 1-87,text,true,,4757,120,250,250,https://www.blazedemo.com/,4297,0,0
1774386532852,786,2 - Escolher Voo,200,OK,Teste de Carga - 250 usuarios 1-158,text,true,,7381,250,250,250,https://www.blazedemo.com/reserve.php,771,0,0
1774386533378,261,1 - Acessar Home,200,OK,Teste de Carga - 250 usuarios 1-148,text,true,,4757,120,250,250,https://www.blazedemo.com/,249,0,0
1774386533250,391,1 - Acessar Home,200,OK,Teste de Carga - 250 usuarios 1-41,text,true,,4757,120,250,250,https://www.blazedemo.com/,380,0,0
1774386533278,370,1 - Acessar Home,200,OK,Teste de Carga - 250 usuarios 1-123,text,true,,4757,120,250,250,https://www.blazedemo.com/,357,0,0
1774386533368,280,3 - Comprar Passagem,200,OK,Teste de Carga - 250 usuarios 1-32,text,true,,6719,420,250,250,https://www.blazedemo.com/purchase.php,263,0,0
1774386533250,399,1 - Acessar Home,200,OK,Teste de Carga - 250 usuarios 1-234,text,true,,4757,120,250,250,https://www.blazedemo.com/,388,0,0
1774386533281,368,1 - Acessar Home,200,OK,Teste de Carga - 250 usuarios 1-236,text,true,,4757,120,250,250,https://www.blazedemo.com/,357,0,0
1774386530577,3079,1 - Acessar Home,200,OK,Teste de Carga - 250 usuarios 1-210,text,true,,4757,120,250,250,https://www.blazedemo.com/,3066,0,0
1774386533299,358,2 - Escolher Voo,200,OK,Teste de Carga - 250 usuarios 1-154,text,true,,7381,250,250,250,https://www.blazedemo.com/reserve.php,335,0,0
1774386533087,571,1 - Acessar Home,200,OK,Teste de Carga - 250 usuarios 1-66,text,true,,4757,120,250,250,https://www.blazedemo.com/,560,0,0
1774386533283,376,3 - Comprar Passagem,200,OK,Teste de Carga - 250 usuarios 1-46,text,true,,6719,420,250,250,https://www.blazedemo.com/purchase.php,363,0,0
1774386530074,3587,2 - Escolher Voo,200,OK,Teste de Carga - 250 usuarios 1-225,text,true,,7381,250,250,250,https://www.blazedemo.com/reserve.php,3566,0,0
1774386531166,2496,3 - Comprar Passagem,200,OK,Teste de Carga - 250 usuarios 1-49,text,true,,6719,420,250,250,https://www.blazedemo.com/purchase.php,2484,0,0
1774386531378,2287,3 - Comprar Passagem,200,OK,Teste de Carga - 250 usuarios 1-199,text,true,,6719,420,250,250,https://www.blazedemo.com/purchase.php,2275,0,0
1774386533414,259,1 - Acessar Home,200,OK,Teste de Carga - 250 usuarios 1-119,text,true,,4757,120,250,250,https://www.blazedemo.com/,246,0,0
1774386533377,303,1 - Acessar Home,200,OK,Teste de Carga - 250 usuarios 1-116,text,true,,4757,120,250,250,https://www.blazedemo.com/,291,0,0
1774386533101,583,3 - Comprar Passagem,200,OK,Teste de Carga - 250 usuarios 1-51,text,true,,6719,420,250,250,https://www.blazedemo.com/purchase.php,567,0,0
1774386531741,1947,2 - Escolher Voo,200,OK,Teste de Carga - 250 usuarios 1-198,text,true,,7381,250,250,250,https://www.blazedemo.com/reserve.php,1926,0,0
1774386533084,611,2 - Escolher Voo,200,OK,Teste de Carga - 250 usuarios 1-90,text,true,,7381,250,250,250,https://www.blazedemo.com/reserve.php,595,0,0
1774386533418,278,1 - Acessar Home,200,OK,Teste de Carga - 250 usuarios 1-54,text,true,,4757,120,250,250,https://www.blazedemo.com/,266,0,0
1774386532627,1078,3 - Comprar Passagem,200,OK,Teste de Carga - 250 usuarios 1-22,text,true,,6719,420,250,250,https://www.blazedemo.com/purchase.php,1061,0,0
1774386529481,4228,1 - Acessar Home,200,OK,Teste de Carga - 250 usuarios 1-86,text,true,,4757,120,250,250,https://www.blazedemo.com/,4216,0,0
1774386533472,238,1 - Acessar Home,200,OK,Teste de Carga - 250 usuarios 1-166,text,true,,4757,120,250,250,https://www.blazedemo.com/,226,0,0
1774386533333,381,2 - Escolher Voo,200,OK,Teste de Carga - 250 usuarios 1-130,text,true,,7381,250,250,250,https://www.blazedemo.com/reserve.php,362,0,0
1774386533320,398,3 - Comprar Passagem,200,OK,Teste de Carga - 250 usuarios 1-222,text,true,,6719,420,250,250,https://www.blazedemo.com/purchase.php,385,0,0
1774386533342,377,3 - Comprar Passagem,200,OK,Teste de Carga - 250 usuarios 1-62,text,true,,6719,420,250,250,https://www.blazedemo.com/purchase.php,365,0,0
1774386533385,336,1 - Acessar Home,200,OK,Teste de Carga - 250 usuarios 1-185,text,true,,4757,120,250,250,https://www.blazedemo.com/,324,0,0
1774386533393,337,1 - Acessar Home,200,OK,Teste de Carga - 250 usuarios 1-30,text,true,,4757,120,250,250,https://www.blazedemo.com/,323,0,0
1774386533501,239,1 - Acessar Home,200,OK,Teste de Carga - 250 usuarios 1-133,text,true,,4757,120,250,250,https://www.blazedemo.com/,228,0,0
1774386533277,465,1 - Acessar Home,200,OK,Teste de Carga - 250 usuarios 1-151,text,true,,4757,120,250,250,https://www.blazedemo.com/,458,0,0
1774386533466,278,1 - Acessar Home,200,OK,Teste de Carga - 250 usuarios 1-217,text,true,,4757,120,250,250,https://www.blazedemo.com/,268,0,0
1774386531758,1995,3 - Comprar Passagem,200,OK,Teste de Carga - 250 usuarios 1-23,text,true,,6719,420,250,250,https://www.blazedemo.com/purchase.php,1979,0,0
1774386530728,3028,3 - Comprar Passagem,200,OK,Teste de Carga - 250 usuarios 1-35,text,true,,6719,420,250,250,https://www.blazedemo.com/purchase.php,3016,0,0
1774386530168,3591,3 - Comprar Passagem,200,OK,Teste de Carga - 250 usuarios 1-155,text,true,,6719,420,250,250,https://www.blazedemo.com/purchase.php,3579,0,0
1774386533449,321,3 - Comprar Passagem,200,OK,Teste de Carga - 250 usuarios 1-100,text,true,,6719,420,250,250,https://www.blazedemo.com/purchase.php,309,0,0
1774386533487,290,1 - Acessar Home,200,OK,Teste de Carga - 250 usuarios 1-215,text,true,,4757,120,250,250,https://www.blazedemo.com/,278,0,0
1774386533532,245,2 - Escolher Voo,200,OK,Teste de Carga - 250 usuarios 1-76,text,true,,7381,250,250,250,https://www.blazedemo.com/reserve.php,229,0,0
1774386533297,483,2 - Escolher Voo,200,OK,Teste de Carga - 250 usuarios 1-221,text,true,,7381,250,250,250,https://www.blazedemo.com/reserve.php,463,0,0
1774386533123,657,2 - Escolher Voo,200,OK,Teste de Carga - 250 usuarios 1-139,text,true,,7381,250,250,250,https://www.blazedemo.com/reserve.php,637,0,0
1774386533433,351,2 - Escolher Voo,200,OK,Teste de Carga - 250 usuarios 1-94,text,true,,7381,250,250,250,https://www.blazedemo.com/reserve.php,331,0,0
1774386533328,460,2 - Escolher Voo,200,OK,Teste de Carga - 250 usuarios 1-60,text,true,,7381,250,250,250,https://www.blazedemo.com/reserve.php,440,0,0
1774386533227,561,1 - Acessar Home,200,OK,Teste de Carga - 250 usuarios 1-191,text,true,,4757,120,250,250,https://www.blazedemo.com/,549,0,0
1774386533170,623,1 - Acessar Home,200,OK,Teste de Carga - 250 usuarios 1-147,text,true,,4757,120,250,250,https://www.blazedemo.com/,611,0,0
1774386533067,727,2 - Escolher Voo,200,OK,Teste de Carga - 250 usuarios 1-120,text,true,,7381,250,250,250,https://www.blazedemo.com/reserve.php,706,0,0
1774386533454,340,3 - Comprar Passagem,200,OK,Teste de Carga - 250 usuarios 1-226,text,true,,6719,420,250,250,https://www.blazedemo.com/purchase.php,329,0,0
1774386533180,618,3 - Comprar Passagem,200,OK,Teste de Carga - 250 usuarios 1-13,text,true,,6719,420,250,250,https://www.blazedemo.com/purchase.php,606,0,0
1774386533546,253,1 - Acessar Home,200,OK,Teste de Carga - 250 usuarios 1-50,text,true,,4757,120,250,250,https://www.blazedemo.com/,242,0,0
1774386532675,1124,3 - Comprar Passagem,200,OK,Teste de Carga - 250 usuarios 1-114,text,true,,6719,420,250,250,https://www.blazedemo.com/purchase.php,1114,0,0
1774386532736,1064,2 - Escolher Voo,200,OK,Teste de Carga - 250 usuarios 1-143,text,true,,7381,250,250,250,https://www.blazedemo.com/reserve.php,1044,0,0
1774386530741,3059,3 - Comprar Passagem,200,OK,Teste de Carga - 250 usuarios 1-206,text,true,,6719,420,250,250,https://www.blazedemo.com/purchase.php,3047,0,0
1774386533379,422,3 - Comprar Passagem,200,OK,Teste de Carga - 250 usuarios 1-112,text,true,,6719,420,250,250,https://www.blazedemo.com/purchase.php,409,0,0
1774386533531,271,2 - Escolher Voo,200,OK,Teste de Carga - 250 usuarios 1-214,text,true,,7381,250,250,250,https://www.blazedemo.com/reserve.php,252,0,0
1774386529601,4219,3 - Comprar Passagem,200,OK,Teste de Carga - 250 usuarios 1-80,text,true,,6719,420,250,250,https://www.blazedemo.com/purchase.php,4208,0,0
1774386533565,258,2 - Escolher Voo,200,OK,Teste de Carga - 250 usuarios 1-53,text,true,,7381,250,250,250,https://www.blazedemo.com/reserve.php,238,0,0
1774386533480,351,3 - Comprar Passagem,200,OK,Teste de Carga - 250 usuarios 1-162,text,true,,6719,420,250,250,https://www.blazedemo.com/purchase.php,339,0,0
1774386533583,256,3 - Comprar Passagem,200,OK,Teste de Carga - 250 usuarios 1-82,text,true,,6719,420,250,250,https://www.blazedemo.com/purchase.php,245,0,0
1774386531504,2337,1 - Acessar Home,200,OK,Teste de Carga - 250 usuarios 1-219,text,true,,4757,120,250,250,https://www.blazedemo.com/,2326,0,0
1774386533243,605,1 - Acessar Home,200,OK,Teste de Carga - 250 usuarios 1-156,text,true,,4757,120,250,250,https://www.blazedemo.com/,593,0,0
1774386533439,410,3 - Comprar Passagem,200,OK,Teste de Carga - 250 usuarios 1-174,text,true,,6719,420,250,250,https://www.blazedemo.com/purchase.php,398,0,0
1774386533443,408,3 - Comprar Passagem,200,OK,Teste de Carga - 250 usuarios 1-38,text,true,,6719,420,250,250,https://www.blazedemo.com/purchase.php,395,0,0
1774386530402,3452,1 - Acessar Home,200,OK,Teste de Carga - 250 usuarios 1-18,text,true,,4757,120,250,250,https://www.blazedemo.com/,3439,0,0
1774386533526,335,2 - Escolher Voo,200,OK,Teste de Carga - 250 usuarios 1-238,text,true,,7381,250,250,250,https://www.blazedemo.com/reserve.php,313,0,0
1774386533626,238,3 - Comprar Passagem,200,OK,Teste de Carga - 250 usuarios 1-73,text,true,,6719,420,250,250,https://www.blazedemo.com/purchase.php,226,0,0
1774386532821,1045,1 - Acessar Home,200,OK,Teste de Carga - 250 usuarios 1-183,text,true,,4757,120,250,250,https://www.blazedemo.com/,1032,0,0
1774386533467,399,1 - Acessar Home,200,OK,Teste de Carga - 250 usuarios 1-218,text,true,,4757,120,250,250,https://www.blazedemo.com/,388,0,0
1774386533561,311,1 - Acessar Home,200,OK,Teste de Carga - 250 usuarios 1-227,text,true,,4757,120,250,250,https://www.blazedemo.com/,300,0,0
1774386530760,3113,3 - Comprar Passagem,200,OK,Teste de Carga - 250 usuarios 1-93,text,true,,6719,420,250,250,https://www.blazedemo.com/purchase.php,3101,0,0
1774386533542,336,1 - Acessar Home,200,OK,Teste de Carga - 250 usuarios 1-135,text,true,,4757,120,250,250,https://www.blazedemo.com/,324,0,0
1774386533575,304,1 - Acessar Home,200,OK,Teste de Carga - 250 usuarios 1-241,text,true,,4757,120,250,250,https://www.blazedemo.com/,292,0,0
1774386533596,283,2 - Escolher Voo,200,OK,Teste de Carga - 250 usuarios 1-249,text,true,,7381,250,250,250,https://www.blazedemo.com/reserve.php,263,0,0
1774386531821,2063,2 - Escolher Voo,200,OK,Teste de Carga - 250 usuarios 1-138,text,true,,7381,250,250,250,https://www.blazedemo.com/reserve.php,2042,0,0
1774386531577,2309,3 - Comprar Passagem,200,OK,Teste de Carga - 250 usuarios 1-164,text,true,,6719,420,250,250,https://www.blazedemo.com/purchase.php,2298,0,0
1774386529625,4265,2 - Escolher Voo,200,OK,Teste de Carga - 250 usuarios 1-193,text,true,,7381,250,250,250,https://www.blazedemo.com/reserve.php,4246,0,0
1774386533384,510,2 - Escolher Voo,200,OK,Teste de Carga - 250 usuarios 1-242,text,true,,7381,250,250,250,https://www.blazedemo.com/reserve.php,492,0,0
1774386533334,562,1 - Acessar Home,200,OK,Teste de Carga - 250 usuarios 1-152,text,true,,4757,120,250,250,https://www.blazedemo.com/,550,0,0
1774386533266,641,3 - Comprar Passagem,200,OK,Teste de Carga - 250 usuarios 1-129,text,true,,6719,420,250,250,https://www.blazedemo.com/purchase.php,629,0,0
1774386533474,435,3 - Comprar Passagem,200,OK,Teste de Carga - 250 usuarios 1-165,text,true,,6719,420,250,250,https://www.blazedemo.com/purchase.php,422,0,0
1774386533640,274,2 - Escolher Voo,200,OK,Teste de Carga - 250 usuarios 1-148,text,true,,7381,250,250,250,https://www.blazedemo.com/reserve.php,254,0,0
1774386530810,3104,3 - Comprar Passagem,200,OK,Teste de Carga - 250 usuarios 1-187,text,true,,6719,420,250,250,https://www.blazedemo.com/purchase.php,3092,0,0
1774386531881,2035,3 - Comprar Passagem,200,OK,Teste de Carga - 250 usuarios 1-37,text,true,,6719,420,250,250,https://www.blazedemo.com/purchase.php,2022,0,0
1774386533596,321,3 - Comprar Passagem,200,OK,Teste de Carga - 250 usuarios 1-69,text,true,,6719,420,250,250,https://www.blazedemo.com/purchase.php,309,0,0
1774386533638,281,3 - Comprar Passagem,200,OK,Teste de Carga - 250 usuarios 1-158,text,true,,6719,420,250,250,https://www.blazedemo.com/purchase.php,269,0,0
1774386533453,470,1 - Acessar Home,200,OK,Teste de Carga - 250 usuarios 1-122,text,true,,4757,120,250,250,https://www.blazedemo.com/,458,0,0
1774386533657,267,3 - Comprar Passagem,200,OK,Teste de Carga - 250 usuarios 1-154,text,true,,6719,420,250,250,https://www.blazedemo.com/purchase.php,255,0,0
1774386533457,481,2 - Escolher Voo,200,OK,Teste de Carga - 250 usuarios 1-28,text,true,,7381,250,250,250,https://www.blazedemo.com/reserve.php,460,0,0
1774386533491,448,3 - Comprar Passagem,200,OK,Teste de Carga - 250 usuarios 1-167,text,true,,6719,420,250,250,https://www.blazedemo.com/purchase.php,437,0,0
1774386533636,307,2 - Escolher Voo,200,OK,Teste de Carga - 250 usuarios 1-87,text,true,,7381,250,250,250,https://www.blazedemo.com/reserve.php,290,0,0
1774386530494,3450,3 - Comprar Passagem,200,OK,Teste de Carga - 250 usuarios 1-211,text,true,,6719,420,250,250,https://www.blazedemo.com/purchase.php,3438,0,0
1774386533475,470,3 - Comprar Passagem,200,OK,Teste de Carga - 250 usuarios 1-178,text,true,,6719,420,250,250,https://www.blazedemo.com/purchase.php,458,0,0
1774386533665,293,1 - Acessar Home,200,OK,Teste de Carga - 250 usuarios 1-199,text,true,,4757,120,250,250,https://www.blazedemo.com/,282,0,0
1774386533662,297,3 - Comprar Passagem,200,OK,Teste de Carga - 250 usuarios 1-225,text,true,,6719,420,250,250,https://www.blazedemo.com/purchase.php,283,0,0
1774386533578,382,1 - Acessar Home,200,OK,Teste de Carga - 250 usuarios 1-229,text,true,,4757,120,250,250,https://www.blazedemo.com/,371,0,0
1774386533026,939,2 - Escolher Voo,200,OK,Teste de Carga - 250 usuarios 1-188,text,true,,7381,250,250,250,https://www.blazedemo.com/reserve.php,919,0,0
1774386533705,263,1 - Acessar Home,200,OK,Teste de Carga - 250 usuarios 1-22,text,true,,4757,120,250,250,https://www.blazedemo.com/,252,0,0
1774386533658,313,2 - Escolher Voo,200,OK,Teste de Carga - 250 usuarios 1-66,text,true,,7381,250,250,250,https://www.blazedemo.com/reserve.php,293,0,0
1774386533560,412,2 - Escolher Voo,200,OK,Teste de Carga - 250 usuarios 1-150,text,true,,7381,250,250,250,https://www.blazedemo.com/reserve.php,396,0,0
1774386533650,330,2 - Escolher Voo,200,OK,Teste de Carga - 250 usuarios 1-234,text,true,,7381,250,250,250,https://www.blazedemo.com/reserve.php,309,0,0
1774386530879,3104,2 - Escolher Voo,200,OK,Teste de Carga - 250 usuarios 1-26,text,true,,7381,250,250,250,https://www.blazedemo.com/reserve.php,3084,0,0
1774386529806,4181,1 - Acessar Home,200,OK,Teste de Carga - 250 usuarios 1-248,text,true,,4757,120,250,250,https://www.blazedemo.com/,4170,0,0
1774386533617,378,1 - Acessar Home,200,OK,Teste de Carga - 250 usuarios 1-55,text,true,,4757,120,250,250,https://www.blazedemo.com/,366,0,0
1774386533662,334,1 - Acessar Home,200,OK,Teste de Carga - 250 usuarios 1-49,text,true,,4757,120,250,250,https://www.blazedemo.com/,322,0,0
1774386529784,4213,1 - Acessar Home,200,OK,Teste de Carga - 250 usuarios 1-247,text,true,,4757,120,250,250,https://www.blazedemo.com/,4203,0,0
1774386533566,439,2 - Escolher Voo,200,OK,Teste de Carga - 250 usuarios 1-91,text,true,,7381,250,250,250,https://www.blazedemo.com/reserve.php,416,0,0
1774386533631,382,2 - Escolher Voo,200,OK,Teste de Carga - 250 usuarios 1-14,text,true,,7381,250,250,250,https://www.blazedemo.com/reserve.php,360,0,0
1774386531685,2328,1 - Acessar Home,200,OK,Teste de Carga - 250 usuarios 1-92,text,true,,4757,120,250,250,https://www.blazedemo.com/,2314,0,0
1774386533742,276,2 - Escolher Voo,200,OK,Teste de Carga - 250 usuarios 1-151,text,true,,7381,250,250,250,https://www.blazedemo.com/reserve.php,256,0,0
1774386533695,324,3 - Comprar Passagem,200,OK,Teste de Carga - 250 usuarios 1-90,text,true,,6719,420,250,250,https://www.blazedemo.com/purchase.php,312,0,0
1774386533500,522,2 - Escolher Voo,200,OK,Teste de Carga - 250 usuarios 1-3,text,true,,7381,250,250,250,https://www.blazedemo.com/reserve.php,502,0,0
1774386533480,544,1 - Acessar Home,200,OK,Teste de Carga - 250 usuarios 1-180,text,true,,4757,120,250,250,https://www.blazedemo.com/,533,0,0
1774386533719,306,1 - Acessar Home,200,OK,Teste de Carga - 250 usuarios 1-62,text,true,,4757,120,250,250,https://www.blazedemo.com/,294,0,0
1774386530676,3352,3 - Comprar Passagem,200,OK,Teste de Carga - 250 usuarios 1-118,text,true,,6719,420,250,250,https://www.blazedemo.com/purchase.php,3340,0,0
1774386533730,302,2 - Escolher Voo,200,OK,Teste de Carga - 250 usuarios 1-30,text,true,,7381,250,250,250,https://www.blazedemo.com/reserve.php,283,0,0
1774386533710,322,2 - Escolher Voo,200,OK,Teste de Carga - 250 usuarios 1-86,text,true,,7381,250,250,250,https://www.blazedemo.com/reserve.php,303,0,0
1774386533696,341,2 - Escolher Voo,200,OK,Teste de Carga - 250 usuarios 1-54,text,true,,7381,250,250,250,https://www.blazedemo.com/reserve.php,321,0,0
1774386531965,2072,2 - Escolher Voo,200,OK,Teste de Carga - 250 usuarios 1-115,text,true,,7381,250,250,250,https://www.blazedemo.com/reserve.php,2052,0,0
1774386531937,2101,1 - Acessar Home,200,OK,Teste de Carga - 250 usuarios 1-145,text,true,,4757,120,250,250,https://www.blazedemo.com/,2088,0,0
1774386531810,2229,2 - Escolher Voo,200,OK,Teste de Carga - 250 usuarios 1-200,text,true,,7381,250,250,250,https://www.blazedemo.com/reserve.php,2210,0,0
1774386533032,1020,2 - Escolher Voo,200,OK,Teste de Carga - 250 usuarios 1-205,text,true,,7381,250,250,250,https://www.blazedemo.com/reserve.php,1000,0,0
1774386533080,972,2 - Escolher Voo,200,OK,Teste de Carga - 250 usuarios 1-65,text,true,,7381,250,250,250,https://www.blazedemo.com/reserve.php,956,0,0
1774386533519,540,2 - Escolher Voo,200,OK,Teste de Carga - 250 usuarios 1-170,text,true,,7381,250,250,250,https://www.blazedemo.com/reserve.php,520,0,0
1774386531853,2207,2 - Escolher Voo,200,OK,Teste de Carga - 250 usuarios 1-57,text,true,,7381,250,250,250,https://www.blazedemo.com/reserve.php,2186,0,0
1774386533718,351,1 - Acessar Home,200,OK,Teste de Carga - 250 usuarios 1-222,text,true,,4757,120,250,250,https://www.blazedemo.com/,339,0,0
1774386533771,298,1 - Acessar Home,200,OK,Teste de Carga - 250 usuarios 1-100,text,true,,4757,120,250,250,https://www.blazedemo.com/,286,0,0
1774386533366,704,1 - Acessar Home,200,OK,Teste de Carga - 250 usuarios 1-230,text,true,,4757,120,250,250,https://www.blazedemo.com/,693,0,0
1774386533674,401,2 - Escolher Voo,200,OK,Teste de Carga - 250 usuarios 1-119,text,true,,7381,250,250,250,https://www.blazedemo.com/reserve.php,380,0,0
1774386533740,339,2 - Escolher Voo,200,OK,Teste de Carga - 250 usuarios 1-133,text,true,,7381,250,250,250,https://www.blazedemo.com/reserve.php,319,0,0
1774386533777,309,2 - Escolher Voo,200,OK,Teste de Carga - 250 usuarios 1-215,text,true,,7381,250,250,250,https://www.blazedemo.com/reserve.php,289,0,0
1774386532292,1794,2 - Escolher Voo,200,OK,Teste de Carga - 250 usuarios 1-56,text,true,,7381,250,250,250,https://www.blazedemo.com/reserve.php,1772,0,0
1774386533583,505,3 - Comprar Passagem,200,OK,Teste de Carga - 250 usuarios 1-220,text,true,,6719,420,250,250,https://www.blazedemo.com/purchase.php,492,0,0
1774386533337,751,2 - Escolher Voo,200,OK,Teste de Carga - 250 usuarios 1-153,text,true,,7381,250,250,250,https://www.blazedemo.com/reserve.php,731,0,0
1774386533798,298,1 - Acessar Home,200,OK,Teste de Carga - 250 usuarios 1-13,text,true,,4757,120,250,250,https://www.blazedemo.com/,286,0,0
1774386533656,448,2 - Escolher Voo,200,OK,Teste de Carga - 250 usuarios 1-210,text,true,,7381,250,250,250,https://www.blazedemo.com/reserve.php,428,0,0
1774386533602,503,1 - Acessar Home,200,OK,Teste de Carga - 250 usuarios 1-95,text,true,,4757,120,250,250,https://www.blazedemo.com/,491,0,0
1774386530795,3319,1 - Acessar Home,200,OK,Teste de Carga - 250 usuarios 1-235,text,true,,4757,120,250,250,https://www.blazedemo.com/,3306,0,0
1774386533832,284,1 - Acessar Home,200,OK,Teste de Carga - 250 usuarios 1-162,text,true,,4757,120,250,250,https://www.blazedemo.com/,273,0,0
1774386533714,407,3 - Comprar Passagem,200,OK,Teste de Carga - 250 usuarios 1-130,text,true,,6719,420,250,250,https://www.blazedemo.com/purchase.php,391,0,0
1774386533864,264,1 - Acessar Home,200,OK,Teste de Carga - 250 usuarios 1-73,text,true,,4757,120,250,250,https://www.blazedemo.com/,253,0,0
1774386533879,251,2 - Escolher Voo,200,OK,Teste de Carga - 250 usuarios 1-241,text,true,,7381,250,250,250,https://www.blazedemo.com/reserve.php,231,0,0
1774386533573,565,3 - Comprar Passagem,200,OK,Teste de Carga - 250 usuarios 1-231,text,true,,6719,420,250,250,https://www.blazedemo.com/purchase.php,553,0,0
1774386529905,4232,2 - Escolher Voo,200,OK,Teste de Carga - 250 usuarios 1-45,text,true,,7381,250,250,250,https://www.blazedemo.com/reserve.php,4212,0,0
1774386533801,344,1 - Acessar Home,200,OK,Teste de Carga - 250 usuarios 1-112,text,true,,4757,120,250,250,https://www.blazedemo.com/,332,0,0
1774386533163,986,3 - Comprar Passagem,200,OK,Teste de Carga - 250 usuarios 1-97,text,true,,6719,420,250,250,https://www.blazedemo.com/purchase.php,974,0,0
1774386533181,971,3 - Comprar Passagem,200,OK,Teste de Carga - 250 usuarios 1-250,text,true,,6719,420,250,250,https://www.blazedemo.com/purchase.php,958,0,0
1774386533688,478,3 - Comprar Passagem,200,OK,Teste de Carga - 250 usuarios 1-198,text,true,,6719,420,250,250,https://www.blazedemo.com/purchase.php,465,0,0
1774386533891,286,3 - Comprar Passagem,200,OK,Teste de Carga - 250 usuarios 1-193,text,true,,6719,420,250,250,https://www.blazedemo.com/purchase.php,270,0,0
1774386533794,384,3 - Comprar Passagem,200,OK,Teste de Carga - 250 usuarios 1-120,text,true,,6719,420,250,250,https://www.blazedemo.com/purchase.php,372,0,0
1774386533884,302,3 - Comprar Passagem,200,OK,Teste de Carga - 250 usuarios 1-138,text,true,,6719,420,250,250,https://www.blazedemo.com/purchase.php,291,0,0
1774386533851,336,1 - Acessar Home,200,OK,Teste de Carga - 250 usuarios 1-38,text,true,,4757,120,250,250,https://www.blazedemo.com/,323,0,0
1774386533680,509,2 - Escolher Voo,200,OK,Teste de Carga - 250 usuarios 1-116,text,true,,7381,250,250,250,https://www.blazedemo.com/reserve.php,489,0,0
1774386533777,416,3 - Comprar Passagem,200,OK,Teste de Carga - 250 usuarios 1-76,text,true,,6719,420,250,250,https://www.blazedemo.com/purchase.php,399,0,0
1774386533756,439,1 - Acessar Home,200,OK,Teste de Carga - 250 usuarios 1-35,text,true,,4757,120,250,250,https://www.blazedemo.com/,428,0,0
1774386533534,664,3 - Comprar Passagem,200,OK,Teste de Carga - 250 usuarios 1-111,text,true,,6719,420,250,250,https://www.blazedemo.com/purchase.php,652,0,0
1774386533710,489,2 - Escolher Voo,200,OK,Teste de Carga - 250 usuarios 1-166,text,true,,7381,250,250,250,https://www.blazedemo.com/reserve.php,469,0,0
1774386530856,3347,3 - Comprar Passagem,200,OK,Teste de Carga - 250 usuarios 1-161,text,true,,6719,420,250,250,https://www.blazedemo.com/purchase.php,3335,0,0
1774386533780,427,3 - Comprar Passagem,200,OK,Teste de Carga - 250 usuarios 1-139,text,true,,6719,420,250,250,https://www.blazedemo.com/purchase.php,415,0,0
1774386531875,2334,1 - Acessar Home,200,OK,Teste de Carga - 250 usuarios 1-176,text,true,,4757,120,250,250,https://www.blazedemo.com/,2323,0,0
1774386533841,374,2 - Escolher Voo,200,OK,Teste de Carga - 250 usuarios 1-219,text,true,,7381,250,250,250,https://www.blazedemo.com/reserve.php,353,0,0
1774386533887,331,1 - Acessar Home,200,OK,Teste de Carga - 250 usuarios 1-164,text,true,,4757,120,250,250,https://www.blazedemo.com/,319,0,0
1774386533799,425,1 - Acessar Home,200,OK,Teste de Carga - 250 usuarios 1-114,text,true,,4757,120,250,250,https://www.blazedemo.com/,413,0,0
1774386532738,1488,3 - Comprar Passagem,200,OK,Teste de Carga - 250 usuarios 1-125,text,true,,6719,420,250,250,https://www.blazedemo.com/purchase.php,1476,0,0
1774386533879,349,3 - Comprar Passagem,200,OK,Teste de Carga - 250 usuarios 1-249,text,true,,6719,420,250,250,https://www.blazedemo.com/purchase.php,335,0,0
1774386533283,950,1 - Acessar Home,200,OK,Teste de Carga - 250 usuarios 1-173,text,true,,4757,120,250,250,https://www.blazedemo.com/,939,0,0
1774386533943,292,3 - Comprar Passagem,200,OK,Teste de Carga - 250 usuarios 1-87,text,true,,6719,420,250,250,https://www.blazedemo.com/purchase.php,280,0,0
1774386533800,435,1 - Acessar Home,200,OK,Teste de Carga - 250 usuarios 1-206,text,true,,4757,120,250,250,https://www.blazedemo.com/,424,0,0
1774386533960,276,2 - Escolher Voo,200,OK,Teste de Carga - 250 usuarios 1-229,text,true,,7381,250,250,250,https://www.blazedemo.com/reserve.php,255,0,0
1774386533357,884,1 - Acessar Home,200,OK,Teste de Carga - 250 usuarios 1-29,text,true,,4757,120,250,250,https://www.blazedemo.com/,873,0,0
1774386533873,371,1 - Acessar Home,200,OK,Teste de Carga - 250 usuarios 1-93,text,true,,4757,120,250,250,https://www.blazedemo.com/,359,0,0
1774386533894,353,3 - Comprar Passagem,200,OK,Teste de Carga - 250 usuarios 1-242,text,true,,6719,420,250,250,https://www.blazedemo.com/purchase.php,340,0,0
1774386533896,352,2 - Escolher Voo,200,OK,Teste de Carga - 250 usuarios 1-152,text,true,,7381,250,250,250,https://www.blazedemo.com/reserve.php,335,0,0
1774386530077,4170,3 - Comprar Passagem,200,OK,Teste de Carga - 250 usuarios 1-239,text,true,,6719,420,250,250,https://www.blazedemo.com/purchase.php,4158,0,0
1774386530962,3291,2 - Escolher Voo,200,OK,Teste de Carga - 250 usuarios 1-245,text,true,,7381,250,250,250,https://www.blazedemo.com/reserve.php,3270,0,0
1774386532024,2232,2 - Escolher Voo,200,OK,Teste de Carga - 250 usuarios 1-159,text,true,,7381,250,250,250,https://www.blazedemo.com/reserve.php,2212,0,0
1774386533980,285,3 - Comprar Passagem,200,OK,Teste de Carga - 250 usuarios 1-234,text,true,,6719,420,250,250,https://www.blazedemo.com/purchase.php,273,0,0
1774386533945,330,1 - Acessar Home,200,OK,Teste de Carga - 250 usuarios 1-178,text,true,,4757,120,250,250,https://www.blazedemo.com/,316,0,0
1774386533721,555,2 - Escolher Voo,200,OK,Teste de Carga - 250 usuarios 1-185,text,true,,7381,250,250,250,https://www.blazedemo.com/reserve.php,534,0,0
1774386533873,409,2 - Escolher Voo,200,OK,Teste de Carga - 250 usuarios 1-227,text,true,,7381,250,250,250,https://www.blazedemo.com/reserve.php,392,0,0
1774386530966,3320,1 - Acessar Home,200,OK,Teste de Carga - 250 usuarios 1-40,text,true,,4757,120,250,250,https://www.blazedemo.com/,3310,0,0
1774386534037,255,3 - Comprar Passagem,200,OK,Teste de Carga - 250 usuarios 1-115,text,true,,6719,420,250,250,https://www.blazedemo.com/purchase.php,239,0,0
1774386533802,494,3 - Comprar Passagem,200,OK,Teste de Carga - 250 usuarios 1-214,text,true,,6719,420,250,250,https://www.blazedemo.com/purchase.php,482,0,0
1774386530985,3318,2 - Escolher Voo,200,OK,Teste de Carga - 250 usuarios 1-68,text,true,,7381,250,250,250,https://www.blazedemo.com/reserve.php,3298,0,0
1774386533793,513,2 - Escolher Voo,200,OK,Teste de Carga - 250 usuarios 1-147,text,true,,7381,250,250,250,https://www.blazedemo.com/reserve.php,494,0,0
1774386534013,302,2 - Escolher Voo,200,OK,Teste de Carga - 250 usuarios 1-92,text,true,,7381,250,250,250,https://www.blazedemo.com/reserve.php,281,0,0
1774386533878,450,2 - Escolher Voo,200,OK,Teste de Carga - 250 usuarios 1-135,text,true,,7381,250,250,250,https://www.blazedemo.com/reserve.php,430,0,0
1774386534024,304,2 - Escolher Voo,200,OK,Teste de Carga - 250 usuarios 1-180,text,true,,7381,250,250,250,https://www.blazedemo.com/reserve.php,284,0,0
1774386533410,919,1 - Acessar Home,200,OK,Teste de Carga - 250 usuarios 1-127,text,true,,4757,120,250,250,https://www.blazedemo.com/,908,0,0
1774386534079,255,3 - Comprar Passagem,200,OK,Teste de Carga - 250 usuarios 1-133,text,true,,6719,420,250,250,https://www.blazedemo.com/purchase.php,239,0,0
1774386533566,770,2 - Escolher Voo,200,OK,Teste de Carga - 250 usuarios 1-99,text,true,,7381,250,250,250,https://www.blazedemo.com/reserve.php,749,0,0
1774386533800,537,3 - Comprar Passagem,200,OK,Teste de Carga - 250 usuarios 1-143,text,true,,6719,420,250,250,https://www.blazedemo.com/purchase.php,526,0,0
1774386534028,309,1 - Acessar Home,200,OK,Teste de Carga - 250 usuarios 1-118,text,true,,4757,120,250,250,https://www.blazedemo.com/,298,0,0
1774386533968,375,2 - Escolher Voo,200,OK,Teste de Carga - 250 usuarios 1-22,text,true,,7381,250,250,250,https://www.blazedemo.com/reserve.php,355,0,0
1774386531159,3184,3 - Comprar Passagem,200,OK,Teste de Carga - 250 usuarios 1-177,text,true,,6719,420,250,250,https://www.blazedemo.com/purchase.php,3173,0,0
1774386533940,405,1 - Acessar Home,200,OK,Teste de Carga - 250 usuarios 1-167,text,true,,4761,120,250,250,https://www.blazedemo.com/,394,0,0
1774386534069,279,2 - Escolher Voo,200,OK,Teste de Carga - 250 usuarios 1-100,text,true,,7381,250,250,250,https://www.blazedemo.com/reserve.php,257,0,0
1774386534013,337,3 - Comprar Passagem,200,OK,Teste de Carga - 250 usuarios 1-14,text,true,,6719,420,250,250,https://www.blazedemo.com/purchase.php,326,0,0
1774386533650,702,2 - Escolher Voo,200,OK,Teste de Carga - 250 usuarios 1-236,text,true,,7381,250,250,250,https://www.blazedemo.com/reserve.php,682,0,0
1774386534032,322,3 - Comprar Passagem,200,OK,Teste de Carga - 250 usuarios 1-30,text,true,,6719,420,250,250,https://www.blazedemo.com/purchase.php,310,0,0
1774386533788,575,3 - Comprar Passagem,200,OK,Teste de Carga - 250 usuarios 1-60,text,true,,6719,420,250,250,https://www.blazedemo.com/purchase.php,563,0,0
1774386532777,1588,2 - Escolher Voo,200,OK,Teste de Carga - 250 usuarios 1-81,text,true,,7381,250,250,250,https://www.blazedemo.com/reserve.php,1567,0,0
1774386533938,433,3 - Comprar Passagem,200,OK,Teste de Carga - 250 usuarios 1-28,text,true,,6719,420,250,250,https://www.blazedemo.com/purchase.php,416,0,0
1774386533659,713,1 - Acessar Home,200,OK,Teste de Carga - 250 usuarios 1-46,text,true,,4757,120,250,250,https://www.blazedemo.com/,702,0,0
1774386534104,271,3 - Comprar Passagem,200,OK,Teste de Carga - 250 usuarios 1-210,text,true,,6719,420,250,250,https://www.blazedemo.com/purchase.php,259,0,0
1774386532827,1556,1 - Acessar Home,200,OK,Teste de Carga - 250 usuarios 1-5,text,true,,4757,120,250,250,https://www.blazedemo.com/,1544,0,0
1774386531066,3320,2 - Escolher Voo,200,OK,Teste de Carga - 250 usuarios 1-124,text,true,,7381,250,250,250,https://www.blazedemo.com/reserve.php,3300,0,0
1774386533848,542,2 - Escolher Voo,200,OK,Teste de Carga - 250 usuarios 1-156,text,true,,7381,250,250,250,https://www.blazedemo.com/reserve.php,522,0,0
1774386534121,270,1 - Acessar Home,200,OK,Teste de Carga - 250 usuarios 1-130,text,true,,4757,120,250,250,https://www.blazedemo.com/,259,0,0
1774386534138,259,1 - Acessar Home,200,OK,Teste de Carga - 250 usuarios 1-231,text,true,,4757,120,250,250,https://www.blazedemo.com/,247,0,0
1774386532165,2244,3 - Comprar Passagem,200,OK,Teste de Carga - 250 usuarios 1-105,text,true,,6719,420,250,250,https://www.blazedemo.com/purchase.php,2232,0,0
1774386530226,4184,2 - Escolher Voo,200,OK,Teste de Carga - 250 usuarios 1-134,text,true,,7381,250,250,250,https://www.blazedemo.com/reserve.php,4159,0,0
1774386533436,976,1 - Acessar Home,200,OK,Teste de Carga - 250 usuarios 1-141,text,true,,4757,120,250,250,https://www.blazedemo.com/,964,0,0
1774386533971,443,3 - Comprar Passagem,200,OK,Teste de Carga - 250 usuarios 1-66,text,true,,6719,420,250,250,https://www.blazedemo.com/purchase.php,432,0,0
1774386532167,2255,3 - Comprar Passagem,200,OK,Teste de Carga - 250 usuarios 1-102,text,true,,6719,420,250,250,https://www.blazedemo.com/purchase.php,2241,0,0
1774386533025,1397,3 - Comprar Passagem,200,OK,Teste de Carga - 250 usuarios 1-136,text,true,,6719,420,250,250,https://www.blazedemo.com/purchase.php,1384,0,0
1774386533917,507,1 - Acessar Home,200,OK,Teste de Carga - 250 usuarios 1-37,text,true,,4757,120,250,250,https://www.blazedemo.com/,496,0,0
1774386532128,2302,2 - Escolher Voo,200,OK,Teste de Carga - 250 usuarios 1-160,text,true,,7381,250,250,250,https://www.blazedemo.com/reserve.php,2281,0,0
1774386534128,304,2 - Escolher Voo,200,OK,Teste de Carga - 250 usuarios 1-73,text,true,,7381,250,250,250,https://www.blazedemo.com/reserve.php,284,0,0
1774386533996,437,2 - Escolher Voo,200,OK,Teste de Carga - 250 usuarios 1-49,text,true,,7381,250,250,250,https://www.blazedemo.com/reserve.php,417,0,0
1774386534096,339,2 - Escolher Voo,200,OK,Teste de Carga - 250 usuarios 1-13,text,true,,7381,250,250,250,https://www.blazedemo.com/reserve.php,318,0,0
1774386534193,245,1 - Acessar Home,200,OK,Teste de Carga - 250 usuarios 1-76,text,true,,4757,120,250,250,https://www.blazedemo.com/,233,0,0
1774386533518,923,2 - Escolher Voo,200,OK,Teste de Carga - 250 usuarios 1-190,text,true,,7381,250,250,250,https://www.blazedemo.com/reserve.php,904,0,0
1774386533988,455,2 - Escolher Voo,200,OK,Teste de Carga - 250 usuarios 1-248,text,true,,7381,250,250,250,https://www.blazedemo.com/reserve.php,434,0,0
1774386531230,3214,1 - Acessar Home,200,OK,Teste de Carga - 250 usuarios 1-34,text,true,,4757,120,250,250,https://www.blazedemo.com/,3202,0,0
1774386534130,316,3 - Comprar Passagem,200,OK,Teste de Carga - 250 usuarios 1-241,text,true,,6719,420,250,250,https://www.blazedemo.com/purchase.php,300,0,0
1774386533998,454,2 - Escolher Voo,200,OK,Teste de Carga - 250 usuarios 1-247,text,true,,7381,250,250,250,https://www.blazedemo.com/reserve.php,434,0,0
1774386533944,515,1 - Acessar Home,200,OK,Teste de Carga - 250 usuarios 1-211,text,true,,4757,120,250,250,https://www.blazedemo.com/,503,0,0
1774386533866,599,2 - Escolher Voo,200,OK,Teste de Carga - 250 usuarios 1-218,text,true,,7381,250,250,250,https://www.blazedemo.com/reserve.php,579,0,0
1774386531330,3155,1 - Acessar Home,200,OK,Teste de Carga - 250 usuarios 1-85,text,true,,4757,120,250,250,https://www.blazedemo.com/,3142,0,0
1774386534187,298,2 - Escolher Voo,200,OK,Teste de Carga - 250 usuarios 1-38,text,true,,7381,250,250,250,https://www.blazedemo.com/reserve.php,276,0,0
1774386530328,4165,2 - Escolher Voo,200,OK,Teste de Carga - 250 usuarios 1-194,text,true,,7381,250,250,250,https://www.blazedemo.com/reserve.php,4148,0,0
1774386533753,744,1 - Acessar Home,200,OK,Teste de Carga - 250 usuarios 1-23,text,true,,4757,120,250,250,https://www.blazedemo.com/,733,0,0
1774386533965,538,3 - Comprar Passagem,200,OK,Teste de Carga - 250 usuarios 1-188,text,true,,6719,420,250,250,https://www.blazedemo.com/purchase.php,527,0,0
1774386534236,269,2 - Escolher Voo,200,OK,Teste de Carga - 250 usuarios 1-206,text,true,,7381,250,250,250,https://www.blazedemo.com/reserve.php,249,0,0
1774386534247,261,1 - Acessar Home,200,OK,Teste de Carga - 250 usuarios 1-242,text,true,,4757,120,250,250,https://www.blazedemo.com/,250,0,0
1774386530326,4183,1 - Acessar Home,200,OK,Teste de Carga - 250 usuarios 1-15,text,true,,4757,120,250,250,https://www.blazedemo.com/,4171,0,0
1774386531452,3059,2 - Escolher Voo,200,OK,Teste de Carga - 250 usuarios 1-140,text,true,,7381,250,250,250,https://www.blazedemo.com/reserve.php,3038,0,0
1774386534207,306,1 - Acessar Home,200,OK,Teste de Carga - 250 usuarios 1-139,text,true,,4757,120,250,250,https://www.blazedemo.com/,294,0,0
1774386533849,667,1 - Acessar Home,200,OK,Teste de Carga - 250 usuarios 1-174,text,true,,4757,120,250,250,https://www.blazedemo.com/,654,0,0
1774386533788,731,2 - Escolher Voo,200,OK,Teste de Carga - 250 usuarios 1-191,text,true,,7381,250,250,250,https://www.blazedemo.com/reserve.php,710,0,0
1774386533099,1425,2 - Escolher Voo,200,OK,Teste de Carga - 250 usuarios 1-64,text,true,,7381,250,250,250,https://www.blazedemo.com/reserve.php,1405,0,0
1774386533550,974,3 - Comprar Passagem,200,OK,Teste de Carga - 250 usuarios 1-79,text,true,,6719,420,250,250,https://www.blazedemo.com/purchase.php,962,0,0
1774386533923,611,2 - Escolher Voo,200,OK,Teste de Carga - 250 usuarios 1-122,text,true,,7381,250,250,250,https://www.blazedemo.com/reserve.php,594,0,0
1774386533114,1430,3 - Comprar Passagem,200,OK,Teste de Carga - 250 usuarios 1-237,text,true,,6719,420,250,250,https://www.blazedemo.com/purchase.php,1415,0,0
1774386533958,592,2 - Escolher Voo,200,OK,Teste de Carga - 250 usuarios 1-199,text,true,,7381,250,250,250,https://www.blazedemo.com/reserve.php,571,0,0
1774386534275,279,2 - Escolher Voo,200,OK,Teste de Carga - 250 usuarios 1-178,text,true,,7381,250,250,250,https://www.blazedemo.com/reserve.php,257,0,0
1774386532339,2219,1 - Acessar Home,200,OK,Teste de Carga - 250 usuarios 1-117,text,true,,4757,120,250,250,https://www.blazedemo.com/,2205,0,0
1774386531273,3292,2 - Escolher Voo,200,OK,Teste de Carga - 250 usuarios 1-142,text,true,,7381,250,250,250,https://www.blazedemo.com/reserve.php,3272,0,0
1774386534304,262,3 - Comprar Passagem,200,OK,Teste de Carga - 250 usuarios 1-68,text,true,,6719,420,250,250,https://www.blazedemo.com/purchase.php,251,0,0
1774386534296,271,1 - Acessar Home,200,OK,Teste de Carga - 250 usuarios 1-214,text,true,,4757,120,250,250,https://www.blazedemo.com/,258,0,0
1774386534166,407,1 - Acessar Home,200,OK,Teste de Carga - 250 usuarios 1-198,text,true,,4757,120,250,250,https://www.blazedemo.com/,396,0,0
1774386534315,259,3 - Comprar Passagem,200,OK,Teste de Carga - 250 usuarios 1-92,text,true,,6719,420,250,250,https://www.blazedemo.com/purchase.php,247,0,0
1774386534038,538,2 - Escolher Voo,200,OK,Teste de Carga - 250 usuarios 1-145,text,true,,7381,250,250,250,https://www.blazedemo.com/reserve.php,515,0,0
1774386534306,272,3 - Comprar Passagem,200,OK,Teste de Carga - 250 usuarios 1-147,text,true,,6719,420,250,250,https://www.blazedemo.com/purchase.php,260,0,0
1774386533232,1351,2 - Escolher Voo,200,OK,Teste de Carga - 250 usuarios 1-1,text,true,,7381,250,250,250,https://www.blazedemo.com/reserve.php,1333,0,0
1774386534253,335,3 - Comprar Passagem,200,OK,Teste de Carga - 250 usuarios 1-245,text,true,,6719,420,250,250,https://www.blazedemo.com/purchase.php,323,0,0
1774386534052,546,3 - Comprar Passagem,200,OK,Teste de Carga - 250 usuarios 1-205,text,true,,6719,420,250,250,https://www.blazedemo.com/purchase.php,534,0,0
1774386534343,256,1 - Acessar Home,200,OK,Teste de Carga - 250 usuarios 1-177,text,true,,4757,120,250,250,https://www.blazedemo.com/,244,0,0
1774386533648,951,2 - Escolher Voo,200,OK,Teste de Carga - 250 usuarios 1-123,text,true,,7381,250,250,250,https://www.blazedemo.com/reserve.php,931,0,0
1774386534350,256,1 - Acessar Home,200,OK,Teste de Carga - 250 usuarios 1-14,text,true,,4757,120,250,250,https://www.blazedemo.com/,245,0,0
1774386534343,265,3 - Comprar Passagem,200,OK,Teste de Carga - 250 usuarios 1-22,text,true,,6719,420,250,250,https://www.blazedemo.com/purchase.php,252,0,0
1774386533794,822,1 - Acessar Home,200,OK,Teste de Carga - 250 usuarios 1-226,text,true,,4757,120,250,250,https://www.blazedemo.com/,810,0,0
1774386531519,3108,2 - Escolher Voo,200,OK,Teste de Carga - 250 usuarios 1-20,text,true,,7381,250,250,250,https://www.blazedemo.com/reserve.php,3087,0,0
1774386531548,3081,3 - Comprar Passagem,200,OK,Teste de Carga - 250 usuarios 1-24,text,true,,6719,420,250,250,https://www.blazedemo.com/purchase.php,3068,0,0
1774386534022,616,3 - Comprar Passagem,200,OK,Teste de Carga - 250 usuarios 1-3,text,true,,6719,420,250,250,https://www.blazedemo.com/purchase.php,604,0,0
1774386534375,264,1 - Acessar Home,200,OK,Teste de Carga - 250 usuarios 1-210,text,true,,4757,120,250,250,https://www.blazedemo.com/,252,0,0
1774386534335,310,1 - Acessar Home,200,OK,Teste de Carga - 250 usuarios 1-133,text,true,,4757,120,250,250,https://www.blazedemo.com/,299,0,0
1774386534391,259,3 - Comprar Passagem,200,OK,Teste de Carga - 250 usuarios 1-156,text,true,,6719,420,250,250,https://www.blazedemo.com/purchase.php,246,0,0
1774386534337,316,2 - Escolher Voo,200,OK,Teste de Carga - 250 usuarios 1-118,text,true,,7381,250,250,250,https://www.blazedemo.com/reserve.php,296,0,0
1774386534276,381,3 - Comprar Passagem,200,OK,Teste de Carga - 250 usuarios 1-185,text,true,,6719,420,250,250,https://www.blazedemo.com/purchase.php,369,0,0
1774386534337,334,1 - Acessar Home,200,OK,Teste de Carga - 250 usuarios 1-143,text,true,,4757,120,250,250,https://www.blazedemo.com/,322,0,0
1774386534215,456,3 - Comprar Passagem,200,OK,Teste de Carga - 250 usuarios 1-219,text,true,,6719,420,250,250,https://www.blazedemo.com/purchase.php,444,0,0
1774386534149,522,1 - Acessar Home,200,OK,Teste de Carga - 250 usuarios 1-97,text,true,,4757,120,250,250,https://www.blazedemo.com/,510,0,0
1774386533972,703,3 - Comprar Passagem,200,OK,Teste de Carga - 250 usuarios 1-150,text,true,,6719,420,250,250,https://www.blazedemo.com/purchase.php,687,0,0
1774386533422,1253,2 - Escolher Voo,200,OK,Teste de Carga - 250 usuarios 1-39,text,true,,7381,250,250,250,https://www.blazedemo.com/reserve.php,1232,0,0
1774386534430,247,3 - Comprar Passagem,200,OK,Teste de Carga - 250 usuarios 1-160,text,true,,6719,420,250,250,https://www.blazedemo.com/purchase.php,235,0,0
1774386534114,566,2 - Escolher Voo,200,OK,Teste de Carga - 250 usuarios 1-235,text,true,,7381,250,250,250,https://www.blazedemo.com/reserve.php,545,0,0
1774386534086,596,3 - Comprar Passagem,200,OK,Teste de Carga - 250 usuarios 1-215,text,true,,6719,420,250,250,https://www.blazedemo.com/purchase.php,584,0,0
1774386534397,288,2 - Escolher Voo,200,OK,Teste de Carga - 250 usuarios 1-231,text,true,,7381,250,250,250,https://www.blazedemo.com/reserve.php,268,0,0
1774386534412,275,2 - Escolher Voo,200,OK,Teste de Carga - 250 usuarios 1-141,text,true,,7381,250,250,250,https://www.blazedemo.com/reserve.php,255,0,0
1774386534387,308,3 - Comprar Passagem,200,OK,Teste de Carga - 250 usuarios 1-124,text,true,,6719,420,250,250,https://www.blazedemo.com/purchase.php,294,0,0
1774386534383,323,2 - Escolher Voo,200,OK,Teste de Carga - 250 usuarios 1-5,text,true,,7381,250,250,250,https://www.blazedemo.com/reserve.php,262,0,0
1774386533866,840,2 - Escolher Voo,200,OK,Teste de Carga - 250 usuarios 1-183,text,true,,7381,250,250,250,https://www.blazedemo.com/reserve.php,823,0,0
1774386534241,467,2 - Escolher Voo,200,OK,Teste de Carga - 250 usuarios 1-29,text,true,,7381,250,250,250,https://www.blazedemo.com/reserve.php,447,0,0
1774386533452,1261,1 - Acessar Home,200,OK,Teste de Carga - 250 usuarios 1-126,text,true,,4757,120,250,250,https://www.blazedemo.com/,1250,0,0
1774386532558,2158,2 - Escolher Voo,200,OK,Teste de Carga - 250 usuarios 1-182,text,true,,7381,250,250,250,https://www.blazedemo.com/reserve.php,2137,0,0
1774386534452,269,3 - Comprar Passagem,200,OK,Teste de Carga - 250 usuarios 1-247,text,true,,6719,420,250,250,https://www.blazedemo.com/purchase.php,256,0,0
1774386534391,331,2 - Escolher Voo,200,OK,Teste de Carga - 250 usuarios 1-130,text,true,,7381,250,250,250,https://www.blazedemo.com/reserve.php,312,0,0
1774386532632,2104,2 - Escolher Voo,200,OK,Teste de Carga - 250 usuarios 1-213,text,true,,7381,250,250,250,https://www.blazedemo.com/reserve.php,2084,0,0
1774386530327,4423,2 - Escolher Voo,200,OK,Teste de Carga - 250 usuarios 1-216,text,true,,7381,250,250,250,https://www.blazedemo.com/reserve.php,4402,0,0
1774386534409,343,1 - Acessar Home,200,OK,Teste de Carga - 250 usuarios 1-105,text,true,,4757,120,250,250,https://www.blazedemo.com/,331,0,0
1774386534039,716,3 - Comprar Passagem,200,OK,Teste de Carga - 250 usuarios 1-200,text,true,,6719,420,250,250,https://www.blazedemo.com/purchase.php,703,0,0
1774386534446,320,1 - Acessar Home,200,OK,Teste de Carga - 250 usuarios 1-241,text,true,,4757,120,250,250,https://www.blazedemo.com/,308,0,0
1774386533485,1284,3 - Comprar Passagem,200,OK,Teste de Carga - 250 usuarios 1-44,text,true,,6719,420,250,250,https://www.blazedemo.com/purchase.php,1271,0,0
1774386534292,483,1 - Acessar Home,200,OK,Teste de Carga - 250 usuarios 1-115,text,true,,4757,120,250,250,https://www.blazedemo.com/,472,0,0
1774386534116,663,2 - Escolher Voo,200,OK,Teste de Carga - 250 usuarios 1-162,text,true,,7381,250,250,250,https://www.blazedemo.com/reserve.php,643,0,0
1774386534365,414,3 - Comprar Passagem,200,OK,Teste de Carga - 250 usuarios 1-81,text,true,,6719,420,250,250,https://www.blazedemo.com/purchase.php,403,0,0
1774386531620,3159,1 - Acessar Home,200,OK,Teste de Carga - 250 usuarios 1-163,text,true,,4757,120,250,250,https://www.blazedemo.com/,3148,0,0
1774386533995,787,2 - Escolher Voo,200,OK,Teste de Carga - 250 usuarios 1-55,text,true,,7381,250,250,250,https://www.blazedemo.com/reserve.php,764,0,0
1774386534465,318,3 - Comprar Passagem,200,OK,Teste de Carga - 250 usuarios 1-218,text,true,,6719,420,250,250,https://www.blazedemo.com/purchase.php,304,0,0
1774386531589,3196,1 - Acessar Home,200,OK,Teste de Carga - 250 usuarios 1-107,text,true,,4757,120,250,250,https://www.blazedemo.com/,3184,0,0
1774386534519,269,3 - Comprar Passagem,200,OK,Teste de Carga - 250 usuarios 1-191,text,true,,6719,420,250,250,https://www.blazedemo.com/purchase.php,256,0,0
1774386534248,540,1 - Acessar Home,200,OK,Teste de Carga - 250 usuarios 1-239,text,true,,4757,120,250,250,https://www.blazedemo.com/,527,0,0
1774386534177,614,1 - Acessar Home,200,OK,Teste de Carga - 250 usuarios 1-193,text,true,,4757,120,250,250,https://www.blazedemo.com/,602,0,0
1774386534444,348,2 - Escolher Voo,200,OK,Teste de Carga - 250 usuarios 1-34,text,true,,7381,250,250,250,https://www.blazedemo.com/reserve.php,328,0,0
1774386534554,247,3 - Comprar Passagem,200,OK,Teste de Carga - 250 usuarios 1-178,text,true,,6719,420,250,250,https://www.blazedemo.com/purchase.php,236,0,0
1774386534198,609,1 - Acessar Home,200,OK,Teste de Carga - 250 usuarios 1-111,text,true,,4757,120,250,250,https://www.blazedemo.com/,597,0,0
1774386534565,243,3 - Comprar Passagem,200,OK,Teste de Carga - 250 usuarios 1-142,text,true,,6719,420,250,250,https://www.blazedemo.com/purchase.php,232,0,0
1774386534524,287,3 - Comprar Passagem,200,OK,Teste de Carga - 250 usuarios 1-64,text,true,,6719,420,250,250,https://www.blazedemo.com/purchase.php,275,0,0
1774386531467,3358,3 - Comprar Passagem,200,OK,Teste de Carga - 250 usuarios 1-12,text,true,,6719,420,250,250,https://www.blazedemo.com/purchase.php,3347,0,0
1774386530432,4394,1 - Acessar Home,200,OK,Teste de Carga - 250 usuarios 1-189,text,true,,4757,120,250,250,https://www.blazedemo.com/,4382,0,0
1774386532669,2162,3 - Comprar Passagem,200,OK,Teste de Carga - 250 usuarios 1-203,text,true,,6719,420,250,250,https://www.blazedemo.com/purchase.php,2149,0,0
1774386531629,3204,1 - Acessar Home,200,OK,Teste de Carga - 250 usuarios 1-192,text,true,,4757,120,250,250,https://www.blazedemo.com/,3192,0,0
1774386534329,505,3 - Comprar Passagem,200,OK,Teste de Carga - 250 usuarios 1-180,text,true,,6719,420,250,250,https://www.blazedemo.com/purchase.php,493,0,0
1774386534508,327,2 - Escolher Voo,200,OK,Teste de Carga - 250 usuarios 1-242,text,true,,7381,250,250,250,https://www.blazedemo.com/reserve.php,307,0,0
1774386534352,489,3 - Comprar Passagem,200,OK,Teste de Carga - 250 usuarios 1-236,text,true,,6719,420,250,250,https://www.blazedemo.com/purchase.php,477,0,0
1774386534516,338,2 - Escolher Voo,200,OK,Teste de Carga - 250 usuarios 1-174,text,true,,7381,250,250,250,https://www.blazedemo.com/reserve.php,321,0,0
1774386533488,1370,3 - Comprar Passagem,200,OK,Teste de Carga - 250 usuarios 1-207,text,true,,6719,420,250,250,https://www.blazedemo.com/purchase.php,1360,0,0
1774386534195,663,2 - Escolher Voo,200,OK,Teste de Carga - 250 usuarios 1-35,text,true,,7381,250,250,250,https://www.blazedemo.com/reserve.php,643,0,0
1774386532702,2157,2 - Escolher Voo,200,OK,Teste de Carga - 250 usuarios 1-144,text,true,,7381,250,250,250,https://www.blazedemo.com/reserve.php,2137,0,0
1774386534485,389,2 - Escolher Voo,200,OK,Teste de Carga - 250 usuarios 1-85,text,true,,7381,250,250,250,https://www.blazedemo.com/reserve.php,369,0,0
1774386534524,351,1 - Acessar Home,200,OK,Teste de Carga - 250 usuarios 1-79,text,true,,4757,120,250,250,https://www.blazedemo.com/,338,0,0
1774386534608,268,1 - Acessar Home,200,OK,Teste de Carga - 250 usuarios 1-22,text,true,,4757,120,250,250,https://www.blazedemo.com/,256,0,0
1774386534228,651,1 - Acessar Home,200,OK,Teste de Carga - 250 usuarios 1-249,text,true,,4757,120,250,250,https://www.blazedemo.com/,639,0,0
1774386534505,375,3 - Comprar Passagem,200,OK,Teste de Carga - 250 usuarios 1-206,text,true,,6719,420,250,250,https://www.blazedemo.com/purchase.php,363,0,0
1774386534178,704,1 - Acessar Home,200,OK,Teste de Carga - 250 usuarios 1-120,text,true,,4757,120,250,250,https://www.blazedemo.com/,692,0,0
1774386534070,815,2 - Escolher Voo,200,OK,Teste de Carga - 250 usuarios 1-230,text,true,,7381,250,250,250,https://www.blazedemo.com/reserve.php,795,0,0
1774386534422,468,1 - Acessar Home,200,OK,Teste de Carga - 250 usuarios 1-136,text,true,,4757,120,250,250,https://www.blazedemo.com/,456,0,0
1774386534282,610,3 - Comprar Passagem,200,OK,Teste de Carga - 250 usuarios 1-227,text,true,,6719,420,250,250,https://www.blazedemo.com/purchase.php,597,0,0
1774386534558,344,2 - Escolher Voo,200,OK,Teste de Carga - 250 usuarios 1-117,text,true,,7381,250,250,250,https://www.blazedemo.com/reserve.php,321,0,0
1774386531471,3434,1 - Acessar Home,200,OK,Teste de Carga - 250 usuarios 1-104,text,true,,4757,120,250,250,https://www.blazedemo.com/,3422,0,0
1774386534037,881,3 - Comprar Passagem,200,OK,Teste de Carga - 250 usuarios 1-54,text,true,,6719,420,250,250,https://www.blazedemo.com/purchase.php,870,0,0
1774386534187,734,1 - Acessar Home,200,OK,Teste de Carga - 250 usuarios 1-138,text,true,,4757,120,250,250,https://www.blazedemo.com/,721,0,0
1774386534676,246,3 - Comprar Passagem,200,OK,Teste de Carga - 250 usuarios 1-39,text,true,,6719,420,250,250,https://www.blazedemo.com/purchase.php,235,0,0
1774386533573,1358,2 - Escolher Voo,200,OK,Teste de Carga - 250 usuarios 1-197,text,true,,7381,250,250,250,https://www.blazedemo.com/reserve.php,1338,0,0
1774386534682,250,1 - Acessar Home,200,OK,Teste de Carga - 250 usuarios 1-215,text,true,,4757,120,250,250,https://www.blazedemo.com/,238,0,0
1774386534629,312,1 - Acessar Home,200,OK,Teste de Carga - 250 usuarios 1-24,text,true,,4757,120,250,250,https://www.blazedemo.com/,300,0,0
1774386530439,4504,1 - Acessar Home,200,OK,Teste de Carga - 250 usuarios 1-208,text,true,,4757,120,250,250,https://www.blazedemo.com/,4494,0,0
1774386534616,329,2 - Escolher Voo,200,OK,Teste de Carga - 250 usuarios 1-226,text,true,,7381,250,250,250,https://www.blazedemo.com/reserve.php,310,0,0
1774386534598,356,1 - Acessar Home,200,OK,Teste de Carga - 250 usuarios 1-205,text,true,,4757,120,250,250,https://www.blazedemo.com/,342,0,0
1774386534534,423,3 - Comprar Passagem,200,OK,Teste de Carga - 250 usuarios 1-122,text,true,,6719,420,250,250,https://www.blazedemo.com/purchase.php,411,0,0
1774386532897,2065,1 - Acessar Home,200,OK,Teste de Carga - 250 usuarios 1-106,text,true,,4757,120,250,250,https://www.blazedemo.com/,2053,0,0
1774386534224,738,2 - Escolher Voo,200,OK,Teste de Carga - 250 usuarios 1-114,text,true,,7381,250,250,250,https://www.blazedemo.com/reserve.php,718,0,0
1774386531665,3306,1 - Acessar Home,200,OK,Teste de Carga - 250 usuarios 1-232,text,true,,4757,120,250,250,https://www.blazedemo.com/,3294,0,0
1774386534573,400,2 - Escolher Voo,200,OK,Teste de Carga - 250 usuarios 1-198,text,true,,7381,250,250,250,https://www.blazedemo.com/reserve.php,380,0,0
1774386532897,2077,1 - Acessar Home,200,OK,Teste de Carga - 250 usuarios 1-96,text,true,,4757,120,250,250,https://www.blazedemo.com/,2066,0,0
1774386534088,892,3 - Comprar Passagem,200,OK,Teste de Carga - 250 usuarios 1-153,text,true,,6719,420,250,250,https://www.blazedemo.com/purchase.php,879,0,0
1774386534687,293,3 - Comprar Passagem,200,OK,Teste de Carga - 250 usuarios 1-141,text,true,,6719,420,250,250,https://www.blazedemo.com/purchase.php,281,0,0
1774386534600,380,2 - Escolher Voo,200,OK,Teste de Carga - 250 usuarios 1-177,text,true,,7381,250,250,250,https://www.blazedemo.com/reserve.php,360,0,0
1774386534578,406,1 - Acessar Home,200,OK,Teste de Carga - 250 usuarios 1-147,text,true,,4757,120,250,250,https://www.blazedemo.com/,394,0,0
1774386534415,569,1 - Acessar Home,200,OK,Teste de Carga - 250 usuarios 1-66,text,true,,4757,120,250,250,https://www.blazedemo.com/,558,0,0
1774386534497,490,2 - Escolher Voo,200,OK,Teste de Carga - 250 usuarios 1-23,text,true,,7381,250,250,250,https://www.blazedemo.com/reserve.php,474,0,0
1774386534714,276,2 - Escolher Voo,200,OK,Teste de Carga - 250 usuarios 1-126,text,true,,7381,250,250,250,https://www.blazedemo.com/reserve.php,264,0,0
1774386534265,729,1 - Acessar Home,200,OK,Teste de Carga - 250 usuarios 1-234,text,true,,4757,120,250,250,https://www.blazedemo.com/,717,0,0
1774386534106,888,2 - Escolher Voo,200,OK,Teste de Carga - 250 usuarios 1-95,text,true,,7381,250,250,250,https://www.blazedemo.com/reserve.php,868,0,0
1774386531661,3338,1 - Acessar Home,200,OK,Teste de Carga - 250 usuarios 1-244,text,true,,4757,120,250,250,https://www.blazedemo.com/,3326,0,0
1774386533641,1362,2 - Escolher Voo,200,OK,Teste de Carga - 250 usuarios 1-41,text,true,,7381,250,250,250,https://www.blazedemo.com/reserve.php,1340,0,0
1774386534722,285,3 - Comprar Passagem,200,OK,Teste de Carga - 250 usuarios 1-130,text,true,,6719,420,250,250,https://www.blazedemo.com/purchase.php,272,0,0
1774386534755,259,1 - Acessar Home,200,OK,Teste de Carga - 250 usuarios 1-200,text,true,,4757,120,250,250,https://www.blazedemo.com/,248,0,0
1774386534494,527,3 - Comprar Passagem,200,OK,Teste de Carga - 250 usuarios 1-194,text,true,,6719,420,250,250,https://www.blazedemo.com/purchase.php,514,0,0
1774386534510,511,2 - Escolher Voo,200,OK,Teste de Carga - 250 usuarios 1-15,text,true,,7381,250,250,250,https://www.blazedemo.com/reserve.php,491,0,0
1774386534544,482,1 - Acessar Home,200,OK,Teste de Carga - 250 usuarios 1-237,text,true,,4757,120,250,250,https://www.blazedemo.com/,470,0,0
1774386534218,809,2 - Escolher Voo,200,OK,Teste de Carga - 250 usuarios 1-164,text,true,,7381,250,250,250,https://www.blazedemo.com/reserve.php,790,0,0
1774386534753,283,2 - Escolher Voo,200,OK,Teste de Carga - 250 usuarios 1-105,text,true,,7381,250,250,250,https://www.blazedemo.com/reserve.php,267,0,0
1774386534779,270,1 - Acessar Home,200,OK,Teste de Carga - 250 usuarios 1-81,text,true,,4757,120,250,250,https://www.blazedemo.com/,257,0,0
1774386534676,375,1 - Acessar Home,200,OK,Teste de Carga - 250 usuarios 1-150,text,true,,4757,120,250,250,https://www.blazedemo.com/,362,0,0
1774386534769,288,1 - Acessar Home,200,OK,Teste de Carga - 250 usuarios 1-44,text,true,,4757,120,250,250,https://www.blazedemo.com/,277,0,0
1774386534638,427,1 - Acessar Home,200,OK,Teste de Carga - 250 usuarios 1-3,text,true,,4757,120,250,250,https://www.blazedemo.com/,417,0,0
1774386534411,655,3 - Comprar Passagem,200,OK,Teste de Carga - 250 usuarios 1-134,text,true,,6719,420,250,250,https://www.blazedemo.com/purchase.php,643,0,0
1774386534650,416,1 - Acessar Home,200,OK,Teste de Carga - 250 usuarios 1-156,text,true,,4757,120,250,250,https://www.blazedemo.com/,404,0,0
1774386534801,275,1 - Acessar Home,200,OK,Teste de Carga - 250 usuarios 1-178,text,true,,4757,120,250,250,https://www.blazedemo.com/,262,0,0
1774386531715,3365,3 - Comprar Passagem,200,OK,Teste de Carga - 250 usuarios 1-33,text,true,,6719,420,250,250,https://www.blazedemo.com/purchase.php,3352,0,0
1774386534766,314,2 - Escolher Voo,200,OK,Teste de Carga - 250 usuarios 1-241,text,true,,7381,250,250,250,https://www.blazedemo.com/reserve.php,297,0,0
1774386530596,4486,2 - Escolher Voo,200,OK,Teste de Carga - 250 usuarios 1-168,text,true,,7381,250,250,250,https://www.blazedemo.com/reserve.php,4465,0,0
1774386534199,882,3 - Comprar Passagem,200,OK,Teste de Carga - 250 usuarios 1-166,text,true,,6719,420,250,250,https://www.blazedemo.com/purchase.php,865,0,0
1774386534835,257,1 - Acessar Home,200,OK,Teste de Carga - 250 usuarios 1-180,text,true,,4757,120,250,250,https://www.blazedemo.com/,245,0,0
1774386532962,2132,2 - Escolher Voo,200,OK,Teste de Carga - 250 usuarios 1-131,text,true,,7381,250,250,250,https://www.blazedemo.com/reserve.php,2112,0,0
1774386532966,2129,2 - Escolher Voo,200,OK,Teste de Carga - 250 usuarios 1-2,text,true,,7381,250,250,250,https://www.blazedemo.com/reserve.php,2109,0,0
1774386534751,346,3 - Comprar Passagem,200,OK,Teste de Carga - 250 usuarios 1-216,text,true,,6719,420,250,250,https://www.blazedemo.com/purchase.php,333,0,0
1774386534788,313,2 - Escolher Voo,200,OK,Teste de Carga - 250 usuarios 1-239,text,true,,7381,250,250,250,https://www.blazedemo.com/reserve.php,296,0,0
1774386533780,1322,3 - Comprar Passagem,200,OK,Teste de Carga - 250 usuarios 1-221,text,true,,6719,420,250,250,https://www.blazedemo.com/purchase.php,1308,0,0
1774386534785,328,2 - Escolher Voo,200,OK,Teste de Carga - 250 usuarios 1-107,text,true,,7381,250,250,250,https://www.blazedemo.com/reserve.php,308,0,0
1774386531791,3324,1 - Acessar Home,200,OK,Teste de Carga - 250 usuarios 1-212,text,true,,4757,120,250,250,https://www.blazedemo.com/,3311,0,0
1774386534627,488,3 - Comprar Passagem,200,OK,Teste de Carga - 250 usuarios 1-20,text,true,,6719,420,250,250,https://www.blazedemo.com/purchase.php,475,0,0
1774386534708,409,3 - Comprar Passagem,200,OK,Teste de Carga - 250 usuarios 1-29,text,true,,6719,420,250,250,https://www.blazedemo.com/purchase.php,396,0,0
1774386534422,699,1 - Acessar Home,200,OK,Teste de Carga - 250 usuarios 1-102,text,true,,4757,120,250,250,https://www.blazedemo.com/,687,0,0
1774386534775,346,2 - Escolher Voo,200,OK,Teste de Carga - 250 usuarios 1-115,text,true,,7381,250,250,250,https://www.blazedemo.com/reserve.php,326,0,0
1774386534567,554,2 - Escolher Voo,200,OK,Teste de Carga - 250 usuarios 1-214,text,true,,7381,250,250,250,https://www.blazedemo.com/reserve.php,534,0,0
1774386534588,546,1 - Acessar Home,200,OK,Teste de Carga - 250 usuarios 1-245,text,true,,4757,120,250,250,https://www.blazedemo.com/,534,0,0
1774386534145,990,2 - Escolher Voo,200,OK,Teste de Carga - 250 usuarios 1-112,text,true,,7381,250,250,250,https://www.blazedemo.com/reserve.php,970,0,0
1774386533856,1289,2 - Escolher Voo,200,OK,Teste de Carga - 250 usuarios 1-18,text,true,,7381,250,250,250,https://www.blazedemo.com/reserve.php,1268,0,0
1774386534811,343,1 - Acessar Home,200,OK,Teste de Carga - 250 usuarios 1-64,text,true,,4757,120,250,250,https://www.blazedemo.com/,331,0,0
1774386530715,4450,1 - Acessar Home,200,OK,Teste de Carga - 250 usuarios 1-243,text,true,,4757,120,250,250,https://www.blazedemo.com/,4439,0,0
1774386534791,374,2 - Escolher Voo,200,OK,Teste de Carga - 250 usuarios 1-193,text,true,,7381,250,250,250,https://www.blazedemo.com/reserve.php,354,0,0
1774386534808,360,1 - Acessar Home,200,OK,Teste de Carga - 250 usuarios 1-142,text,true,,4757,120,250,250,https://www.blazedemo.com/,346,0,0
1774386534348,825,3 - Comprar Passagem,200,OK,Teste de Carga - 250 usuarios 1-100,text,true,,6719,420,250,250,https://www.blazedemo.com/purchase.php,813,0,0
1774386534783,392,3 - Comprar Passagem,200,OK,Teste de Carga - 250 usuarios 1-55,text,true,,6719,420,250,250,https://www.blazedemo.com/purchase.php,380,0,0
1774386534876,310,2 - Escolher Voo,200,OK,Teste de Carga - 250 usuarios 1-22,text,true,,7381,250,250,250,https://www.blazedemo.com/reserve.php,290,0,0
1774386534879,308,2 - Escolher Voo,200,OK,Teste de Carga - 250 usuarios 1-249,text,true,,7381,250,250,250,https://www.blazedemo.com/reserve.php,286,0,0
1774386534152,1050,1 - Acessar Home,200,OK,Teste de Carga - 250 usuarios 1-250,text,true,,4757,120,250,250,https://www.blazedemo.com/,1040,0,0
1774386532091,3114,2 - Escolher Voo,200,OK,Teste de Carga - 250 usuarios 1-171,text,true,,7381,250,250,250,https://www.blazedemo.com/reserve.php,3094,0,0
1774386534941,266,2 - Escolher Voo,200,OK,Teste de Carga - 250 usuarios 1-24,text,true,,7381,250,250,250,https://www.blazedemo.com/reserve.php,246,0,0
1774386533907,1300,1 - Acessar Home,200,OK,Teste de Carga - 250 usuarios 1-129,text,true,,4757,120,250,250,https://www.blazedemo.com/,1289,0,0
1774386534836,373,3 - Comprar Passagem,200,OK,Teste de Carga - 250 usuarios 1-242,text,true,,6719,420,250,250,https://www.blazedemo.com/purchase.php,358,0,0
1774386532978,2233,3 - Comprar Passagem,200,OK,Teste de Carga - 250 usuarios 1-71,text,true,,6719,420,250,250,https://www.blazedemo.com/purchase.php,2221,0,0
1774386534825,388,1 - Acessar Home,200,OK,Teste de Carga - 250 usuarios 1-12,text,true,,4757,120,250,250,https://www.blazedemo.com/,376,0,0
1774386534671,548,1 - Acessar Home,200,OK,Teste de Carga - 250 usuarios 1-219,text,true,,4757,120,250,250,https://www.blazedemo.com/,535,0,0
1774386534922,301,1 - Acessar Home,200,OK,Teste de Carga - 250 usuarios 1-39,text,true,,4757,120,250,250,https://www.blazedemo.com/,289,0,0
1774386534706,525,3 - Comprar Passagem,200,OK,Teste de Carga - 250 usuarios 1-5,text,true,,6719,420,250,250,https://www.blazedemo.com/purchase.php,513,0,0
1774386534550,691,3 - Comprar Passagem,200,OK,Teste de Carga - 250 usuarios 1-199,text,true,,6719,420,250,250,https://www.blazedemo.com/purchase.php,679,0,0
1774386534945,300,3 - Comprar Passagem,200,OK,Teste de Carga - 250 usuarios 1-226,text,true,,6719,420,250,250,https://www.blazedemo.com/purchase.php,288,0,0
1774386531967,3283,1 - Acessar Home,200,OK,Teste de Carga - 250 usuarios 1-8,text,true,,4757,120,250,250,https://www.blazedemo.com/,3272,0,0
1774386533919,1331,1 - Acessar Home,200,OK,Teste de Carga - 250 usuarios 1-158,text,true,,4757,120,250,250,https://www.blazedemo.com/,1320,0,0
1774386534671,583,2 - Escolher Voo,200,OK,Teste de Carga - 250 usuarios 1-97,text,true,,7381,250,250,250,https://www.blazedemo.com/reserve.php,562,0,0
1774386534859,403,3 - Comprar Passagem,200,OK,Teste de Carga - 250 usuarios 1-144,text,true,,6719,420,250,250,https://www.blazedemo.com/purchase.php,386,0,0
1774386534962,304,3 - Comprar Passagem,200,OK,Teste de Carga - 250 usuarios 1-114,text,true,,6719,420,250,250,https://www.blazedemo.com/purchase.php,292,0,0
1774386534677,593,1 - Acessar Home,200,OK,Teste de Carga - 250 usuarios 1-160,text,true,,4757,120,250,250,https://www.blazedemo.com/,581,0,0
1774386534999,275,2 - Escolher Voo,200,OK,Teste de Carga - 250 usuarios 1-244,text,true,,7381,250,250,250,https://www.blazedemo.com/reserve.php,257,0,0
1774386534858,416,3 - Comprar Passagem,200,OK,Teste de Carga - 250 usuarios 1-35,text,true,,6719,420,250,250,https://www.blazedemo.com/purchase.php,403,0,0
1774386534932,346,2 - Escolher Voo,200,OK,Teste de Carga - 250 usuarios 1-215,text,true,,7381,250,250,250,https://www.blazedemo.com/reserve.php,335,0,0
1774386530757,4523,2 - Escolher Voo,200,OK,Teste de Carga - 250 usuarios 1-89,text,true,,7381,250,250,250,https://www.blazedemo.com/reserve.php,4503,0,0
1774386534233,1052,2 - Escolher Voo,200,OK,Teste de Carga - 250 usuarios 1-173,text,true,,7381,250,250,250,https://www.blazedemo.com/reserve.php,1032,0,0
1774386534994,291,2 - Escolher Voo,200,OK,Teste de Carga - 250 usuarios 1-234,text,true,,7381,250,250,250,https://www.blazedemo.com/reserve.php,271,0,0
1774386535021,270,3 - Comprar Passagem,200,OK,Teste de Carga - 250 usuarios 1-15,text,true,,6719,420,250,250,https://www.blazedemo.com/purchase.php,259,0,0
1774386534974,318,2 - Escolher Voo,200,OK,Teste de Carga - 250 usuarios 1-96,text,true,,7381,250,250,250,https://www.blazedemo.com/reserve.php,297,0,0
1774386534600,701,3 - Comprar Passagem,200,OK,Teste de Carga - 250 usuarios 1-123,text,true,,6719,420,250,250,https://www.blazedemo.com/purchase.php,688,0,0
1774386533959,1351,1 - Acessar Home,200,OK,Teste de Carga - 250 usuarios 1-225,text,true,,4757,120,250,250,https://www.blazedemo.com/,1340,0,0
1774386534973,338,3 - Comprar Passagem,200,OK,Teste de Carga - 250 usuarios 1-198,text,true,,6719,420,250,250,https://www.blazedemo.com/purchase.php,326,0,0
1774386534882,431,2 - Escolher Voo,200,OK,Teste de Carga - 250 usuarios 1-120,text,true,,7381,250,250,250,https://www.blazedemo.com/reserve.php,414,0,0
1774386532309,3006,2 - Escolher Voo,200,OK,Teste de Carga - 250 usuarios 1-88,text,true,,7381,250,250,250,https://www.blazedemo.com/reserve.php,2986,0,0
1774386535066,257,2 - Escolher Voo,200,OK,Teste de Carga - 250 usuarios 1-156,text,true,,7381,250,250,250,https://www.blazedemo.com/reserve.php,236,0,0
1774386534372,954,2 - Escolher Voo,200,OK,Teste de Carga - 250 usuarios 1-46,text,true,,7381,250,250,250,https://www.blazedemo.com/reserve.php,933,0,0
1774386535057,274,2 - Escolher Voo,200,OK,Teste de Carga - 250 usuarios 1-44,text,true,,7381,250,250,250,https://www.blazedemo.com/reserve.php,254,0,0
1774386535026,311,2 - Escolher Voo,200,OK,Teste de Carga - 250 usuarios 1-237,text,true,,7381,250,250,250,https://www.blazedemo.com/reserve.php,291,0,0
1774386532992,2349,2 - Escolher Voo,200,OK,Teste de Carga - 250 usuarios 1-103,text,true,,7381,250,250,250,https://www.blazedemo.com/reserve.php,2328,0,0
1774386534971,374,2 - Escolher Voo,200,OK,Teste de Carga - 250 usuarios 1-232,text,true,,7381,250,250,250,https://www.blazedemo.com/reserve.php,353,0,0
1774386535021,329,1 - Acessar Home,200,OK,Teste de Carga - 250 usuarios 1-194,text,true,,4757,120,250,250,https://www.blazedemo.com/,316,0,0
1774386534833,517,2 - Escolher Voo,200,OK,Teste de Carga - 250 usuarios 1-192,text,true,,7381,250,250,250,https://www.blazedemo.com/reserve.php,497,0,0
1774386535082,275,1 - Acessar Home,200,OK,Teste de Carga - 250 usuarios 1-166,text,true,,4757,120,250,250,https://www.blazedemo.com/,263,0,0
1774386534783,575,1 - Acessar Home,200,OK,Teste de Carga - 250 usuarios 1-218,text,true,,4757,120,250,250,https://www.blazedemo.com/,562,0,0
1774386534209,1149,2 - Escolher Voo,200,OK,Teste de Carga - 250 usuarios 1-176,text,true,,7381,250,250,250,https://www.blazedemo.com/reserve.php,1129,0,0
1774386535027,333,3 - Comprar Passagem,200,OK,Teste de Carga - 250 usuarios 1-164,text,true,,6719,420,250,250,https://www.blazedemo.com/purchase.php,321,0,0
1774386534639,722,2 - Escolher Voo,200,OK,Teste de Carga - 250 usuarios 1-210,text,true,,7381,250,250,250,https://www.blazedemo.com/reserve.php,702,0,0
1774386534287,1079,2 - Escolher Voo,200,OK,Teste de Carga - 250 usuarios 1-40,text,true,,7381,250,250,250,https://www.blazedemo.com/reserve.php,1059,0,0
1774386535094,277,3 - Comprar Passagem,200,OK,Teste de Carga - 250 usuarios 1-131,text,true,,6719,420,250,250,https://www.blazedemo.com/purchase.php,264,0,0
1774386532147,3227,2 - Escolher Voo,200,OK,Teste de Carga - 250 usuarios 1-121,text,true,,7381,250,250,250,https://www.blazedemo.com/reserve.php,3206,0,0
1774386534980,398,3 - Comprar Passagem,200,OK,Teste de Carga - 250 usuarios 1-177,text,true,,6719,420,250,250,https://www.blazedemo.com/purchase.php,386,0,0
1774386530784,4596,2 - Escolher Voo,200,OK,Teste de Carga - 250 usuarios 1-31,text,true,,7381,250,250,250,https://www.blazedemo.com/reserve.php,4575,0,0
1774386535076,312,2 - Escolher Voo,200,OK,Teste de Carga - 250 usuarios 1-178,text,true,,7381,250,250,250,https://www.blazedemo.com/reserve.php,292,0,0
1774386535115,278,2 - Escolher Voo,200,OK,Teste de Carga - 250 usuarios 1-212,text,true,,7381,250,250,250,https://www.blazedemo.com/reserve.php,258,0,0
1774386535115,283,1 - Acessar Home,200,OK,Teste de Carga - 250 usuarios 1-20,text,true,,4757,120,250,250,https://www.blazedemo.com/,271,0,0
1774386534931,471,3 - Comprar Passagem,200,OK,Teste de Carga - 250 usuarios 1-197,text,true,,6719,420,250,250,https://www.blazedemo.com/purchase.php,459,0,0
1774386534890,514,2 - Escolher Voo,200,OK,Teste de Carga - 250 usuarios 1-136,text,true,,7381,250,250,250,https://www.blazedemo.com/reserve.php,494,0,0
1774386534645,770,2 - Escolher Voo,200,OK,Teste de Carga - 250 usuarios 1-133,text,true,,7381,250,250,250,https://www.blazedemo.com/reserve.php,748,0,0
1774386534018,1397,3 - Comprar Passagem,200,OK,Teste de Carga - 250 usuarios 1-151,text,true,,6719,420,250,250,https://www.blazedemo.com/purchase.php,1385,0,0
1774386535165,250,3 - Comprar Passagem,200,OK,Teste de Carga - 250 usuarios 1-193,text,true,,6719,420,250,250,https://www.blazedemo.com/purchase.php,238,0,0
1774386535113,307,3 - Comprar Passagem,200,OK,Teste de Carga - 250 usuarios 1-107,text,true,,6719,420,250,250,https://www.blazedemo.com/purchase.php,290,0,0
1774386532422,2999,1 - Acessar Home,200,OK,Teste de Carga - 250 usuarios 1-84,text,true,,4757,120,250,250,https://www.blazedemo.com/,2988,0,0
1774386535080,342,3 - Comprar Passagem,200,OK,Teste de Carga - 250 usuarios 1-241,text,true,,6719,420,250,250,https://www.blazedemo.com/purchase.php,326,0,0
1774386535165,260,2 - Escolher Voo,200,OK,Teste de Carga - 250 usuarios 1-243,text,true,,7381,250,250,250,https://www.blazedemo.com/reserve.php,240,0,0
1774386535092,335,2 - Escolher Voo,200,OK,Teste de Carga - 250 usuarios 1-180,text,true,,7381,250,250,250,https://www.blazedemo.com/reserve.php,315,0,0
1774386534831,601,1 - Acessar Home,200,OK,Teste de Carga - 250 usuarios 1-203,text,true,,4757,120,250,250,https://www.blazedemo.com/,589,0,0
1774386532428,3006,2 - Escolher Voo,200,OK,Teste de Carga - 250 usuarios 1-109,text,true,,7381,250,250,250,https://www.blazedemo.com/reserve.php,2987,0,0
1774386534881,556,1 - Acessar Home,200,OK,Teste de Carga - 250 usuarios 1-206,text,true,,4757,120,250,250,https://www.blazedemo.com/,545,0,0
1774386533276,2176,3 - Comprar Passagem,200,OK,Teste de Carga - 250 usuarios 1-10,text,true,,6719,420,250,250,https://www.blazedemo.com/purchase.php,2164,0,0
1774386535121,338,3 - Comprar Passagem,200,OK,Teste de Carga - 250 usuarios 1-115,text,true,,6719,420,250,250,https://www.blazedemo.com/purchase.php,325,0,0
1774386530809,4655,2 - Escolher Voo,200,OK,Teste de Carga - 250 usuarios 1-132,text,true,,7381,250,250,250,https://www.blazedemo.com/reserve.php,4635,0,0
1774386534905,569,2 - Escolher Voo,200,OK,Teste de Carga - 250 usuarios 1-104,text,true,,7381,250,250,250,https://www.blazedemo.com/reserve.php,549,0,0
1774386534226,1249,1 - Acessar Home,200,OK,Teste de Carga - 250 usuarios 1-125,text,true,,4757,120,250,250,https://www.blazedemo.com/,1238,0,0
1774386535121,358,2 - Escolher Voo,200,OK,Teste de Carga - 250 usuarios 1-102,text,true,,7381,250,250,250,https://www.blazedemo.com/reserve.php,338,0,0
1774386535168,319,2 - Escolher Voo,200,OK,Teste de Carga - 250 usuarios 1-142,text,true,,7381,250,250,250,https://www.blazedemo.com/reserve.php,299,0,0
1774386535242,246,1 - Acessar Home,200,OK,Teste de Carga - 250 usuarios 1-199,text,true,,4757,120,250,250,https://www.blazedemo.com/,234,0,0
1774386532195,3295,3 - Comprar Passagem,200,OK,Teste de Carga - 250 usuarios 1-209,text,true,,6719,420,250,250,https://www.blazedemo.com/purchase.php,3276,0,0
1774386534902,589,3 - Comprar Passagem,200,OK,Teste de Carga - 250 usuarios 1-117,text,true,,6719,420,250,250,https://www.blazedemo.com/purchase.php,577,0,0
1774386535145,346,3 - Comprar Passagem,200,OK,Teste de Carga - 250 usuarios 1-18,text,true,,6719,420,250,250,https://www.blazedemo.com/purchase.php,330,0,0
1774386534885,608,3 - Comprar Passagem,200,OK,Teste de Carga - 250 usuarios 1-230,text,true,,6719,420,250,250,https://www.blazedemo.com/purchase.php,596,0,0
1774386535154,343,2 - Escolher Voo,200,OK,Teste de Carga - 250 usuarios 1-64,text,true,,7381,250,250,250,https://www.blazedemo.com/reserve.php,327,0,0
1774386534354,1143,1 - Acessar Home,200,OK,Teste de Carga - 250 usuarios 1-30,text,true,,4757,120,250,250,https://www.blazedemo.com/,1131,0,0
1774386534443,1069,3 - Comprar Passagem,200,OK,Teste de Carga - 250 usuarios 1-248,text,true,,6719,420,250,250,https://www.blazedemo.com/purchase.php,1057,0,0
1774386535270,244,2 - Escolher Voo,200,OK,Teste de Carga - 250 usuarios 1-160,text,true,,7381,250,250,250,https://www.blazedemo.com/reserve.php,227,0,0
1774386534371,1144,1 - Acessar Home,200,OK,Teste de Carga - 250 usuarios 1-28,text,true,,4757,120,250,250,https://www.blazedemo.com/,1131,0,0
1774386535213,305,2 - Escolher Voo,200,OK,Teste de Carga - 250 usuarios 1-12,text,true,,7381,250,250,250,https://www.blazedemo.com/reserve.php,285,0,0
1774386534574,945,1 - Acessar Home,200,OK,Teste de Carga - 250 usuarios 1-92,text,true,,4757,120,250,250,https://www.blazedemo.com/,934,0,0
1774386534025,1498,2 - Escolher Voo,200,OK,Teste de Carga - 250 usuarios 1-62,text,true,,7381,250,250,250,https://www.blazedemo.com/reserve.php,1478,0,0
1774386534875,651,2 - Escolher Voo,200,OK,Teste de Carga - 250 usuarios 1-79,text,true,,7381,250,250,250,https://www.blazedemo.com/reserve.php,630,0,0
1774386535254,273,3 - Comprar Passagem,200,OK,Teste de Carga - 250 usuarios 1-97,text,true,,6719,420,250,250,https://www.blazedemo.com/purchase.php,261,0,0
1774386532496,3034,3 - Comprar Passagem,200,OK,Teste de Carga - 250 usuarios 1-83,text,true,,6719,420,250,250,https://www.blazedemo.com/purchase.php,3020,0,0
1774386535134,399,2 - Escolher Voo,200,OK,Teste de Carga - 250 usuarios 1-245,text,true,,7381,250,250,250,https://www.blazedemo.com/reserve.php,379,0,0
1774386535219,316,2 - Escolher Voo,200,OK,Teste de Carga - 250 usuarios 1-219,text,true,,7381,250,250,250,https://www.blazedemo.com/reserve.php,295,0,0
1774386535049,487,2 - Escolher Voo,200,OK,Teste de Carga - 250 usuarios 1-81,text,true,,7381,250,250,250,https://www.blazedemo.com/reserve.php,466,0,0
1774386535135,407,3 - Comprar Passagem,200,OK,Teste de Carga - 250 usuarios 1-112,text,true,,6719,420,250,250,https://www.blazedemo.com/purchase.php,395,0,0
1774386530848,4697,1 - Acessar Home,200,OK,Teste de Carga - 250 usuarios 1-224,text,true,,4757,120,250,250,https://www.blazedemo.com/,4686,0,0
1774386532556,2990,3 - Comprar Passagem,200,OK,Teste de Carga - 250 usuarios 1-169,text,true,,6719,420,250,250,https://www.blazedemo.com/purchase.php,2974,0,0
1774386535231,323,1 - Acessar Home,200,OK,Teste de Carga - 250 usuarios 1-5,text,true,,4757,120,250,250,https://www.blazedemo.com/,311,0,0
1774386535285,271,3 - Comprar Passagem,200,OK,Teste de Carga - 250 usuarios 1-173,text,true,,6719,420,250,250,https://www.blazedemo.com/purchase.php,254,0,0
1774386535262,298,1 - Acessar Home,200,OK,Teste de Carga - 250 usuarios 1-144,text,true,,4757,120,250,250,https://www.blazedemo.com/,286,0,0
1774386535311,249,1 - Acessar Home,200,OK,Teste de Carga - 250 usuarios 1-198,text,true,,4757,120,250,250,https://www.blazedemo.com/,237,0,0
1774386533372,2192,3 - Comprar Passagem,200,OK,Teste de Carga - 250 usuarios 1-74,text,true,,6719,420,250,250,https://www.blazedemo.com/purchase.php,2180,0,0
1774386534511,1055,3 - Comprar Passagem,200,OK,Teste de Carga - 250 usuarios 1-140,text,true,,6719,420,250,250,https://www.blazedemo.com/purchase.php,1043,0,0
1774386535315,257,3 - Comprar Passagem,200,OK,Teste de Carga - 250 usuarios 1-88,text,true,,6719,420,250,250,https://www.blazedemo.com/purchase.php,246,0,0
1774386535210,372,1 - Acessar Home,200,OK,Teste de Carga - 250 usuarios 1-242,text,true,,4757,120,250,250,https://www.blazedemo.com/,360,0,0
1774386534957,633,1 - Acessar Home,200,OK,Teste de Carga - 250 usuarios 1-122,text,true,,4757,120,250,250,https://www.blazedemo.com/,620,0,0
1774386532411,3183,2 - Escolher Voo,200,OK,Teste de Carga - 250 usuarios 1-195,text,true,,7381,250,250,250,https://www.blazedemo.com/reserve.php,3162,0,0
1774386535337,258,3 - Comprar Passagem,200,OK,Teste de Carga - 250 usuarios 1-237,text,true,,6719,420,250,250,https://www.blazedemo.com/purchase.php,246,0,0
1774386534980,620,1 - Acessar Home,200,OK,Teste de Carga - 250 usuarios 1-141,text,true,,4757,120,250,250,https://www.blazedemo.com/,608,0,0
1774386535187,415,3 - Comprar Passagem,200,OK,Teste de Carga - 250 usuarios 1-22,text,true,,6719,420,250,250,https://www.blazedemo.com/purchase.php,402,0,0
1774386535266,337,1 - Acessar Home,200,OK,Teste de Carga - 250 usuarios 1-114,text,true,,4757,120,250,250,https://www.blazedemo.com/,325,0,0
1774386535175,441,1 - Acessar Home,200,OK,Teste de Carga - 250 usuarios 1-55,text,true,,4757,120,250,250,https://www.blazedemo.com/,430,0,0
1774386534576,1042,3 - Comprar Passagem,200,OK,Teste de Carga - 250 usuarios 1-145,text,true,,6719,420,250,250,https://www.blazedemo.com/purchase.php,1029,0,0
1774386535205,415,3 - Comprar Passagem,200,OK,Teste de Carga - 250 usuarios 1-171,text,true,,6719,420,250,250,https://www.blazedemo.com/purchase.php,397,0,0
1774386534583,1041,3 - Comprar Passagem,200,OK,Teste de Carga - 250 usuarios 1-1,text,true,,6719,420,250,250,https://www.blazedemo.com/purchase.php,1029,0,0
1774386535361,265,3 - Comprar Passagem,200,OK,Teste de Carga - 250 usuarios 1-210,text,true,,6719,420,250,250,https://www.blazedemo.com/purchase.php,253,0,0
1774386534032,1594,3 - Comprar Passagem,200,OK,Teste de Carga - 250 usuarios 1-86,text,true,,6719,420,250,250,https://www.blazedemo.com/purchase.php,1582,0,0
1774386535345,285,3 - Comprar Passagem,200,OK,Teste de Carga - 250 usuarios 1-232,text,true,,6719,420,250,250,https://www.blazedemo.com/purchase.php,273,0,0
1774386534680,950,3 - Comprar Passagem,200,OK,Teste de Carga - 250 usuarios 1-235,text,true,,6719,420,250,250,https://www.blazedemo.com/purchase.php,938,0,0
1774386535082,552,3 - Comprar Passagem,200,OK,Teste de Carga - 250 usuarios 1-168,text,true,,6719,420,250,250,https://www.blazedemo.com/purchase.php,538,0,0
1774386534792,846,3 - Comprar Passagem,200,OK,Teste de Carga - 250 usuarios 1-34,text,true,,6719,420,250,250,https://www.blazedemo.com/purchase.php,835,0,0
1774386535350,300,3 - Comprar Passagem,200,OK,Teste de Carga - 250 usuarios 1-192,text,true,,6719,420,250,250,https://www.blazedemo.com/purchase.php,288,0,0
1774386535402,249,1 - Acessar Home,200,OK,Teste de Carga - 250 usuarios 1-197,text,true,,4757,120,250,250,https://www.blazedemo.com/,237,0,0
1774386531101,4551,2 - Escolher Voo,200,OK,Teste de Carga - 250 usuarios 1-59,text,true,,7381,250,250,250,https://www.blazedemo.com/reserve.php,4529,0,0
1774386532467,3189,1 - Acessar Home,200,OK,Teste de Carga - 250 usuarios 1-223,text,true,,4757,120,250,250,https://www.blazedemo.com/,3176,0,0
1774386533399,2266,2 - Escolher Voo,200,OK,Teste de Carga - 250 usuarios 1-21,text,true,,7381,250,250,250,https://www.blazedemo.com/reserve.php,2245,0,0
1774386532549,3121,3 - Comprar Passagem,200,OK,Teste de Carga - 250 usuarios 1-70,text,true,,6719,420,250,250,https://www.blazedemo.com/purchase.php,3109,0,0
1774386535371,299,1 - Acessar Home,200,OK,Teste de Carga - 250 usuarios 1-131,text,true,,4757,120,250,250,https://www.blazedemo.com/,287,0,0
1774386535415,255,1 - Acessar Home,200,OK,Teste de Carga - 250 usuarios 1-193,text,true,,4757,120,250,250,https://www.blazedemo.com/,244,0,0
1774386534954,730,2 - Escolher Voo,200,OK,Teste de Carga - 250 usuarios 1-205,text,true,,7381,250,250,250,https://www.blazedemo.com/reserve.php,711,0,0
1774386535459,238,1 - Acessar Home,200,OK,Teste de Carga - 250 usuarios 1-115,text,true,,4757,120,250,250,https://www.blazedemo.com/,226,0,0
1774386535202,499,2 - Escolher Voo,200,OK,Teste de Carga - 250 usuarios 1-250,text,true,,7381,250,250,250,https://www.blazedemo.com/reserve.php,479,0,0
1774386534685,1017,3 - Comprar Passagem,200,OK,Teste de Carga - 250 usuarios 1-231,text,true,,6719,420,250,250,https://www.blazedemo.com/purchase.php,1005,0,0
1774386535432,272,2 - Escolher Voo,200,OK,Teste de Carga - 250 usuarios 1-203,text,true,,7381,250,250,250,https://www.blazedemo.com/reserve.php,251,0,0
1774386535425,279,3 - Comprar Passagem,200,OK,Teste de Carga - 250 usuarios 1-243,text,true,,6719,420,250,250,https://www.blazedemo.com/purchase.php,262,0,0
1774386532655,3049,2 - Escolher Voo,200,OK,Teste de Carga - 250 usuarios 1-19,text,true,,7381,250,250,250,https://www.blazedemo.com/reserve.php,3028,0,0
1774386535398,309,2 - Escolher Voo,200,OK,Teste de Carga - 250 usuarios 1-20,text,true,,7381,250,250,250,https://www.blazedemo.com/reserve.php,290,0,0
1774386534990,720,3 - Comprar Passagem,200,OK,Teste de Carga - 250 usuarios 1-126,text,true,,6719,420,250,250,https://www.blazedemo.com/purchase.php,704,0,0
1774386535250,461,2 - Escolher Voo,200,OK,Teste de Carga - 250 usuarios 1-8,text,true,,7381,250,250,250,https://www.blazedemo.com/reserve.php,444,0,0
1774386535475,238,3 - Comprar Passagem,200,OK,Teste de Carga - 250 usuarios 1-104,text,true,,6719,420,250,250,https://www.blazedemo.com/purchase.php,226,0,0
1774386535374,339,3 - Comprar Passagem,200,OK,Teste de Carga - 250 usuarios 1-121,text,true,,6719,420,250,250,https://www.blazedemo.com/purchase.php,328,0,0
1774386535207,512,3 - Comprar Passagem,200,OK,Teste de Carga - 250 usuarios 1-24,text,true,,6719,420,250,250,https://www.blazedemo.com/purchase.php,500,0,0
1774386534874,846,3 - Comprar Passagem,200,OK,Teste de Carga - 250 usuarios 1-85,text,true,,6719,420,250,250,https://www.blazedemo.com/purchase.php,833,0,0
1774386535211,511,1 - Acessar Home,200,OK,Teste de Carga - 250 usuarios 1-71,text,true,,4757,120,250,250,https://www.blazedemo.com/,499,0,0
1774386534984,748,2 - Escolher Voo,200,OK,Teste de Carga - 250 usuarios 1-66,text,true,,7381,250,250,250,https://www.blazedemo.com/reserve.php,732,0,0
1774386535207,529,2 - Escolher Voo,200,OK,Teste de Carga - 250 usuarios 1-129,text,true,,7381,250,250,250,https://www.blazedemo.com/reserve.php,508,0,0
1774386535274,466,1 - Acessar Home,200,OK,Teste de Carga - 250 usuarios 1-35,text,true,,4757,120,250,250,https://www.blazedemo.com/,454,0,0
1774386534736,1005,3 - Comprar Passagem,200,OK,Teste de Carga - 250 usuarios 1-213,text,true,,6719,420,250,250,https://www.blazedemo.com/purchase.php,993,0,0
1774386535301,443,1 - Acessar Home,200,OK,Teste de Carga - 250 usuarios 1-123,text,true,,4757,120,250,250,https://www.blazedemo.com/,430,0,0
1774386535475,272,2 - Escolher Voo,200,OK,Teste de Carga - 250 usuarios 1-125,text,true,,7381,250,250,250,https://www.blazedemo.com/reserve.php,251,0,0
1774386535487,264,3 - Comprar Passagem,200,OK,Teste de Carga - 250 usuarios 1-142,text,true,,6719,420,250,250,https://www.blazedemo.com/purchase.php,252,0,0
1774386535452,300,1 - Acessar Home,200,OK,Teste de Carga - 250 usuarios 1-10,text,true,,4757,120,250,250,https://www.blazedemo.com/,288,0,0
1774386535422,336,1 - Acessar Home,200,OK,Teste de Carga - 250 usuarios 1-241,text,true,,4757,120,250,250,https://www.blazedemo.com/,323,0,0
1774386535380,385,3 - Comprar Passagem,200,OK,Teste de Carga - 250 usuarios 1-31,text,true,,6719,420,250,250,https://www.blazedemo.com/purchase.php,374,0,0
1774386535518,248,3 - Comprar Passagem,200,OK,Teste de Carga - 250 usuarios 1-12,text,true,,6719,420,250,250,https://www.blazedemo.com/purchase.php,236,0,0
1774386534706,1062,3 - Comprar Passagem,200,OK,Teste de Carga - 250 usuarios 1-183,text,true,,6719,420,250,250,https://www.blazedemo.com/purchase.php,1050,0,0
1774386532756,3016,1 - Acessar Home,200,OK,Teste de Carga - 250 usuarios 1-61,text,true,,4757,120,250,250,https://www.blazedemo.com/,3005,0,0
1774386533384,2393,3 - Comprar Passagem,200,OK,Teste de Carga - 250 usuarios 1-137,text,true,,6719,420,250,250,https://www.blazedemo.com/purchase.php,2381,0,0
1774386532814,2965,3 - Comprar Passagem,200,OK,Teste de Carga - 250 usuarios 1-204,text,true,,6719,420,250,250,https://www.blazedemo.com/purchase.php,2953,0,0
1774386535542,239,1 - Acessar Home,200,OK,Teste de Carga - 250 usuarios 1-112,text,true,,4757,120,250,250,https://www.blazedemo.com/,227,0,0
1774386535515,278,2 - Escolher Voo,200,OK,Teste de Carga - 250 usuarios 1-28,text,true,,7381,250,250,250,https://www.blazedemo.com/reserve.php,257,0,0
1774386535280,524,3 - Comprar Passagem,200,OK,Teste de Carga - 250 usuarios 1-89,text,true,,6719,420,250,250,https://www.blazedemo.com/purchase.php,509,0,0
1774386535420,386,1 - Acessar Home,200,OK,Teste de Carga - 250 usuarios 1-107,text,true,,4757,120,250,250,https://www.blazedemo.com/,375,0,0
1774386535479,329,3 - Comprar Passagem,200,OK,Teste de Carga - 250 usuarios 1-102,text,true,,6719,420,250,250,https://www.blazedemo.com/purchase.php,316,0,0
1774386535097,713,1 - Acessar Home,200,OK,Teste de Carga - 250 usuarios 1-216,text,true,,4757,120,250,250,https://www.blazedemo.com/,701,0,0
1774386535572,242,1 - Acessar Home,200,OK,Teste de Carga - 250 usuarios 1-88,text,true,,4757,120,250,250,https://www.blazedemo.com/,230,0,0
1774386532851,2963,2 - Escolher Voo,200,OK,Teste de Carga - 250 usuarios 1-36,text,true,,7381,250,250,250,https://www.blazedemo.com/reserve.php,2943,0,0
1774386535117,709,1 - Acessar Home,200,OK,Teste de Carga - 250 usuarios 1-29,text,true,,4757,120,250,250,https://www.blazedemo.com/,697,0,0
1774386535274,554,3 - Comprar Passagem,200,OK,Teste de Carga - 250 usuarios 1-244,text,true,,6719,420,250,250,https://www.blazedemo.com/purchase.php,538,0,0
1774386535519,322,2 - Escolher Voo,200,OK,Teste de Carga - 250 usuarios 1-92,text,true,,7381,250,250,250,https://www.blazedemo.com/reserve.php,302,0,0
1774386535527,318,1 - Acessar Home,200,OK,Teste de Carga - 250 usuarios 1-97,text,true,,4757,120,250,250,https://www.blazedemo.com/,306,0,0
1774386535358,489,2 - Escolher Voo,200,OK,Teste de Carga - 250 usuarios 1-218,text,true,,7381,250,250,250,https://www.blazedemo.com/reserve.php,469,0,0
1774386534921,929,2 - Escolher Voo,200,OK,Teste de Carga - 250 usuarios 1-138,text,true,,7381,250,250,250,https://www.blazedemo.com/reserve.php,909,0,0
1774386535626,227,1 - Acessar Home,200,OK,Teste de Carga - 250 usuarios 1-86,text,true,,4757,120,250,250,https://www.blazedemo.com/,216,0,0
1774386535488,367,2 - Escolher Voo,200,OK,Teste de Carga - 250 usuarios 1-199,text,true,,7381,250,250,250,https://www.blazedemo.com/reserve.php,347,0,0
1774386535526,329,3 - Comprar Passagem,200,OK,Teste de Carga - 250 usuarios 1-79,text,true,,6723,420,250,250,https://www.blazedemo.com/purchase.php,317,0,0
1774386535036,820,3 - Comprar Passagem,200,OK,Teste de Carga - 250 usuarios 1-105,text,true,,6719,420,250,250,https://www.blazedemo.com/purchase.php,808,0,0
1774386535534,324,3 - Comprar Passagem,200,OK,Teste de Carga - 250 usuarios 1-245,text,true,,6719,420,250,250,https://www.blazedemo.com/purchase.php,312,0,0
1774386534069,1793,2 - Escolher Voo,200,OK,Teste de Carga - 250 usuarios 1-222,text,true,,7381,250,250,250,https://www.blazedemo.com/reserve.php,1772,0,0
1774386535326,537,3 - Comprar Passagem,200,OK,Teste de Carga - 250 usuarios 1-46,text,true,,6719,420,250,250,https://www.blazedemo.com/purchase.php,524,0,0
1774386531150,4715,2 - Escolher Voo,200,OK,Teste de Carga - 250 usuarios 1-27,text,true,,7381,250,250,250,https://www.blazedemo.com/reserve.php,4694,0,0
1774386534841,1031,1 - Acessar Home,200,OK,Teste de Carga - 250 usuarios 1-236,text,true,,4757,120,250,250,https://www.blazedemo.com/,1020,0,0
1774386532820,3055,1 - Acessar Home,200,OK,Teste de Carga - 250 usuarios 1-6,text,true,,4757,120,250,250,https://www.blazedemo.com/,3043,0,0
1774386534858,1019,1 - Acessar Home,200,OK,Teste de Carga - 250 usuarios 1-207,text,true,,4757,120,250,250,https://www.blazedemo.com/,1007,0,0
1774386535497,380,2 - Escolher Voo,200,OK,Teste de Carga - 250 usuarios 1-30,text,true,,7381,250,250,250,https://www.blazedemo.com/reserve.php,364,0,0
1774386533417,2468,2 - Escolher Voo,200,OK,Teste de Carga - 250 usuarios 1-52,text,true,,7381,250,250,250,https://www.blazedemo.com/reserve.php,2447,0,0
1774386532868,3029,1 - Acessar Home,200,OK,Teste de Carga - 250 usuarios 1-233,text,true,,4757,120,250,250,https://www.blazedemo.com/,3019,0,0
1774386535602,304,1 - Acessar Home,200,OK,Teste de Carga - 250 usuarios 1-22,text,true,,4757,120,250,250,https://www.blazedemo.com/,293,0,0
1774386535652,256,3 - Comprar Passagem,200,OK,Teste de Carga - 250 usuarios 1-59,text,true,,6719,420,250,250,https://www.blazedemo.com/purchase.php,244,0,0
1774386535366,543,3 - Comprar Passagem,200,OK,Teste de Carga - 250 usuarios 1-40,text,true,,6719,420,250,250,https://www.blazedemo.com/purchase.php,531,0,0
1774386535427,486,3 - Comprar Passagem,200,OK,Teste de Carga - 250 usuarios 1-180,text,true,,6719,420,250,250,https://www.blazedemo.com/purchase.php,473,0,0
1774386534962,954,2 - Escolher Voo,200,OK,Teste de Carga - 250 usuarios 1-106,text,true,,7381,250,250,250,https://www.blazedemo.com/reserve.php,934,0,0
1774386532914,3005,2 - Escolher Voo,200,OK,Teste de Carga - 250 usuarios 1-157,text,true,,7381,250,250,250,https://www.blazedemo.com/reserve.php,2985,0,0
1774386535121,800,3 - Comprar Passagem,200,OK,Teste de Carga - 250 usuarios 1-214,text,true,,6719,420,250,250,https://www.blazedemo.com/purchase.php,790,0,0
1774386535437,485,2 - Escolher Voo,200,OK,Teste de Carga - 250 usuarios 1-206,text,true,,7381,250,250,250,https://www.blazedemo.com/reserve.php,468,0,0
1774386535535,395,3 - Comprar Passagem,200,OK,Teste de Carga - 250 usuarios 1-219,text,true,,6719,420,250,250,https://www.blazedemo.com/purchase.php,384,0,0
1774386535617,326,2 - Escolher Voo,200,OK,Teste de Carga - 250 usuarios 1-55,text,true,,7381,250,250,250,https://www.blazedemo.com/reserve.php,310,0,0
1774386535704,247,3 - Comprar Passagem,200,OK,Teste de Carga - 250 usuarios 1-19,text,true,,6719,420,250,250,https://www.blazedemo.com/purchase.php,235,0,0
1774386535701,262,3 - Comprar Passagem,200,OK,Teste de Carga - 250 usuarios 1-250,text,true,,6719,420,250,250,https://www.blazedemo.com/purchase.php,250,0,0
1774386535620,344,1 - Acessar Home,200,OK,Teste de Carga - 250 usuarios 1-171,text,true,,4757,120,250,250,https://www.blazedemo.com/,332,0,0
1774386535697,267,2 - Escolher Voo,200,OK,Teste de Carga - 250 usuarios 1-115,text,true,,7381,250,250,250,https://www.blazedemo.com/reserve.php,246,0,0
1774386535710,255,1 - Acessar Home,200,OK,Teste de Carga - 250 usuarios 1-126,text,true,,4757,120,250,250,https://www.blazedemo.com/,241,0,0
1774386535555,410,2 - Escolher Voo,200,OK,Teste de Carga - 250 usuarios 1-5,text,true,,7381,250,250,250,https://www.blazedemo.com/reserve.php,390,0,0
1774386534980,991,1 - Acessar Home,200,OK,Teste de Carga - 250 usuarios 1-153,text,true,,4757,120,250,250,https://www.blazedemo.com/,980,0,0
1774386534088,1887,1 - Acessar Home,200,OK,Teste de Carga - 250 usuarios 1-220,text,true,,4757,120,250,250,https://www.blazedemo.com/,1876,0,0
1774386535560,416,2 - Escolher Voo,200,OK,Teste de Carga - 250 usuarios 1-144,text,true,,7381,250,250,250,https://www.blazedemo.com/reserve.php,396,0,0
1774386535711,275,3 - Comprar Passagem,200,OK,Teste de Carga - 250 usuarios 1-8,text,true,,6719,420,250,250,https://www.blazedemo.com/purchase.php,263,0,0
1774386531210,4778,1 - Acessar Home,200,OK,Teste de Carga - 250 usuarios 1-175,text,true,,4757,120,250,250,https://www.blazedemo.com/,4766,0,0
1774386535618,373,1 - Acessar Home,200,OK,Teste de Carga - 250 usuarios 1-145,text,true,,4757,120,250,250,https://www.blazedemo.com/,361,0,0
1774386533648,2345,1 - Acessar Home,200,OK,Teste de Carga - 250 usuarios 1-32,text,true,,4757,120,250,250,https://www.blazedemo.com/,2333,0,0
1774386535187,820,3 - Comprar Passagem,200,OK,Teste de Carga - 250 usuarios 1-249,text,true,,6719,420,250,250,https://www.blazedemo.com/purchase.php,804,0,0
1774386535740,269,2 - Escolher Voo,200,OK,Teste de Carga - 250 usuarios 1-35,text,true,,7381,250,250,250,https://www.blazedemo.com/reserve.php,249,0,0
1774386535702,308,1 - Acessar Home,200,OK,Teste de Carga - 250 usuarios 1-231,text,true,,4757,120,250,250,https://www.blazedemo.com/,295,0,0
1774386535722,289,2 - Escolher Voo,200,OK,Teste de Carga - 250 usuarios 1-71,text,true,,7381,250,250,250,https://www.blazedemo.com/reserve.php,267,0,0
1774386535560,451,2 - Escolher Voo,200,OK,Teste de Carga - 250 usuarios 1-198,text,true,,7381,250,250,250,https://www.blazedemo.com/reserve.php,430,0,0
1774386533151,2863,2 - Escolher Voo,200,OK,Teste de Carga - 250 usuarios 1-179,text,true,,7381,250,250,250,https://www.blazedemo.com/reserve.php,2846,0,0
1774386535639,381,1 - Acessar Home,200,OK,Teste de Carga - 250 usuarios 1-34,text,true,,4757,120,250,250,https://www.blazedemo.com/,369,0,0
1774386535415,615,1 - Acessar Home,200,OK,Teste de Carga - 250 usuarios 1-151,text,true,,4757,120,250,250,https://www.blazedemo.com/,603,0,0
1774386533174,2870,3 - Comprar Passagem,200,OK,Teste de Carga - 250 usuarios 1-72,text,true,,6719,420,250,250,https://www.blazedemo.com/purchase.php,2858,0,0
1774386535003,1042,3 - Comprar Passagem,200,OK,Teste de Carga - 250 usuarios 1-41,text,true,,6719,420,250,250,https://www.blazedemo.com/purchase.php,1026,0,0
1774386535173,879,1 - Acessar Home,200,OK,Teste de Carga - 250 usuarios 1-100,text,true,,4757,120,250,250,https://www.blazedemo.com/,867,0,0
1774386534984,1070,2 - Escolher Voo,200,OK,Teste de Carga - 250 usuarios 1-147,text,true,,7381,250,250,250,https://www.blazedemo.com/reserve.php,1046,0,0
1774386535804,257,1 - Acessar Home,200,OK,Teste de Carga - 250 usuarios 1-89,text,true,,4757,120,250,250,https://www.blazedemo.com/,246,0,0
1774386535747,321,3 - Comprar Passagem,200,OK,Teste de Carga - 250 usuarios 1-125,text,true,,6719,420,250,250,https://www.blazedemo.com/purchase.php,309,0,0
1774386532850,3219,3 - Comprar Passagem,200,OK,Teste de Carga - 250 usuarios 1-77,text,true,,6719,420,250,250,https://www.blazedemo.com/purchase.php,3202,0,0
1774386535713,359,1 - Acessar Home,200,OK,Teste de Carga - 250 usuarios 1-104,text,true,,4757,120,250,250,https://www.blazedemo.com/,347,0,0
1774386535624,452,1 - Acessar Home,200,OK,Teste de Carga - 250 usuarios 1-1,text,true,,4757,120,250,250,https://www.blazedemo.com/,440,0,0
1774386535808,269,1 - Acessar Home,200,OK,Teste de Carga - 250 usuarios 1-102,text,true,,4757,120,250,250,https://www.blazedemo.com/,258,0,0
1774386535530,550,1 - Acessar Home,200,OK,Teste de Carga - 250 usuarios 1-83,text,true,,4757,120,250,250,https://www.blazedemo.com/,538,0,0
1774386535779,304,1 - Acessar Home,200,OK,Teste de Carga - 250 usuarios 1-204,text,true,,4757,120,250,250,https://www.blazedemo.com/,292,0,0
1774386534329,1763,2 - Escolher Voo,200,OK,Teste de Carga - 250 usuarios 1-127,text,true,,7381,250,250,250,https://www.blazedemo.com/reserve.php,1743,0,0
1774386535223,869,2 - Escolher Voo,200,OK,Teste de Carga - 250 usuarios 1-39,text,true,,7381,250,250,250,https://www.blazedemo.com/reserve.php,849,0,0
1774386535583,513,2 - Escolher Voo,200,OK,Teste de Carga - 250 usuarios 1-242,text,true,,7381,250,250,250,https://www.blazedemo.com/reserve.php,493,0,0
1774386533684,2414,1 - Acessar Home,200,OK,Teste de Carga - 250 usuarios 1-51,text,true,,4757,120,250,250,https://www.blazedemo.com/,2401,0,0
1774386535806,293,2 - Escolher Voo,200,OK,Teste de Carga - 250 usuarios 1-107,text,true,,7381,250,250,250,https://www.blazedemo.com/reserve.php,273,0,0
1774386535810,292,2 - Escolher Voo,200,OK,Teste de Carga - 250 usuarios 1-216,text,true,,7381,250,250,250,https://www.blazedemo.com/reserve.php,271,0,0
1774386535826,277,2 - Escolher Voo,200,OK,Teste de Carga - 250 usuarios 1-29,text,true,,7381,250,250,250,https://www.blazedemo.com/reserve.php,257,0,0
1774386531357,4749,2 - Escolher Voo,200,OK,Teste de Carga - 250 usuarios 1-172,text,true,,7381,250,250,250,https://www.blazedemo.com/reserve.php,4733,0,0
1774386535656,456,2 - Escolher Voo,200,OK,Teste de Carga - 250 usuarios 1-223,text,true,,7381,250,250,250,https://www.blazedemo.com/reserve.php,436,0,0
1774386535421,710,2 - Escolher Voo,200,OK,Teste de Carga - 250 usuarios 1-84,text,true,,7381,250,250,250,https://www.blazedemo.com/reserve.php,692,0,0
1774386535850,281,3 - Comprar Passagem,200,OK,Teste de Carga - 250 usuarios 1-138,text,true,,6719,420,250,250,https://www.blazedemo.com/purchase.php,268,0,0
1774386535052,1079,2 - Escolher Voo,200,OK,Teste de Carga - 250 usuarios 1-150,text,true,,7381,250,250,250,https://www.blazedemo.com/reserve.php,1058,0,0
1774386535814,327,2 - Escolher Voo,200,OK,Teste de Carga - 250 usuarios 1-88,text,true,,7381,250,250,250,https://www.blazedemo.com/reserve.php,307,0,0
1774386535877,266,3 - Comprar Passagem,200,OK,Teste de Carga - 250 usuarios 1-30,text,true,,6719,420,250,250,https://www.blazedemo.com/purchase.php,254,0,0
1774386535847,303,3 - Comprar Passagem,200,OK,Teste de Carga - 250 usuarios 1-218,text,true,,6719,420,250,250,https://www.blazedemo.com/purchase.php,286,0,0
1774386535855,298,1 - Acessar Home,200,OK,Teste de Carga - 250 usuarios 1-79,text,true,,4757,120,250,250,https://www.blazedemo.com/,286,0,0
1774386535845,310,2 - Escolher Voo,200,OK,Teste de Carga - 250 usuarios 1-97,text,true,,7381,250,250,250,https://www.blazedemo.com/reserve.php,290,0,0
1774386535250,908,2 - Escolher Voo,200,OK,Teste de Carga - 250 usuarios 1-158,text,true,,7381,250,250,250,https://www.blazedemo.com/reserve.php,888,0,0
1774386535875,288,2 - Escolher Voo,200,OK,Teste de Carga - 250 usuarios 1-6,text,true,,7381,250,250,250,https://www.blazedemo.com/reserve.php,268,0,0
1774386535650,521,1 - Acessar Home,200,OK,Teste de Carga - 250 usuarios 1-192,text,true,,4757,120,250,250,https://www.blazedemo.com/,508,0,0
1774386535866,305,3 - Comprar Passagem,200,OK,Teste de Carga - 250 usuarios 1-27,text,true,,6719,420,250,250,https://www.blazedemo.com/purchase.php,293,0,0
1774386535751,429,1 - Acessar Home,200,OK,Teste de Carga - 250 usuarios 1-142,text,true,,4757,120,250,250,https://www.blazedemo.com/,416,0,0
1774386535245,946,1 - Acessar Home,200,OK,Teste de Carga - 250 usuarios 1-226,text,true,,4757,120,250,250,https://www.blazedemo.com/,935,0,0
1774386535066,1129,2 - Escolher Voo,200,OK,Teste de Carga - 250 usuarios 1-3,text,true,,7381,250,250,250,https://www.blazedemo.com/reserve.php,1109,0,0
1774386533760,2439,1 - Acessar Home,200,OK,Teste de Carga - 250 usuarios 1-155,text,true,,4757,120,250,250,https://www.blazedemo.com/,2427,0,0
1774386535856,343,1 - Acessar Home,200,OK,Teste de Carga - 250 usuarios 1-105,text,true,,4757,120,250,250,https://www.blazedemo.com/,332,0,0
1774386531351,4853,2 - Escolher Voo,200,OK,Teste de Carga - 250 usuarios 1-98,text,true,,7381,250,250,250,https://www.blazedemo.com/reserve.php,4833,0,0
1774386535897,312,2 - Escolher Voo,200,OK,Teste de Carga - 250 usuarios 1-233,text,true,,7381,250,250,250,https://www.blazedemo.com/reserve.php,291,0,0
1774386535341,873,3 - Comprar Passagem,200,OK,Teste de Carga - 250 usuarios 1-103,text,true,,6719,420,250,250,https://www.blazedemo.com/purchase.php,860,0,0
1774386535855,361,3 - Comprar Passagem,200,OK,Teste de Carga - 250 usuarios 1-199,text,true,,6719,420,250,250,https://www.blazedemo.com/purchase.php,349,0,0
1774386535491,734,1 - Acessar Home,200,OK,Teste de Carga - 250 usuarios 1-117,text,true,,4757,120,250,250,https://www.blazedemo.com/,722,0,0
1774386535863,369,1 - Acessar Home,200,OK,Teste de Carga - 250 usuarios 1-46,text,true,,4757,120,250,250,https://www.blazedemo.com/,357,0,0
1774386533355,2883,3 - Comprar Passagem,200,OK,Teste de Carga - 250 usuarios 1-67,text,true,,6719,420,250,250,https://www.blazedemo.com/purchase.php,2870,0,0
1774386535965,273,3 - Comprar Passagem,200,OK,Teste de Carga - 250 usuarios 1-5,text,true,,6719,420,250,250,https://www.blazedemo.com/purchase.php,260,0,0
1774386535913,327,1 - Acessar Home,200,OK,Teste de Carga - 250 usuarios 1-180,text,true,,4757,120,250,250,https://www.blazedemo.com/,316,0,0
1774386535665,580,3 - Comprar Passagem,200,OK,Teste de Carga - 250 usuarios 1-21,text,true,,6719,420,250,250,https://www.blazedemo.com/purchase.php,561,0,0
1774386535858,388,1 - Acessar Home,200,OK,Teste de Carga - 250 usuarios 1-245,text,true,,4757,120,250,250,https://www.blazedemo.com/,376,0,0
1774386535976,273,3 - Comprar Passagem,200,OK,Teste de Carga - 250 usuarios 1-144,text,true,,6719,420,250,250,https://www.blazedemo.com/purchase.php,261,0,0
1774386535951,299,1 - Acessar Home,200,OK,Teste de Carga - 250 usuarios 1-19,text,true,,4757,120,250,250,https://www.blazedemo.com/,287,0,0
1774386535992,261,2 - Escolher Voo,200,OK,Teste de Carga - 250 usuarios 1-145,text,true,,7381,250,250,250,https://www.blazedemo.com/reserve.php,242,0,0
1774386535964,289,3 - Comprar Passagem,200,OK,Teste de Carga - 250 usuarios 1-115,text,true,,6719,420,250,250,https://www.blazedemo.com/purchase.php,277,0,0
1774386535331,931,3 - Comprar Passagem,200,OK,Teste de Carga - 250 usuarios 1-44,text,true,,6719,420,250,250,https://www.blazedemo.com/purchase.php,919,0,0
1774386535916,351,3 - Comprar Passagem,200,OK,Teste de Carga - 250 usuarios 1-106,text,true,,6719,420,250,250,https://www.blazedemo.com/purchase.php,334,0,0
1774386535963,307,1 - Acessar Home,200,OK,Teste de Carga - 250 usuarios 1-250,text,true,,4757,120,250,250,https://www.blazedemo.com/,295,0,0
1774386535853,424,2 - Escolher Voo,200,OK,Teste de Carga - 250 usuarios 1-86,text,true,,7381,250,250,250,https://www.blazedemo.com/reserve.php,405,0,0
1774386535923,359,3 - Comprar Passagem,200,OK,Teste de Carga - 250 usuarios 1-206,text,true,,6719,420,250,250,https://www.blazedemo.com/purchase.php,347,0,0
1774386535670,617,2 - Escolher Voo,200,OK,Teste de Carga - 250 usuarios 1-131,text,true,,7381,250,250,250,https://www.blazedemo.com/reserve.php,593,0,0
1774386535964,333,2 - Escolher Voo,200,OK,Teste de Carga - 250 usuarios 1-171,text,true,,7381,250,250,250,https://www.blazedemo.com/reserve.php,313,0,0
1774386535720,579,1 - Acessar Home,200,OK,Teste de Carga - 250 usuarios 1-85,text,true,,4757,120,250,250,https://www.blazedemo.com/,569,0,0
1774386536020,284,2 - Escolher Voo,200,OK,Teste de Carga - 250 usuarios 1-34,text,true,,7381,250,250,250,https://www.blazedemo.com/reserve.php,264,0,0
1774386534433,1875,3 - Comprar Passagem,200,OK,Teste de Carga - 250 usuarios 1-49,text,true,,6719,420,250,250,https://www.blazedemo.com/purchase.php,1864,0,0
1774386535930,382,1 - Acessar Home,200,OK,Teste de Carga - 250 usuarios 1-219,text,true,,4757,120,250,250,https://www.blazedemo.com/,370,0,0
1774386533821,2492,1 - Acessar Home,200,OK,Teste de Carga - 250 usuarios 1-80,text,true,,4757,120,250,250,https://www.blazedemo.com/,2481,0,0
1774386535919,395,3 - Comprar Passagem,200,OK,Teste de Carga - 250 usuarios 1-157,text,true,,6719,420,250,250,https://www.blazedemo.com/purchase.php,384,0,0
1774386531393,4922,3 - Comprar Passagem,200,OK,Teste de Carga - 250 usuarios 1-196,text,true,,6719,420,250,250,https://www.blazedemo.com/purchase.php,4910,0,0
1774386535758,569,2 - Escolher Voo,200,OK,Teste de Carga - 250 usuarios 1-241,text,true,,7381,250,250,250,https://www.blazedemo.com/reserve.php,549,0,0
1774386536045,286,1 - Acessar Home,200,OK,Teste de Carga - 250 usuarios 1-41,text,true,,4757,120,250,250,https://www.blazedemo.com/,275,0,0
1774386535491,840,1 - Acessar Home,200,OK,Teste de Carga - 250 usuarios 1-18,text,true,,4757,120,250,250,https://www.blazedemo.com/,829,0,0
1774386535415,918,3 - Comprar Passagem,200,OK,Teste de Carga - 250 usuarios 1-133,text,true,,6719,420,250,250,https://www.blazedemo.com/purchase.php,905,0,0
1774386535993,343,2 - Escolher Voo,200,OK,Teste de Carga - 250 usuarios 1-32,text,true,,7381,250,250,250,https://www.blazedemo.com/reserve.php,319,0,0
1774386533521,2818,3 - Comprar Passagem,200,OK,Teste de Carga - 250 usuarios 1-228,text,true,,6719,420,250,250,https://www.blazedemo.com/purchase.php,2801,0,0
1774386536011,330,3 - Comprar Passagem,200,OK,Teste de Carga - 250 usuarios 1-71,text,true,,6719,420,250,250,https://www.blazedemo.com/purchase.php,314,0,0
1774386536044,298,1 - Acessar Home,200,OK,Teste de Carga - 250 usuarios 1-72,text,true,,4757,120,250,250,https://www.blazedemo.com/,286,0,0
1774386536068,276,1 - Acessar Home,200,OK,Teste de Carga - 250 usuarios 1-125,text,true,,4757,120,250,250,https://www.blazedemo.com/,261,0,0
1774386535872,475,2 - Escolher Voo,200,OK,Teste de Carga - 250 usuarios 1-236,text,true,,7381,250,250,250,https://www.blazedemo.com/reserve.php,455,0,0
1774386535814,533,3 - Comprar Passagem,200,OK,Teste de Carga - 250 usuarios 1-36,text,true,,6719,420,250,250,https://www.blazedemo.com/purchase.php,522,0,0
1774386535493,857,1 - Acessar Home,200,OK,Teste de Carga - 250 usuarios 1-230,text,true,,4757,120,250,250,https://www.blazedemo.com/,847,0,0
1774386535524,829,3 - Comprar Passagem,200,OK,Teste de Carga - 250 usuarios 1-62,text,true,,6719,420,250,250,https://www.blazedemo.com/purchase.php,818,0,0
1774386535906,454,2 - Escolher Voo,200,OK,Teste de Carga - 250 usuarios 1-22,text,true,,7381,250,250,250,https://www.blazedemo.com/reserve.php,434,0,0
1774386536062,301,2 - Escolher Voo,200,OK,Teste de Carga - 250 usuarios 1-89,text,true,,7381,250,250,250,https://www.blazedemo.com/reserve.php,282,0,0
1774386536009,358,3 - Comprar Passagem,200,OK,Teste de Carga - 250 usuarios 1-35,text,true,,6719,420,250,250,https://www.blazedemo.com/purchase.php,345,0,0
1774386536014,359,3 - Comprar Passagem,200,OK,Teste de Carga - 250 usuarios 1-179,text,true,,6719,420,250,250,https://www.blazedemo.com/purchase.php,347,0,0
1774386536011,364,3 - Comprar Passagem,200,OK,Teste de Carga - 250 usuarios 1-198,text,true,,6719,420,250,250,https://www.blazedemo.com/purchase.php,353,0,0
1774386536083,297,2 - Escolher Voo,200,OK,Teste de Carga - 250 usuarios 1-204,text,true,,7381,250,250,250,https://www.blazedemo.com/reserve.php,276,0,0
1774386535514,876,3 - Comprar Passagem,200,OK,Teste de Carga - 250 usuarios 1-160,text,true,,6719,420,250,250,https://www.blazedemo.com/purchase.php,863,0,0
1774386536112,279,3 - Comprar Passagem,200,OK,Teste de Carga - 250 usuarios 1-223,text,true,,6719,420,250,250,https://www.blazedemo.com/purchase.php,267,0,0
1774386535350,1057,2 - Escolher Voo,200,OK,Teste de Carga - 250 usuarios 1-194,text,true,,7381,250,250,250,https://www.blazedemo.com/reserve.php,1037,0,0
1774386536131,282,3 - Comprar Passagem,200,OK,Teste de Carga - 250 usuarios 1-150,text,true,,6719,420,250,250,https://www.blazedemo.com/purchase.php,270,0,0
1774386536080,338,2 - Escolher Voo,200,OK,Teste de Carga - 250 usuarios 1-83,text,true,,7381,250,250,250,https://www.blazedemo.com/reserve.php,318,0,0
1774386536158,261,3 - Comprar Passagem,200,OK,Teste de Carga - 250 usuarios 1-158,text,true,,6719,420,250,250,https://www.blazedemo.com/purchase.php,248,0,0
1774386535988,434,2 - Escolher Voo,200,OK,Teste de Carga - 250 usuarios 1-175,text,true,,7381,250,250,250,https://www.blazedemo.com/reserve.php,413,0,0
1774386531439,4983,3 - Comprar Passagem,200,OK,Teste de Carga - 250 usuarios 1-25,text,true,,6719,420,250,250,https://www.blazedemo.com/purchase.php,4970,0,0
1774386533616,2806,3 - Comprar Passagem,200,OK,Teste de Carga - 250 usuarios 1-75,text,true,,6719,420,250,250,https://www.blazedemo.com/purchase.php,2791,0,0
1774386536052,373,2 - Escolher Voo,200,OK,Teste de Carga - 250 usuarios 1-100,text,true,,7381,250,250,250,https://www.blazedemo.com/reserve.php,352,0,0
1774386533861,2566,3 - Comprar Passagem,200,OK,Teste de Carga - 250 usuarios 1-238,text,true,,6719,420,250,250,https://www.blazedemo.com/purchase.php,2554,0,0
1774386535971,457,2 - Escolher Voo,200,OK,Teste de Carga - 250 usuarios 1-153,text,true,,7381,250,250,250,https://www.blazedemo.com/reserve.php,436,0,0
1774386535921,511,1 - Acessar Home,200,OK,Teste de Carga - 250 usuarios 1-214,text,true,,4757,120,250,250,https://www.blazedemo.com/,501,0,0
1774386535885,562,3 - Comprar Passagem,200,OK,Teste de Carga - 250 usuarios 1-52,text,true,,6719,420,250,250,https://www.blazedemo.com/purchase.php,550,0,0
1774386536171,285,2 - Escolher Voo,200,OK,Teste de Carga - 250 usuarios 1-192,text,true,,7381,250,250,250,https://www.blazedemo.com/reserve.php,264,0,0
1774386535595,866,1 - Acessar Home,200,OK,Teste de Carga - 250 usuarios 1-237,text,true,,4757,120,250,250,https://www.blazedemo.com/,856,0,0
1774386536131,340,3 - Comprar Passagem,200,OK,Teste de Carga - 250 usuarios 1-84,text,true,,6719,420,250,250,https://www.blazedemo.com/purchase.php,328,0,0
1774386536225,247,2 - Escolher Voo,200,OK,Teste de Carga - 250 usuarios 1-117,text,true,,7381,250,250,250,https://www.blazedemo.com/reserve.php,227,0,0
1774386536155,321,3 - Comprar Passagem,200,OK,Teste de Carga - 250 usuarios 1-97,text,true,,6719,420,250,250,https://www.blazedemo.com/purchase.php,304,0,0
1774386536073,404,2 - Escolher Voo,200,OK,Teste de Carga - 250 usuarios 1-104,text,true,,7381,250,250,250,https://www.blazedemo.com/reserve.php,389,0,0
1774386535630,850,1 - Acessar Home,200,OK,Teste de Carga - 250 usuarios 1-232,text,true,,4757,120,250,250,https://www.blazedemo.com/,839,0,0
1774386536163,320,3 - Comprar Passagem,200,OK,Teste de Carga - 250 usuarios 1-6,text,true,,6719,420,250,250,https://www.blazedemo.com/purchase.php,308,0,0
1774386536171,321,1 - Acessar Home,200,OK,Teste de Carga - 250 usuarios 1-27,text,true,,4757,120,250,250,https://www.blazedemo.com/,309,0,0
1774386535976,516,2 - Escolher Voo,200,OK,Teste de Carga - 250 usuarios 1-220,text,true,,7381,250,250,250,https://www.blazedemo.com/reserve.php,496,0,0
1774386536131,363,1 - Acessar Home,200,OK,Teste de Carga - 250 usuarios 1-138,text,true,,4757,120,250,250,https://www.blazedemo.com/,352,0,0
1774386534671,1823,2 - Escolher Voo,200,OK,Teste de Carga - 250 usuarios 1-143,text,true,,7381,250,250,250,https://www.blazedemo.com/reserve.php,1802,0,0
1774386536238,268,1 - Acessar Home,200,OK,Teste de Carga - 250 usuarios 1-5,text,true,,4757,120,250,250,https://www.blazedemo.com/,256,0,0
1774386533466,3045,2 - Escolher Voo,200,OK,Teste de Carga - 250 usuarios 1-128,text,true,,7381,250,250,250,https://www.blazedemo.com/reserve.php,3025,0,0
1774386533629,2886,2 - Escolher Voo,200,OK,Teste de Carga - 250 usuarios 1-17,text,true,,7381,250,250,250,https://www.blazedemo.com/reserve.php,2863,0,0
1774386535741,779,1 - Acessar Home,200,OK,Teste de Carga - 250 usuarios 1-213,text,true,,4757,120,250,250,https://www.blazedemo.com/,767,0,0
1774386536008,516,1 - Acessar Home,200,OK,Teste de Carga - 250 usuarios 1-249,text,true,,4757,120,250,250,https://www.blazedemo.com/,504,0,0
1774386533909,2615,1 - Acessar Home,200,OK,Teste de Carga - 250 usuarios 1-165,text,true,,4757,120,250,250,https://www.blazedemo.com/,2604,0,0
1774386535600,925,2 - Escolher Voo,200,OK,Teste de Carga - 250 usuarios 1-141,text,true,,7381,250,250,250,https://www.blazedemo.com/reserve.php,905,0,0
1774386536076,458,2 - Escolher Voo,200,OK,Teste de Carga - 250 usuarios 1-1,text,true,,7381,250,250,250,https://www.blazedemo.com/reserve.php,438,0,0
1774386535684,850,3 - Comprar Passagem,200,OK,Teste de Carga - 250 usuarios 1-205,text,true,,6719,420,250,250,https://www.blazedemo.com/purchase.php,838,0,0
1774386536316,235,1 - Acessar Home,200,OK,Teste de Carga - 250 usuarios 1-196,text,true,,4757,120,250,250,https://www.blazedemo.com/,221,0,0
1774386536054,499,3 - Comprar Passagem,200,OK,Teste de Carga - 250 usuarios 1-147,text,true,,6719,420,250,250,https://www.blazedemo.com/purchase.php,482,0,0
1774386536297,260,3 - Comprar Passagem,200,OK,Teste de Carga - 250 usuarios 1-171,text,true,,6719,420,250,250,https://www.blazedemo.com/purchase.php,247,0,0
1774386536205,353,3 - Comprar Passagem,200,OK,Teste de Carga - 250 usuarios 1-98,text,true,,6719,420,250,250,https://www.blazedemo.com/purchase.php,341,0,0
1774386535464,1094,3 - Comprar Passagem,200,OK,Teste de Carga - 250 usuarios 1-132,text,true,,6719,420,250,250,https://www.blazedemo.com/purchase.php,1077,0,0
1774386535393,1168,3 - Comprar Passagem,200,OK,Teste de Carga - 250 usuarios 1-212,text,true,,6719,420,250,250,https://www.blazedemo.com/purchase.php,1155,0,0
1774386536199,363,2 - Escolher Voo,200,OK,Teste de Carga - 250 usuarios 1-105,text,true,,7381,250,250,250,https://www.blazedemo.com/reserve.php,342,0,0
1774386536092,474,3 - Comprar Passagem,200,OK,Teste de Carga - 250 usuarios 1-127,text,true,,6719,420,250,250,https://www.blazedemo.com/purchase.php,462,0,0
1774386534695,1876,1 - Acessar Home,200,OK,Teste de Carga - 250 usuarios 1-124,text,true,,4761,120,250,250,https://www.blazedemo.com/,1863,0,0
1774386536246,329,2 - Escolher Voo,200,OK,Teste de Carga - 250 usuarios 1-245,text,true,,7381,250,250,250,https://www.blazedemo.com/reserve.php,309,0,0
1774386535546,1044,1 - Acessar Home,200,OK,Teste de Carga - 250 usuarios 1-169,text,true,,4757,120,250,250,https://www.blazedemo.com/,1032,0,0
1774386536314,276,1 - Acessar Home,200,OK,Teste de Carga - 250 usuarios 1-157,text,true,,4757,120,250,250,https://www.blazedemo.com/,264,0,0
1774386533508,3086,1 - Acessar Home,200,OK,Teste de Carga - 250 usuarios 1-101,text,true,,4757,120,250,250,https://www.blazedemo.com/,3074,0,0
1774386536308,298,1 - Acessar Home,200,OK,Teste de Carga - 250 usuarios 1-49,text,true,,4757,120,250,250,https://www.blazedemo.com/,286,0,0
1774386536304,304,3 - Comprar Passagem,200,OK,Teste de Carga - 250 usuarios 1-34,text,true,,6719,420,250,250,https://www.blazedemo.com/purchase.php,292,0,0
1774386536347,264,3 - Comprar Passagem,200,OK,Teste de Carga - 250 usuarios 1-236,text,true,,6719,420,250,250,https://www.blazedemo.com/purchase.php,252,0,0
1774386535965,651,2 - Escolher Voo,200,OK,Teste de Carga - 250 usuarios 1-126,text,true,,7381,250,250,250,https://www.blazedemo.com/reserve.php,631,0,0
1774386535943,673,3 - Comprar Passagem,200,OK,Teste de Carga - 250 usuarios 1-55,text,true,,6719,420,250,250,https://www.blazedemo.com/purchase.php,662,0,0
1774386536375,251,1 - Acessar Home,200,OK,Teste de Carga - 250 usuarios 1-198,text,true,,4757,120,250,250,https://www.blazedemo.com/,234,0,0
1774386534005,2624,3 - Comprar Passagem,200,OK,Teste de Carga - 250 usuarios 1-91,text,true,,6719,420,250,250,https://www.blazedemo.com/purchase.php,2610,0,0
1774386536010,621,2 - Escolher Voo,200,OK,Teste de Carga - 250 usuarios 1-231,text,true,,7381,250,250,250,https://www.blazedemo.com/reserve.php,601,0,0
1774386536092,544,3 - Comprar Passagem,200,OK,Teste de Carga - 250 usuarios 1-39,text,true,,6719,420,250,250,https://www.blazedemo.com/purchase.php,532,0,0
1774386535736,908,3 - Comprar Passagem,200,OK,Teste de Carga - 250 usuarios 1-129,text,true,,6719,420,250,250,https://www.blazedemo.com/purchase.php,898,0,0
1774386536253,391,3 - Comprar Passagem,200,OK,Teste de Carga - 250 usuarios 1-145,text,true,,6719,420,250,250,https://www.blazedemo.com/purchase.php,378,0,0
1774386536106,540,3 - Comprar Passagem,200,OK,Teste de Carga - 250 usuarios 1-172,text,true,,6719,420,250,250,https://www.blazedemo.com/purchase.php,528,0,0
1774386536391,263,1 - Acessar Home,200,OK,Teste de Carga - 250 usuarios 1-223,text,true,,4757,120,250,250,https://www.blazedemo.com/,251,0,0
1774386535765,890,1 - Acessar Home,200,OK,Teste de Carga - 250 usuarios 1-31,text,true,,4757,120,250,250,https://www.blazedemo.com/,878,0,0
1774386536096,561,3 - Comprar Passagem,200,OK,Teste de Carga - 250 usuarios 1-242,text,true,,6719,420,250,250,https://www.blazedemo.com/purchase.php,550,0,0
1774386536407,254,3 - Comprar Passagem,200,OK,Teste de Carga - 250 usuarios 1-194,text,true,,6719,420,250,250,https://www.blazedemo.com/purchase.php,242,0,0
1774386536432,252,2 - Escolher Voo,200,OK,Teste de Carga - 250 usuarios 1-214,text,true,,7381,250,250,250,https://www.blazedemo.com/reserve.php,231,0,0
1774386536427,259,1 - Acessar Home,200,OK,Teste de Carga - 250 usuarios 1-238,text,true,,4757,120,250,250,https://www.blazedemo.com/,247,0,0
1774386535782,904,2 - Escolher Voo,200,OK,Teste de Carga - 250 usuarios 1-112,text,true,,7381,250,250,250,https://www.blazedemo.com/reserve.php,883,0,0
1774386533530,3156,2 - Escolher Voo,200,OK,Teste de Carga - 250 usuarios 1-4,text,true,,7381,250,250,250,https://www.blazedemo.com/reserve.php,3136,0,0
1774386536419,290,1 - Acessar Home,200,OK,Teste de Carga - 250 usuarios 1-158,text,true,,4757,120,250,250,https://www.blazedemo.com/,279,0,0
1774386533618,3097,2 - Escolher Voo,200,OK,Teste de Carga - 250 usuarios 1-110,text,true,,7381,250,250,250,https://www.blazedemo.com/reserve.php,3077,0,0
1774386536215,502,1 - Acessar Home,200,OK,Teste de Carga - 250 usuarios 1-103,text,true,,4757,120,250,250,https://www.blazedemo.com/,491,0,0
1774386536191,530,2 - Escolher Voo,200,OK,Teste de Carga - 250 usuarios 1-226,text,true,,7381,250,250,250,https://www.blazedemo.com/reserve.php,513,0,0
1774386536483,254,1 - Acessar Home,200,OK,Teste de Carga - 250 usuarios 1-6,text,true,,4757,120,250,250,https://www.blazedemo.com/,242,0,0
1774386536476,261,1 - Acessar Home,200,OK,Teste de Carga - 250 usuarios 1-97,text,true,,4757,120,250,250,https://www.blazedemo.com/,250,0,0
1774386536447,295,1 - Acessar Home,200,OK,Teste de Carga - 250 usuarios 1-52,text,true,,4757,120,250,250,https://www.blazedemo.com/,283,0,0
1774386536216,526,1 - Acessar Home,200,OK,Teste de Carga - 250 usuarios 1-199,text,true,,4757,120,250,250,https://www.blazedemo.com/,513,0,0
1774386531596,5151,1 - Acessar Home,200,OK,Teste de Carga - 250 usuarios 1-202,text,true,,4757,120,250,250,https://www.blazedemo.com/,5139,0,0
1774386536103,644,3 - Comprar Passagem,200,OK,Teste de Carga - 250 usuarios 1-29,text,true,,6719,420,250,250,https://www.blazedemo.com/purchase.php,632,0,0
1774386536195,554,3 - Comprar Passagem,200,OK,Teste de Carga - 250 usuarios 1-3,text,true,,6719,420,250,250,https://www.blazedemo.com/purchase.php,538,0,0
1774386536461,289,2 - Escolher Voo,200,OK,Teste de Carga - 250 usuarios 1-237,text,true,,7381,250,250,250,https://www.blazedemo.com/reserve.php,271,0,0
1774386536180,573,2 - Escolher Voo,200,OK,Teste de Carga - 250 usuarios 1-142,text,true,,7381,250,250,250,https://www.blazedemo.com/reserve.php,552,0,0
1774386536342,423,2 - Escolher Voo,200,OK,Teste de Carga - 250 usuarios 1-72,text,true,,7381,250,250,250,https://www.blazedemo.com/reserve.php,403,0,0
1774386536494,276,2 - Escolher Voo,200,OK,Teste de Carga - 250 usuarios 1-138,text,true,,7381,250,250,250,https://www.blazedemo.com/reserve.php,255,0,0
1774386536153,618,2 - Escolher Voo,200,OK,Teste de Carga - 250 usuarios 1-79,text,true,,7381,250,250,250,https://www.blazedemo.com/reserve.php,596,0,0
1774386536098,680,2 - Escolher Voo,200,OK,Teste de Carga - 250 usuarios 1-51,text,true,,7381,250,250,250,https://www.blazedemo.com/reserve.php,661,0,0
1774386533610,3168,2 - Escolher Voo,200,OK,Teste de Carga - 250 usuarios 1-246,text,true,,7381,250,250,250,https://www.blazedemo.com/reserve.php,3147,0,0
1774386536246,541,1 - Acessar Home,200,OK,Teste de Carga - 250 usuarios 1-21,text,true,,4757,120,250,250,https://www.blazedemo.com/,529,0,0
1774386536283,508,1 - Acessar Home,200,OK,Teste de Carga - 250 usuarios 1-206,text,true,,4757,120,250,250,https://www.blazedemo.com/,497,0,0
1774386534779,2015,2 - Escolher Voo,200,OK,Teste de Carga - 250 usuarios 1-163,text,true,,7381,250,250,250,https://www.blazedemo.com/reserve.php,1995,0,0
1774386533630,3165,1 - Acessar Home,200,OK,Teste de Carga - 250 usuarios 1-7,text,true,,4757,120,250,250,https://www.blazedemo.com/,3154,0,0
1774386536263,536,1 - Acessar Home,200,OK,Teste de Carga - 250 usuarios 1-44,text,true,,4757,120,250,250,https://www.blazedemo.com/,524,0,0
1774386536069,736,1 - Acessar Home,200,OK,Teste de Carga - 250 usuarios 1-77,text,true,,4757,120,250,250,https://www.blazedemo.com/,724,0,0
1774386535670,1142,2 - Escolher Voo,200,OK,Teste de Carga - 250 usuarios 1-193,text,true,,7381,250,250,250,https://www.blazedemo.com/reserve.php,1121,0,0
1774386536270,545,2 - Escolher Voo,200,OK,Teste de Carga - 250 usuarios 1-250,text,true,,7381,250,250,250,https://www.blazedemo.com/reserve.php,525,0,0
1774386535564,1261,1 - Acessar Home,200,OK,Teste de Carga - 250 usuarios 1-74,text,true,,4757,120,250,250,https://www.blazedemo.com/,1249,0,0
1774386535594,1236,3 - Comprar Passagem,200,OK,Teste de Carga - 250 usuarios 1-195,text,true,,6719,420,250,250,https://www.blazedemo.com/purchase.php,1223,0,0
1774386535704,1127,1 - Acessar Home,200,OK,Teste de Carga - 250 usuarios 1-243,text,true,,4757,120,250,250,https://www.blazedemo.com/,1116,0,0
1774386536360,475,3 - Comprar Passagem,200,OK,Teste de Carga - 250 usuarios 1-22,text,true,,6719,420,250,250,https://www.blazedemo.com/purchase.php,461,0,0
1774386531722,5114,3 - Comprar Passagem,200,OK,Teste de Carga - 250 usuarios 1-63,text,true,,6719,420,250,250,https://www.blazedemo.com/purchase.php,5102,0,0
1774386536562,276,3 - Comprar Passagem,200,OK,Teste de Carga - 250 usuarios 1-105,text,true,,6719,420,250,250,https://www.blazedemo.com/purchase.php,263,0,0
1774386536511,338,3 - Comprar Passagem,200,OK,Teste de Carga - 250 usuarios 1-128,text,true,,6719,420,250,250,https://www.blazedemo.com/purchase.php,326,0,0
1774386536515,334,3 - Comprar Passagem,200,OK,Teste de Carga - 250 usuarios 1-17,text,true,,6719,420,250,250,https://www.blazedemo.com/purchase.php,322,0,0
1774386536345,506,2 - Escolher Voo,200,OK,Teste de Carga - 250 usuarios 1-125,text,true,,7381,250,250,250,https://www.blazedemo.com/reserve.php,485,0,0
1774386536551,309,2 - Escolher Voo,200,OK,Teste de Carga - 250 usuarios 1-196,text,true,,7381,250,250,250,https://www.blazedemo.com/reserve.php,288,0,0
1774386536608,252,1 - Acessar Home,200,OK,Teste de Carga - 250 usuarios 1-34,text,true,,4757,120,250,250,https://www.blazedemo.com/,240,0,0
1774386536232,629,2 - Escolher Voo,200,OK,Teste de Carga - 250 usuarios 1-46,text,true,,7381,250,250,250,https://www.blazedemo.com/reserve.php,609,0,0
1774386536492,372,2 - Escolher Voo,200,OK,Teste de Carga - 250 usuarios 1-27,text,true,,7381,250,250,250,https://www.blazedemo.com/reserve.php,353,0,0
1774386536606,258,2 - Escolher Voo,200,OK,Teste de Carga - 250 usuarios 1-49,text,true,,7381,250,250,250,https://www.blazedemo.com/reserve.php,242,0,0
1774386536413,452,1 - Acessar Home,200,OK,Teste de Carga - 250 usuarios 1-150,text,true,,4757,120,250,250,https://www.blazedemo.com/,440,0,0
1774386536150,715,1 - Acessar Home,200,OK,Teste de Carga - 250 usuarios 1-218,text,true,,4757,120,250,250,https://www.blazedemo.com/,703,0,0
1774386536332,534,2 - Escolher Voo,200,OK,Teste de Carga - 250 usuarios 1-18,text,true,,7381,250,250,250,https://www.blazedemo.com/reserve.php,514,0,0
1774386536428,439,3 - Comprar Passagem,200,OK,Teste de Carga - 250 usuarios 1-153,text,true,,6719,420,250,250,https://www.blazedemo.com/purchase.php,427,0,0
1774386536617,252,1 - Acessar Home,200,OK,Teste de Carga - 250 usuarios 1-55,text,true,,4757,120,250,250,https://www.blazedemo.com/,239,0,0
1774386533634,3237,1 - Acessar Home,200,OK,Teste de Carga - 250 usuarios 1-146,text,true,,4757,120,250,250,https://www.blazedemo.com/,3225,0,0
1774386536099,774,3 - Comprar Passagem,200,OK,Teste de Carga - 250 usuarios 1-107,text,true,,6719,420,250,250,https://www.blazedemo.com/purchase.php,761,0,0
1774386531737,5138,1 - Acessar Home,200,OK,Teste de Carga - 250 usuarios 1-184,text,true,,4757,120,250,250,https://www.blazedemo.com/,5126,0,0
1774386536627,255,2 - Escolher Voo,200,OK,Teste de Carga - 250 usuarios 1-198,text,true,,7381,250,250,250,https://www.blazedemo.com/reserve.php,238,0,0
1774386536199,683,2 - Escolher Voo,200,OK,Teste de Carga - 250 usuarios 1-155,text,true,,7381,250,250,250,https://www.blazedemo.com/reserve.php,663,0,0
1774386533784,3108,3 - Comprar Passagem,200,OK,Teste de Carga - 250 usuarios 1-94,text,true,,6719,420,250,250,https://www.blazedemo.com/purchase.php,3096,0,0
1774386536418,477,3 - Comprar Passagem,200,OK,Teste de Carga - 250 usuarios 1-83,text,true,,6719,420,250,250,https://www.blazedemo.com/purchase.php,465,0,0
1774386536422,480,1 - Acessar Home,200,OK,Teste de Carga - 250 usuarios 1-25,text,true,,4757,120,250,250,https://www.blazedemo.com/,469,0,0
1774386534807,2095,2 - Escolher Voo,200,OK,Teste de Carga - 250 usuarios 1-111,text,true,,7381,250,250,250,https://www.blazedemo.com/reserve.php,2075,0,0
1774386536287,635,3 - Comprar Passagem,200,OK,Teste de Carga - 250 usuarios 1-131,text,true,,6719,420,250,250,https://www.blazedemo.com/purchase.php,627,0,0
1774386536336,588,3 - Comprar Passagem,200,OK,Teste de Carga - 250 usuarios 1-32,text,true,,6719,420,250,250,https://www.blazedemo.com/purchase.php,575,0,0
1774386536492,438,3 - Comprar Passagem,200,OK,Teste de Carga - 250 usuarios 1-220,text,true,,6719,420,250,250,https://www.blazedemo.com/purchase.php,426,0,0
1774386536380,558,3 - Comprar Passagem,200,OK,Teste de Carga - 250 usuarios 1-204,text,true,,6719,420,250,250,https://www.blazedemo.com/purchase.php,542,0,0
1774386536575,378,3 - Comprar Passagem,200,OK,Teste de Carga - 250 usuarios 1-245,text,true,,6719,420,250,250,https://www.blazedemo.com/purchase.php,366,0,0
1774386533917,3040,1 - Acessar Home,200,OK,Teste de Carga - 250 usuarios 1-69,text,true,,4757,120,250,250,https://www.blazedemo.com/,3028,0,0
1774386536686,274,3 - Comprar Passagem,200,OK,Teste de Carga - 250 usuarios 1-112,text,true,,6719,420,250,250,https://www.blazedemo.com/purchase.php,261,0,0
1774386536558,407,1 - Acessar Home,200,OK,Teste de Carga - 250 usuarios 1-98,text,true,,4757,120,250,250,https://www.blazedemo.com/,395,0,0
1774386531806,5161,1 - Acessar Home,200,OK,Teste de Carga - 250 usuarios 1-201,text,true,,4757,120,250,250,https://www.blazedemo.com/,5149,0,0
1774386536327,642,3 - Comprar Passagem,200,OK,Teste de Carga - 250 usuarios 1-241,text,true,,6719,420,250,250,https://www.blazedemo.com/purchase.php,630,0,0
1774386536507,463,2 - Escolher Voo,200,OK,Teste de Carga - 250 usuarios 1-5,text,true,,7381,250,250,250,https://www.blazedemo.com/reserve.php,444,0,0
1774386536632,350,3 - Comprar Passagem,200,OK,Teste de Carga - 250 usuarios 1-231,text,true,,6719,420,250,250,https://www.blazedemo.com/purchase.php,337,0,0
1774386533823,3161,3 - Comprar Passagem,200,OK,Teste de Carga - 250 usuarios 1-53,text,true,,6719,420,250,250,https://www.blazedemo.com/purchase.php,3148,0,0
1774386536313,672,2 - Escolher Voo,200,OK,Teste de Carga - 250 usuarios 1-80,text,true,,7381,250,250,250,https://www.blazedemo.com/reserve.php,651,0,0
1774386536644,344,1 - Acessar Home,200,OK,Teste de Carga - 250 usuarios 1-145,text,true,,4757,120,250,250,https://www.blazedemo.com/,332,0,0
1774386536524,466,2 - Escolher Voo,200,OK,Teste de Carga - 250 usuarios 1-249,text,true,,7381,250,250,250,https://www.blazedemo.com/reserve.php,451,0,0
1774386536590,400,2 - Escolher Voo,200,OK,Teste de Carga - 250 usuarios 1-169,text,true,,7381,250,250,250,https://www.blazedemo.com/reserve.php,380,0,0
1774386536422,574,1 - Acessar Home,200,OK,Teste de Carga - 250 usuarios 1-75,text,true,,4757,120,250,250,https://www.blazedemo.com/,563,0,0
1774386536747,250,1 - Acessar Home,200,OK,Teste de Carga - 250 usuarios 1-29,text,true,,4757,120,250,250,https://www.blazedemo.com/,238,0,0
1774386536721,278,3 - Comprar Passagem,200,OK,Teste de Carga - 250 usuarios 1-226,text,true,,6719,420,250,250,https://www.blazedemo.com/purchase.php,265,0,0
1774386536742,261,2 - Escolher Voo,200,OK,Teste de Carga - 250 usuarios 1-52,text,true,,7381,250,250,250,https://www.blazedemo.com/reserve.php,242,0,0
1774386536571,441,2 - Escolher Voo,200,OK,Teste de Carga - 250 usuarios 1-124,text,true,,7381,250,250,250,https://www.blazedemo.com/reserve.php,420,0,0
1774386535752,1268,2 - Escolher Voo,200,OK,Teste de Carga - 250 usuarios 1-10,text,true,,7381,250,250,250,https://www.blazedemo.com/reserve.php,1248,0,0
1774386536520,517,2 - Escolher Voo,200,OK,Teste de Carga - 250 usuarios 1-213,text,true,,7381,250,250,250,https://www.blazedemo.com/reserve.php,500,0,0
1774386536456,584,3 - Comprar Passagem,200,OK,Teste de Carga - 250 usuarios 1-192,text,true,,6719,420,250,250,https://www.blazedemo.com/purchase.php,571,0,0
1774386536342,703,1 - Acessar Home,200,OK,Teste de Carga - 250 usuarios 1-71,text,true,,4757,120,250,250,https://www.blazedemo.com/,691,0,0
1774386536717,336,2 - Escolher Voo,200,OK,Teste de Carga - 250 usuarios 1-103,text,true,,7381,250,250,250,https://www.blazedemo.com/reserve.php,314,0,0
1774386535768,1286,1 - Acessar Home,200,OK,Teste de Carga - 250 usuarios 1-183,text,true,,4757,120,250,250,https://www.blazedemo.com/,1274,0,0
1774386535772,1287,2 - Escolher Voo,200,OK,Teste de Carga - 250 usuarios 1-61,text,true,,7381,250,250,250,https://www.blazedemo.com/reserve.php,1267,0,0
1774386536525,536,3 - Comprar Passagem,200,OK,Teste de Carga - 250 usuarios 1-141,text,true,,6719,420,250,250,https://www.blazedemo.com/purchase.php,524,0,0
1774386534236,2826,3 - Comprar Passagem,200,OK,Teste de Carga - 250 usuarios 1-229,text,true,,6719,420,250,250,https://www.blazedemo.com/purchase.php,2814,0,0
1774386533924,3140,1 - Acessar Home,200,OK,Teste de Carga - 250 usuarios 1-154,text,true,,4757,120,250,250,https://www.blazedemo.com/,3129,0,0
1774386536737,327,2 - Escolher Voo,200,OK,Teste de Carga - 250 usuarios 1-6,text,true,,7381,250,250,250,https://www.blazedemo.com/reserve.php,307,0,0
1774386536747,318,2 - Escolher Voo,200,OK,Teste de Carga - 250 usuarios 1-202,text,true,,7381,250,250,250,https://www.blazedemo.com/reserve.php,297,0,0
1774386536331,736,2 - Escolher Voo,200,OK,Teste de Carga - 250 usuarios 1-41,text,true,,7381,250,250,250,https://www.blazedemo.com/reserve.php,716,0,0
1774386536794,274,3 - Comprar Passagem,200,OK,Teste de Carga - 250 usuarios 1-163,text,true,,6719,420,250,250,https://www.blazedemo.com/purchase.php,259,0,0
1774386535777,1292,1 - Acessar Home,200,OK,Teste de Carga - 250 usuarios 1-137,text,true,,4757,120,250,250,https://www.blazedemo.com/,1281,0,0
1774386536812,258,3 - Comprar Passagem,200,OK,Teste de Carga - 250 usuarios 1-193,text,true,,6719,420,250,250,https://www.blazedemo.com/purchase.php,245,0,0
1774386536710,360,2 - Escolher Voo,200,OK,Teste de Carga - 250 usuarios 1-158,text,true,,7381,250,250,250,https://www.blazedemo.com/reserve.php,344,0,0
1774386533840,3231,1 - Acessar Home,200,OK,Teste de Carga - 250 usuarios 1-82,text,true,,4757,120,250,250,https://www.blazedemo.com/,3218,0,0
1774386536422,651,3 - Comprar Passagem,200,OK,Teste de Carga - 250 usuarios 1-175,text,true,,6719,420,250,250,https://www.blazedemo.com/purchase.php,640,0,0
1774386536472,605,3 - Comprar Passagem,200,OK,Teste de Carga - 250 usuarios 1-117,text,true,,6719,420,250,250,https://www.blazedemo.com/purchase.php,592,0,0
1774386536805,279,2 - Escolher Voo,200,OK,Teste de Carga - 250 usuarios 1-77,text,true,,7381,250,250,250,https://www.blazedemo.com/reserve.php,262,0,0
1774386536655,429,2 - Escolher Voo,200,OK,Teste de Carga - 250 usuarios 1-31,text,true,,7381,250,250,250,https://www.blazedemo.com/reserve.php,412,0,0
1774386536390,698,1 - Acessar Home,200,OK,Teste de Carga - 250 usuarios 1-160,text,true,,4757,120,250,250,https://www.blazedemo.com/,686,0,0
1774386536566,528,1 - Acessar Home,200,OK,Teste de Carga - 250 usuarios 1-127,text,true,,4757,120,250,250,https://www.blazedemo.com/,515,0,0
1774386535066,2031,1 - Acessar Home,200,OK,Teste de Carga - 250 usuarios 1-134,text,true,,4757,120,250,250,https://www.blazedemo.com/,2019,0,0
1774386536836,265,1 - Acessar Home,200,OK,Teste de Carga - 250 usuarios 1-63,text,true,,4757,120,250,250,https://www.blazedemo.com/,252,0,0
1774386536787,315,2 - Escolher Voo,200,OK,Teste de Carga - 250 usuarios 1-21,text,true,,7381,250,250,250,https://www.blazedemo.com/reserve.php,294,0,0
1774386536835,292,1 - Acessar Home,200,OK,Teste de Carga - 250 usuarios 1-22,text,true,,4757,120,250,250,https://www.blazedemo.com/,281,0,0
1774386536795,346,2 - Escolher Voo,200,OK,Teste de Carga - 250 usuarios 1-7,text,true,,7381,250,250,250,https://www.blazedemo.com/reserve.php,325,0,0
1774386536557,585,1 - Acessar Home,200,OK,Teste de Carga - 250 usuarios 1-171,text,true,,4757,120,250,250,https://www.blazedemo.com/,572,0,0
1774386532096,5046,3 - Comprar Passagem,200,OK,Teste de Carga - 250 usuarios 1-47,text,true,,6719,420,250,250,https://www.blazedemo.com/purchase.php,5030,0,0
1774386536865,280,2 - Escolher Voo,200,OK,Teste de Carga - 250 usuarios 1-150,text,true,,7381,250,250,250,https://www.blazedemo.com/reserve.php,255,0,0
1774386536654,493,2 - Escolher Voo,200,OK,Teste de Carga - 250 usuarios 1-223,text,true,,7381,250,250,250,https://www.blazedemo.com/reserve.php,473,0,0
1774386536831,316,2 - Escolher Voo,200,OK,Teste de Carga - 250 usuarios 1-243,text,true,,7381,250,250,250,https://www.blazedemo.com/reserve.php,302,0,0
1774386536861,293,3 - Comprar Passagem,200,OK,Teste de Carga - 250 usuarios 1-46,text,true,,6719,420,250,250,https://www.blazedemo.com/purchase.php,281,0,0
1774386536778,380,3 - Comprar Passagem,200,OK,Teste de Carga - 250 usuarios 1-246,text,true,,6719,420,250,250,https://www.blazedemo.com/purchase.php,363,0,0
1774386536825,337,2 - Escolher Voo,200,OK,Teste de Carga - 250 usuarios 1-74,text,true,,7381,250,250,250,https://www.blazedemo.com/reserve.php,322,0,0
1774386533914,3250,3 - Comprar Passagem,200,OK,Teste de Carga - 250 usuarios 1-148,text,true,,6719,420,250,250,https://www.blazedemo.com/purchase.php,3238,0,0
1774386536864,302,3 - Comprar Passagem,200,OK,Teste de Carga - 250 usuarios 1-27,text,true,,6719,420,250,250,https://www.blazedemo.com/purchase.php,290,0,0
1774386536590,579,2 - Escolher Voo,200,OK,Teste de Carga - 250 usuarios 1-157,text,true,,7381,250,250,250,https://www.blazedemo.com/reserve.php,559,0,0
1774386536882,291,3 - Comprar Passagem,200,OK,Teste de Carga - 250 usuarios 1-198,text,true,,6719,420,250,250,https://www.blazedemo.com/purchase.php,278,0,0
1774386532363,4820,2 - Escolher Voo,200,OK,Teste de Carga - 250 usuarios 1-78,text,true,,7381,250,250,250,https://www.blazedemo.com/reserve.php,4800,0,0
1774386534257,2929,3 - Comprar Passagem,200,OK,Teste de Carga - 250 usuarios 1-159,text,true,,6719,420,250,250,https://www.blazedemo.com/purchase.php,2917,0,0
1774386536477,712,3 - Comprar Passagem,200,OK,Teste de Carga - 250 usuarios 1-104,text,true,,6719,420,250,250,https://www.blazedemo.com/purchase.php,696,0,0
1774386536742,447,2 - Escolher Voo,200,OK,Teste de Carga - 250 usuarios 1-199,text,true,,7381,250,250,250,https://www.blazedemo.com/reserve.php,427,0,0
1774386536864,337,3 - Comprar Passagem,200,OK,Teste de Carga - 250 usuarios 1-49,text,true,,6719,420,250,250,https://www.blazedemo.com/purchase.php,324,0,0
1774386536636,572,1 - Acessar Home,200,OK,Teste de Carga - 250 usuarios 1-39,text,true,,4757,120,250,250,https://www.blazedemo.com/,560,0,0
1774386536771,441,3 - Comprar Passagem,200,OK,Teste de Carga - 250 usuarios 1-79,text,true,,6719,420,250,250,https://www.blazedemo.com/purchase.php,429,0,0
1774386535095,2117,3 - Comprar Passagem,200,OK,Teste de Carga - 250 usuarios 1-2,text,true,,6719,420,250,250,https://www.blazedemo.com/purchase.php,2105,0,0
1774386536838,389,1 - Acessar Home,200,OK,Teste de Carga - 250 usuarios 1-105,text,true,,4757,120,250,250,https://www.blazedemo.com/,377,0,0
1774386536851,382,3 - Comprar Passagem,200,OK,Teste de Carga - 250 usuarios 1-125,text,true,,6719,420,250,250,https://www.blazedemo.com/purchase.php,370,0,0
1774386532487,4750,2 - Escolher Voo,200,OK,Teste de Carga - 250 usuarios 1-42,text,true,,7381,250,250,250,https://www.blazedemo.com/reserve.php,4730,0,0
1774386536554,686,1 - Acessar Home,200,OK,Teste de Carga - 250 usuarios 1-147,text,true,,4757,120,250,250,https://www.blazedemo.com/,672,0,0
1774386536364,877,3 - Comprar Passagem,200,OK,Teste de Carga - 250 usuarios 1-89,text,true,,6719,420,250,250,https://www.blazedemo.com/purchase.php,866,0,0
1774386536922,323,1 - Acessar Home,200,OK,Teste de Carga - 250 usuarios 1-131,text,true,,4757,120,250,250,https://www.blazedemo.com/,311,0,0
1774386536953,297,1 - Acessar Home,200,OK,Teste de Carga - 250 usuarios 1-245,text,true,,4757,120,250,250,https://www.blazedemo.com/,282,0,0
1774386536965,286,2 - Escolher Voo,200,OK,Teste de Carga - 250 usuarios 1-98,text,true,,7381,250,250,250,https://www.blazedemo.com/reserve.php,266,0,0
1774386536970,288,3 - Comprar Passagem,200,OK,Teste de Carga - 250 usuarios 1-5,text,true,,6719,420,250,250,https://www.blazedemo.com/purchase.php,275,0,0
1774386536984,278,1 - Acessar Home,200,OK,Teste de Carga - 250 usuarios 1-53,text,true,,4757,120,250,250,https://www.blazedemo.com/,266,0,0
1774386534019,3248,1 - Acessar Home,200,OK,Teste de Carga - 250 usuarios 1-90,text,true,,4757,120,250,250,https://www.blazedemo.com/,3239,0,0
1774386536938,331,1 - Acessar Home,200,OK,Teste de Carga - 250 usuarios 1-204,text,true,,4757,120,250,250,https://www.blazedemo.com/,320,0,0
1774386534328,2943,3 - Comprar Passagem,200,OK,Teste de Carga - 250 usuarios 1-135,text,true,,6719,420,250,250,https://www.blazedemo.com/purchase.php,2931,0,0
1774386536750,523,1 - Acessar Home,200,OK,Teste de Carga - 250 usuarios 1-3,text,true,,4757,120,250,250,https://www.blazedemo.com/,512,0,0
1774386536999,274,1 - Acessar Home,200,OK,Teste de Carga - 250 usuarios 1-226,text,true,,4757,120,250,250,https://www.blazedemo.com/,263,0,0
1774386536997,280,2 - Escolher Voo,200,OK,Teste de Carga - 250 usuarios 1-75,text,true,,7381,250,250,250,https://www.blazedemo.com/reserve.php,261,0,0
1774386536141,1149,3 - Comprar Passagem,200,OK,Teste de Carga - 250 usuarios 1-88,text,true,,6719,420,250,250,https://www.blazedemo.com/purchase.php,1136,0,0
1774386536686,605,2 - Escolher Voo,200,OK,Teste de Carga - 250 usuarios 1-238,text,true,,7381,250,250,250,https://www.blazedemo.com/reserve.php,585,0,0
1774386536534,759,1 - Acessar Home,200,OK,Teste de Carga - 250 usuarios 1-205,text,true,,4757,120,250,250,https://www.blazedemo.com/,747,0,0
1774386536871,423,2 - Escolher Voo,200,OK,Teste de Carga - 250 usuarios 1-146,text,true,,7381,250,250,250,https://www.blazedemo.com/reserve.php,402,0,0
1774386535793,1506,3 - Comprar Passagem,200,OK,Teste de Carga - 250 usuarios 1-28,text,true,,6719,420,250,250,https://www.blazedemo.com/purchase.php,1494,0,0
1774386535877,1423,2 - Escolher Voo,200,OK,Teste de Carga - 250 usuarios 1-207,text,true,,7381,250,250,250,https://www.blazedemo.com/reserve.php,1401,0,0
1774386534052,3249,3 - Comprar Passagem,200,OK,Teste de Carga - 250 usuarios 1-65,text,true,,6719,420,250,250,https://www.blazedemo.com/purchase.php,3237,0,0
1774386536867,436,1 - Acessar Home,200,OK,Teste de Carga - 250 usuarios 1-153,text,true,,4757,120,250,250,https://www.blazedemo.com/,424,0,0
1774386536657,649,1 - Acessar Home,200,OK,Teste de Carga - 250 usuarios 1-242,text,true,,4757,120,250,250,https://www.blazedemo.com/,636,0,0
1774386535323,1987,3 - Comprar Passagem,200,OK,Teste de Carga - 250 usuarios 1-156,text,true,,6719,420,250,250,https://www.blazedemo.com/purchase.php,1975,0,0
1774386537069,262,2 - Escolher Voo,200,OK,Teste de Carga - 250 usuarios 1-137,text,true,,7381,250,250,250,https://www.blazedemo.com/reserve.php,245,0,0
1774386536967,365,2 - Escolher Voo,200,OK,Teste de Carga - 250 usuarios 1-201,text,true,,7381,250,250,250,https://www.blazedemo.com/reserve.php,344,0,0
1774386532522,4812,2 - Escolher Voo,200,OK,Teste de Carga - 250 usuarios 1-149,text,true,,7381,250,250,250,https://www.blazedemo.com/reserve.php,4796,0,0
1774386537062,274,1 - Acessar Home,200,OK,Teste de Carga - 250 usuarios 1-229,text,true,,4757,120,250,250,https://www.blazedemo.com/,262,0,0
1774386537040,302,1 - Acessar Home,200,OK,Teste de Carga - 250 usuarios 1-192,text,true,,4757,120,250,250,https://www.blazedemo.com/,289,0,0
1774386536882,462,3 - Comprar Passagem,200,OK,Teste de Carga - 250 usuarios 1-155,text,true,,6719,420,250,250,https://www.blazedemo.com/purchase.php,450,0,0
1774386534336,3014,3 - Comprar Passagem,200,OK,Teste de Carga - 250 usuarios 1-99,text,true,,6719,420,250,250,https://www.blazedemo.com/purchase.php,3001,0,0
1774386536594,767,2 - Escolher Voo,200,OK,Teste de Carga - 250 usuarios 1-101,text,true,,7381,250,250,250,https://www.blazedemo.com/reserve.php,747,0,0
1774386536849,515,1 - Acessar Home,200,OK,Teste de Carga - 250 usuarios 1-17,text,true,,4757,120,250,250,https://www.blazedemo.com/,504,0,0
1774386537059,305,3 - Comprar Passagem,200,OK,Teste de Carga - 250 usuarios 1-61,text,true,,6719,420,250,250,https://www.blazedemo.com/purchase.php,290,0,0
1774386536480,886,2 - Escolher Voo,200,OK,Teste de Carga - 250 usuarios 1-232,text,true,,7381,250,250,250,https://www.blazedemo.com/reserve.php,870,0,0
1774386534248,3118,3 - Comprar Passagem,200,OK,Teste de Carga - 250 usuarios 1-152,text,true,,6719,420,250,250,https://www.blazedemo.com/purchase.php,3107,0,0
1774386537067,301,3 - Comprar Passagem,200,OK,Teste de Carga - 250 usuarios 1-41,text,true,,6719,420,250,250,https://www.blazedemo.com/purchase.php,287,0,0
1774386537071,299,2 - Escolher Voo,200,OK,Teste de Carga - 250 usuarios 1-82,text,true,,7381,250,250,250,https://www.blazedemo.com/reserve.php,283,0,0
1774386536865,511,2 - Escolher Voo,200,OK,Teste de Carga - 250 usuarios 1-218,text,true,,7381,250,250,250,https://www.blazedemo.com/reserve.php,490,0,0
1774386532631,4749,1 - Acessar Home,200,OK,Teste de Carga - 250 usuarios 1-181,text,true,,4757,120,250,250,https://www.blazedemo.com/,4737,0,0
1774386537094,288,2 - Escolher Voo,200,OK,Teste de Carga - 250 usuarios 1-127,text,true,,7381,250,250,250,https://www.blazedemo.com/reserve.php,267,0,0
1774386536686,699,3 - Comprar Passagem,200,OK,Teste de Carga - 250 usuarios 1-4,text,true,,6719,420,250,250,https://www.blazedemo.com/purchase.php,685,0,0
1774386534363,3028,1 - Acessar Home,200,OK,Teste de Carga - 250 usuarios 1-60,text,true,,4757,120,250,250,https://www.blazedemo.com/,3020,0,0
1774386537064,339,2 - Escolher Voo,200,OK,Teste de Carga - 250 usuarios 1-154,text,true,,7381,250,250,250,https://www.blazedemo.com/reserve.php,318,0,0
1774386536737,670,2 - Escolher Voo,200,OK,Teste de Carga - 250 usuarios 1-97,text,true,,7381,250,250,250,https://www.blazedemo.com/reserve.php,650,0,0
1774386537077,339,1 - Acessar Home,200,OK,Teste de Carga - 250 usuarios 1-117,text,true,,4757,120,250,250,https://www.blazedemo.com/,327,0,0
1774386537147,272,3 - Comprar Passagem,200,OK,Teste de Carga - 250 usuarios 1-223,text,true,,6719,420,250,250,https://www.blazedemo.com/purchase.php,260,0,0
1774386536765,654,3 - Comprar Passagem,200,OK,Teste de Carga - 250 usuarios 1-72,text,true,,6719,420,250,250,https://www.blazedemo.com/purchase.php,642,0,0
1774386537186,239,1 - Acessar Home,200,OK,Teste de Carga - 250 usuarios 1-159,text,true,,4757,120,250,250,https://www.blazedemo.com/,228,0,0
1774386535497,1930,3 - Comprar Passagem,200,OK,Teste de Carga - 250 usuarios 1-64,text,true,,6719,420,250,250,https://www.blazedemo.com/purchase.php,1917,0,0
1774386537166,262,1 - Acessar Home,200,OK,Teste de Carga - 250 usuarios 1-27,text,true,,4757,120,250,250,https://www.blazedemo.com/,250,0,0
1774386537070,359,1 - Acessar Home,200,OK,Teste de Carga - 250 usuarios 1-193,text,true,,4757,120,250,250,https://www.blazedemo.com/,346,0,0
1774386537084,346,3 - Comprar Passagem,200,OK,Teste de Carga - 250 usuarios 1-77,text,true,,6719,420,250,250,https://www.blazedemo.com/purchase.php,334,0,0
1774386536969,464,1 - Acessar Home,200,OK,Teste de Carga - 250 usuarios 1-241,text,true,,4757,120,250,250,https://www.blazedemo.com/,452,0,0
1774386537141,309,3 - Comprar Passagem,200,OK,Teste de Carga - 250 usuarios 1-7,text,true,,6719,420,250,250,https://www.blazedemo.com/purchase.php,296,0,0
1774386532680,4772,3 - Comprar Passagem,200,OK,Teste de Carga - 250 usuarios 1-11,text,true,,6719,420,250,250,https://www.blazedemo.com/purchase.php,4760,0,0
1774386534432,3026,3 - Comprar Passagem,200,OK,Teste de Carga - 250 usuarios 1-73,text,true,,6719,420,250,250,https://www.blazedemo.com/purchase.php,3014,0,0
1774386536895,564,1 - Acessar Home,200,OK,Teste de Carga - 250 usuarios 1-83,text,true,,4757,120,250,250,https://www.blazedemo.com/,552,0,0
1774386537053,407,3 - Comprar Passagem,200,OK,Teste de Carga - 250 usuarios 1-103,text,true,,6719,420,250,250,https://www.blazedemo.com/purchase.php,390,0,0
1774386537145,318,3 - Comprar Passagem,200,OK,Teste de Carga - 250 usuarios 1-150,text,true,,6719,420,250,250,https://www.blazedemo.com/purchase.php,306,0,0
1774386537064,402,3 - Comprar Passagem,200,OK,Teste de Carga - 250 usuarios 1-6,text,true,,6719,420,250,250,https://www.blazedemo.com/purchase.php,389,0,0
1774386537208,262,2 - Escolher Voo,200,OK,Teste de Carga - 250 usuarios 1-39,text,true,,7381,250,250,250,https://www.blazedemo.com/reserve.php,242,0,0
1774386536494,976,3 - Comprar Passagem,200,OK,Teste de Carga - 250 usuarios 1-143,text,true,,6719,420,250,250,https://www.blazedemo.com/purchase.php,963,0,0
1774386536611,863,1 - Acessar Home,200,OK,Teste de Carga - 250 usuarios 1-236,text,true,,4757,120,250,250,https://www.blazedemo.com/,852,0,0
1774386536644,835,1 - Acessar Home,200,OK,Teste de Carga - 250 usuarios 1-129,text,true,,4757,120,250,250,https://www.blazedemo.com/,822,0,0
1774386537201,278,1 - Acessar Home,200,OK,Teste de Carga - 250 usuarios 1-49,text,true,,4757,120,250,250,https://www.blazedemo.com/,266,0,0
1774386536471,1014,1 - Acessar Home,200,OK,Teste de Carga - 250 usuarios 1-84,text,true,,4757,120,250,250,https://www.blazedemo.com/,1001,0,0
1774386536558,933,1 - Acessar Home,200,OK,Teste de Carga - 250 usuarios 1-132,text,true,,4757,120,250,250,https://www.blazedemo.com/,920,0,0
1774386536873,618,1 - Acessar Home,200,OK,Teste de Carga - 250 usuarios 1-107,text,true,,4757,120,250,250,https://www.blazedemo.com/,607,0,0
1774386537212,282,1 - Acessar Home,200,OK,Teste de Carga - 250 usuarios 1-79,text,true,,4757,120,250,250,https://www.blazedemo.com/,270,0,0
1774386537212,283,1 - Acessar Home,200,OK,Teste de Carga - 250 usuarios 1-2,text,true,,4757,120,250,250,https://www.blazedemo.com/,271,0,0
1774386534059,3445,3 - Comprar Passagem,200,OK,Teste de Carga - 250 usuarios 1-170,text,true,,6719,420,250,250,https://www.blazedemo.com/purchase.php,3433,0,0
1774386534425,3080,2 - Escolher Voo,200,OK,Teste de Carga - 250 usuarios 1-37,text,true,,7381,250,250,250,https://www.blazedemo.com/reserve.php,3058,0,0
1774386537241,264,1 - Acessar Home,200,OK,Teste de Carga - 250 usuarios 1-89,text,true,,4757,120,250,250,https://www.blazedemo.com/,253,0,0
1774386537142,365,1 - Acessar Home,200,OK,Teste de Carga - 250 usuarios 1-47,text,true,,4757,120,250,250,https://www.blazedemo.com/,353,0,0
1774386536990,530,3 - Comprar Passagem,200,OK,Teste de Carga - 250 usuarios 1-249,text,true,,6719,420,250,250,https://www.blazedemo.com/purchase.php,519,0,0
1774386537183,341,3 - Comprar Passagem,200,OK,Teste de Carga - 250 usuarios 1-78,text,true,,6719,420,250,250,https://www.blazedemo.com/purchase.php,324,0,0
1774386537277,247,3 - Comprar Passagem,200,OK,Teste de Carga - 250 usuarios 1-75,text,true,,6719,420,250,250,https://www.blazedemo.com/purchase.php,233,0,0
1774386536985,542,3 - Comprar Passagem,200,OK,Teste de Carga - 250 usuarios 1-80,text,true,,6719,420,250,250,https://www.blazedemo.com/purchase.php,530,0,0
1774386537262,270,2 - Escolher Voo,200,OK,Teste de Carga - 250 usuarios 1-53,text,true,,7381,250,250,250,https://www.blazedemo.com/reserve.php,249,0,0
1774386535603,1932,2 - Escolher Voo,200,OK,Teste de Carga - 250 usuarios 1-114,text,true,,7381,250,250,250,https://www.blazedemo.com/reserve.php,1911,0,0
1774386536646,891,1 - Acessar Home,200,OK,Teste de Carga - 250 usuarios 1-172,text,true,,4757,120,250,250,https://www.blazedemo.com/,885,0,0
1774386537301,243,1 - Acessar Home,200,OK,Teste de Carga - 250 usuarios 1-65,text,true,,4757,120,250,250,https://www.blazedemo.com/,231,0,0
1774386537273,275,2 - Escolher Voo,200,OK,Teste de Carga - 250 usuarios 1-226,text,true,,7381,250,250,250,https://www.blazedemo.com/reserve.php,254,0,0
1774386537290,266,1 - Acessar Home,200,OK,Teste de Carga - 250 usuarios 1-88,text,true,,4757,120,250,250,https://www.blazedemo.com/,256,0,0
1774386534606,2959,2 - Escolher Voo,200,OK,Teste de Carga - 250 usuarios 1-14,text,true,,7381,250,250,250,https://www.blazedemo.com/reserve.php,2940,0,0
1774386537310,256,1 - Acessar Home,200,OK,Teste de Carga - 250 usuarios 1-156,text,true,,4757,120,250,250,https://www.blazedemo.com/,244,0,0
1774386537273,295,2 - Escolher Voo,200,OK,Teste de Carga - 250 usuarios 1-3,text,true,,7381,250,250,250,https://www.blazedemo.com/reserve.php,275,0,0
1774386537245,323,2 - Escolher Voo,200,OK,Teste de Carga - 250 usuarios 1-131,text,true,,7381,250,250,250,https://www.blazedemo.com/reserve.php,303,0,0
1774386536684,886,3 - Comprar Passagem,200,OK,Teste de Carga - 250 usuarios 1-214,text,true,,6719,420,250,250,https://www.blazedemo.com/purchase.php,874,0,0
1774386534485,3088,3 - Comprar Passagem,200,OK,Teste de Carga - 250 usuarios 1-38,text,true,,6719,420,250,250,https://www.blazedemo.com/purchase.php,3075,0,0
1774386537336,240,2 - Escolher Voo,200,OK,Teste de Carga - 250 usuarios 1-229,text,true,,7381,250,250,250,https://www.blazedemo.com/reserve.php,220,0,0
1774386536875,708,2 - Escolher Voo,200,OK,Teste de Carga - 250 usuarios 1-184,text,true,,7381,250,250,250,https://www.blazedemo.com/reserve.php,691,0,0
1774386537271,318,1 - Acessar Home,200,OK,Teste de Carga - 250 usuarios 1-135,text,true,,4757,120,250,250,https://www.blazedemo.com/,306,0,0
1774386537292,301,3 - Comprar Passagem,200,OK,Teste de Carga - 250 usuarios 1-238,text,true,,6719,420,250,250,https://www.blazedemo.com/purchase.php,289,0,0
1774386534086,3508,3 - Comprar Passagem,200,OK,Teste de Carga - 250 usuarios 1-56,text,true,,6719,420,250,250,https://www.blazedemo.com/purchase.php,3495,0,0
1774386537068,528,1 - Acessar Home,200,OK,Teste de Carga - 250 usuarios 1-163,text,true,,4757,120,250,250,https://www.blazedemo.com/,515,0,0
1774386532859,4738,2 - Escolher Voo,200,OK,Teste de Carga - 250 usuarios 1-9,text,true,,7381,250,250,250,https://www.blazedemo.com/reserve.php,4717,0,0
1774386537365,232,1 - Acessar Home,200,OK,Teste de Carga - 250 usuarios 1-61,text,true,,4757,120,250,250,https://www.blazedemo.com/,219,0,0
1774386537331,269,3 - Comprar Passagem,200,OK,Teste de Carga - 250 usuarios 1-137,text,true,,6719,420,250,250,https://www.blazedemo.com/purchase.php,257,0,0
1774386537240,361,2 - Escolher Voo,200,OK,Teste de Carga - 250 usuarios 1-147,text,true,,7381,250,250,250,https://www.blazedemo.com/reserve.php,341,0,0
1774386536778,824,3 - Comprar Passagem,200,OK,Teste de Carga - 250 usuarios 1-51,text,true,,6719,420,250,250,https://www.blazedemo.com/purchase.php,812,0,0
1774386535766,1837,1 - Acessar Home,200,OK,Teste de Carga - 250 usuarios 1-12,text,true,,4757,120,250,250,https://www.blazedemo.com/,1825,0,0
1774386537084,522,3 - Comprar Passagem,200,OK,Teste de Carga - 250 usuarios 1-31,text,true,,6719,420,250,250,https://www.blazedemo.com/purchase.php,509,0,0
1774386537300,309,3 - Comprar Passagem,200,OK,Teste de Carga - 250 usuarios 1-207,text,true,,6719,420,250,250,https://www.blazedemo.com/purchase.php,297,0,0
1774386537332,284,3 - Comprar Passagem,200,OK,Teste de Carga - 250 usuarios 1-201,text,true,,6719,420,250,250,https://www.blazedemo.com/purchase.php,271,0,0
1774386537342,274,2 - Escolher Voo,200,OK,Teste de Carga - 250 usuarios 1-192,text,true,,7381,250,250,250,https://www.blazedemo.com/reserve.php,258,0,0
1774386534438,3186,2 - Escolher Voo,200,OK,Teste de Carga - 250 usuarios 1-76,text,true,,7381,250,250,250,https://www.blazedemo.com/reserve.php,3167,0,0
1774386533026,4606,2 - Escolher Voo,200,OK,Teste de Carga - 250 usuarios 1-48,text,true,,7381,250,250,250,https://www.blazedemo.com/reserve.php,4585,0,0
1774386537380,255,2 - Escolher Voo,200,OK,Teste de Carga - 250 usuarios 1-181,text,true,,7381,250,250,250,https://www.blazedemo.com/reserve.php,235,0,0
1774386537021,615,3 - Comprar Passagem,200,OK,Teste de Carga - 250 usuarios 1-10,text,true,,6719,420,250,250,https://www.blazedemo.com/purchase.php,603,0,0
1774386537370,276,3 - Comprar Passagem,200,OK,Teste de Carga - 250 usuarios 1-82,text,true,,6719,420,250,250,https://www.blazedemo.com/purchase.php,265,0,0
1774386534441,3215,3 - Comprar Passagem,200,OK,Teste de Carga - 250 usuarios 1-190,text,true,,6719,420,250,250,https://www.blazedemo.com/purchase.php,3204,0,0
1774386537362,302,3 - Comprar Passagem,200,OK,Teste de Carga - 250 usuarios 1-101,text,true,,6719,420,250,250,https://www.blazedemo.com/purchase.php,289,0,0
1774386537419,250,1 - Acessar Home,200,OK,Teste de Carga - 250 usuarios 1-223,text,true,,4757,120,250,250,https://www.blazedemo.com/,238,0,0
1774386537416,256,2 - Escolher Voo,200,OK,Teste de Carga - 250 usuarios 1-117,text,true,,7381,250,250,250,https://www.blazedemo.com/reserve.php,235,0,0
1774386534435,3242,3 - Comprar Passagem,200,OK,Teste de Carga - 250 usuarios 1-13,text,true,,6719,420,250,250,https://www.blazedemo.com/purchase.php,3230,0,0
1774386537366,313,3 - Comprar Passagem,200,OK,Teste de Carga - 250 usuarios 1-232,text,true,,6719,420,250,250,https://www.blazedemo.com/purchase.php,301,0,0
1774386537433,246,2 - Escolher Voo,200,OK,Teste de Carga - 250 usuarios 1-241,text,true,,7381,250,250,250,https://www.blazedemo.com/reserve.php,226,0,0
1774386533063,4618,1 - Acessar Home,200,OK,Teste de Carga - 250 usuarios 1-113,text,true,,4757,120,250,250,https://www.blazedemo.com/,4605,0,0
1774386536902,781,2 - Escolher Voo,200,OK,Teste de Carga - 250 usuarios 1-25,text,true,,7381,250,250,250,https://www.blazedemo.com/reserve.php,760,0,0
1774386534788,2899,1 - Acessar Home,200,OK,Teste de Carga - 250 usuarios 1-191,text,true,,4757,120,250,250,https://www.blazedemo.com/,2887,0,0
1774386537407,283,3 - Comprar Passagem,200,OK,Teste de Carga - 250 usuarios 1-97,text,true,,6719,420,250,250,https://www.blazedemo.com/purchase.php,270,0,0
1774386536930,761,1 - Acessar Home,200,OK,Teste de Carga - 250 usuarios 1-220,text,true,,4757,120,250,250,https://www.blazedemo.com/,749,0,0
1774386536902,789,3 - Comprar Passagem,200,OK,Teste de Carga - 250 usuarios 1-111,text,true,,6719,420,250,250,https://www.blazedemo.com/purchase.php,777,0,0
1774386537101,598,2 - Escolher Voo,200,OK,Teste de Carga - 250 usuarios 1-63,text,true,,7381,250,250,250,https://www.blazedemo.com/reserve.php,576,0,0
1774386534204,3495,1 - Acessar Home,200,OK,Teste de Carga - 250 usuarios 1-161,text,true,,4757,120,250,250,https://www.blazedemo.com/,3481,0,0
1774386536753,949,3 - Comprar Passagem,200,OK,Teste de Carga - 250 usuarios 1-142,text,true,,6719,420,250,250,https://www.blazedemo.com/purchase.php,933,0,0
1774386536860,843,3 - Comprar Passagem,200,OK,Teste de Carga - 250 usuarios 1-196,text,true,,6719,420,250,250,https://www.blazedemo.com/purchase.php,831,0,0
1774386534657,3048,1 - Acessar Home,200,OK,Teste de Carga - 250 usuarios 1-185,text,true,,4757,120,250,250,https://www.blazedemo.com/,3036,0,0
1774386537391,316,2 - Escolher Voo,200,OK,Teste de Carga - 250 usuarios 1-60,text,true,,7381,250,250,250,https://www.blazedemo.com/reserve.php,298,0,0
1774386537419,292,1 - Acessar Home,200,OK,Teste de Carga - 250 usuarios 1-72,text,true,,4757,120,250,250,https://www.blazedemo.com/,280,0,0
1774386536990,725,3 - Comprar Passagem,200,OK,Teste de Carga - 250 usuarios 1-169,text,true,,6719,420,250,250,https://www.blazedemo.com/purchase.php,709,0,0
1774386537452,271,1 - Acessar Home,200,OK,Teste de Carga - 250 usuarios 1-11,text,true,,4757,120,250,250,https://www.blazedemo.com/,258,0,0
1774386537102,630,3 - Comprar Passagem,200,OK,Teste de Carga - 250 usuarios 1-21,text,true,,6719,420,250,250,https://www.blazedemo.com/purchase.php,617,0,0
1774386537425,310,2 - Escolher Voo,200,OK,Teste de Carga - 250 usuarios 1-159,text,true,,7381,250,250,250,https://www.blazedemo.com/reserve.php,290,0,0
1774386536925,810,1 - Acessar Home,200,OK,Teste de Carga - 250 usuarios 1-32,text,true,,4757,120,250,250,https://www.blazedemo.com/,798,0,0
1774386535862,1875,3 - Comprar Passagem,200,OK,Teste de Carga - 250 usuarios 1-222,text,true,,6719,420,250,250,https://www.blazedemo.com/purchase.php,1864,0,0
1774386537463,275,1 - Acessar Home,200,OK,Teste de Carga - 250 usuarios 1-150,text,true,,4757,120,250,250,https://www.blazedemo.com/,264,0,0
1774386537521,224,1 - Acessar Home,200,OK,Teste de Carga - 250 usuarios 1-249,text,true,,4757,120,250,250,https://www.blazedemo.com/,212,0,0
1774386537428,325,2 - Escolher Voo,200,OK,Teste de Carga - 250 usuarios 1-27,text,true,,7381,250,250,250,https://www.blazedemo.com/reserve.php,308,0,0
1774386537494,265,2 - Escolher Voo,200,OK,Teste de Carga - 250 usuarios 1-79,text,true,,7381,250,250,250,https://www.blazedemo.com/reserve.php,245,0,0
1774386537480,280,2 - Escolher Voo,200,OK,Teste de Carga - 250 usuarios 1-129,text,true,,7381,250,250,250,https://www.blazedemo.com/reserve.php,260,0,0
1774386534459,3305,2 - Escolher Voo,200,OK,Teste de Carga - 250 usuarios 1-211,text,true,,7381,250,250,250,https://www.blazedemo.com/reserve.php,3288,0,0
1774386537527,237,1 - Acessar Home,200,OK,Teste de Carga - 250 usuarios 1-80,text,true,,4757,120,250,250,https://www.blazedemo.com/,225,0,0
1774386537532,233,3 - Comprar Passagem,200,OK,Teste de Carga - 250 usuarios 1-53,text,true,,6719,420,250,250,https://www.blazedemo.com/purchase.php,220,0,0
1774386537466,312,1 - Acessar Home,200,OK,Teste de Carga - 250 usuarios 1-6,text,true,,4757,120,250,250,https://www.blazedemo.com/,303,0,0
1774386537164,625,1 - Acessar Home,200,OK,Teste de Carga - 250 usuarios 1-148,text,true,,4757,120,250,250,https://www.blazedemo.com/,614,0,0
1774386536892,898,1 - Acessar Home,200,OK,Teste de Carga - 250 usuarios 1-94,text,true,,4757,120,250,250,https://www.blazedemo.com/,886,0,0
1774386537538,262,2 - Escolher Voo,200,OK,Teste de Carga - 250 usuarios 1-172,text,true,,7381,250,250,250,https://www.blazedemo.com/reserve.php,242,0,0
1774386534244,3558,2 - Escolher Voo,200,OK,Teste de Carga - 250 usuarios 1-93,text,true,,7381,250,250,250,https://www.blazedemo.com/reserve.php,3537,0,0
1774386537548,259,3 - Comprar Passagem,200,OK,Teste de Carga - 250 usuarios 1-226,text,true,,6719,420,250,250,https://www.blazedemo.com/purchase.php,248,0,0
1774386537568,240,3 - Comprar Passagem,200,OK,Teste de Carga - 250 usuarios 1-131,text,true,,6719,420,250,250,https://www.blazedemo.com/purchase.php,228,0,0
1774386537334,476,3 - Comprar Passagem,200,OK,Teste de Carga - 250 usuarios 1-149,text,true,,6719,420,250,250,https://www.blazedemo.com/purchase.php,464,0,0
1774386533276,4536,2 - Escolher Voo,200,OK,Teste de Carga - 250 usuarios 1-16,text,true,,7381,250,250,250,https://www.blazedemo.com/reserve.php,4520,0,0
1774386537507,305,2 - Escolher Voo,200,OK,Teste de Carga - 250 usuarios 1-47,text,true,,7381,250,250,250,https://www.blazedemo.com/reserve.php,289,0,0
1774386534503,3309,1 - Acessar Home,200,OK,Teste de Carga - 250 usuarios 1-188,text,true,,4757,120,250,250,https://www.blazedemo.com/,3297,0,0
1774386537061,753,1 - Acessar Home,200,OK,Teste de Carga - 250 usuarios 1-141,text,true,,4757,120,250,250,https://www.blazedemo.com/,741,0,0
1774386537556,264,2 - Escolher Voo,200,OK,Teste de Carga - 250 usuarios 1-88,text,true,,7381,250,250,250,https://www.blazedemo.com/reserve.php,247,0,0
1774386537474,351,2 - Escolher Voo,200,OK,Teste de Carga - 250 usuarios 1-236,text,true,,7381,250,250,250,https://www.blazedemo.com/reserve.php,331,0,0
1774386537147,689,3 - Comprar Passagem,200,OK,Teste de Carga - 250 usuarios 1-243,text,true,,6719,420,250,250,https://www.blazedemo.com/purchase.php,677,0,0
1774386533306,4538,3 - Comprar Passagem,200,OK,Teste de Carga - 250 usuarios 1-43,text,true,,6719,420,250,250,https://www.blazedemo.com/purchase.php,4525,0,0
1774386537524,320,1 - Acessar Home,200,OK,Teste de Carga - 250 usuarios 1-75,text,true,,4757,120,250,250,https://www.blazedemo.com/,307,0,0
1774386537127,718,2 - Escolher Voo,200,OK,Teste de Carga - 250 usuarios 1-22,text,true,,7381,250,250,250,https://www.blazedemo.com/reserve.php,698,0,0
1774386537573,275,1 - Acessar Home,200,OK,Teste de Carga - 250 usuarios 1-38,text,true,,4757,120,250,250,https://www.blazedemo.com/,261,0,0
1774386534566,3282,1 - Acessar Home,200,OK,Teste de Carga - 250 usuarios 1-68,text,true,,4757,120,250,250,https://www.blazedemo.com/,3270,0,0
1774386536982,876,1 - Acessar Home,200,OK,Teste de Carga - 250 usuarios 1-231,text,true,,4757,120,250,250,https://www.blazedemo.com/,865,0,0
1774386537158,703,1 - Acessar Home,200,OK,Teste de Carga - 250 usuarios 1-246,text,true,,4757,120,250,250,https://www.blazedemo.com/,694,0,0
1774386537567,295,2 - Escolher Voo,200,OK,Teste de Carga - 250 usuarios 1-156,text,true,,7381,250,250,250,https://www.blazedemo.com/reserve.php,275,0,0
1774386537535,327,3 - Comprar Passagem,200,OK,Teste de Carga - 250 usuarios 1-114,text,true,,6719,420,250,250,https://www.blazedemo.com/purchase.php,315,0,0
1774386536277,1593,3 - Comprar Passagem,200,OK,Teste de Carga - 250 usuarios 1-86,text,true,,6719,420,250,250,https://www.blazedemo.com/purchase.php,1580,0,0
1774386537602,268,1 - Acessar Home,200,OK,Teste de Carga - 250 usuarios 1-51,text,true,,4757,120,250,250,https://www.blazedemo.com/,259,0,0
1774386537609,269,1 - Acessar Home,200,OK,Teste de Carga - 250 usuarios 1-207,text,true,,4757,120,250,250,https://www.blazedemo.com/,256,0,0
1774386534235,3643,1 - Acessar Home,200,OK,Teste de Carga - 250 usuarios 1-87,text,true,,4757,120,250,250,https://www.blazedemo.com/,3632,0,0
1774386537344,539,1 - Acessar Home,200,OK,Teste de Carga - 250 usuarios 1-155,text,true,,4757,120,250,250,https://www.blazedemo.com/,528,0,0
1774386537594,291,1 - Acessar Home,200,OK,Teste de Carga - 250 usuarios 1-238,text,true,,4757,120,250,250,https://www.blazedemo.com/,279,0,0
1774386537227,658,2 - Escolher Voo,200,OK,Teste de Carga - 250 usuarios 1-105,text,true,,7381,250,250,250,https://www.blazedemo.com/reserve.php,637,0,0
1774386537597,294,3 - Comprar Passagem,200,OK,Teste de Carga - 250 usuarios 1-9,text,true,,6719,420,250,250,https://www.blazedemo.com/purchase.php,283,0,0
1774386537189,708,3 - Comprar Passagem,200,OK,Teste de Carga - 250 usuarios 1-199,text,true,,6719,420,250,250,https://www.blazedemo.com/purchase.php,696,0,0
1774386537596,309,2 - Escolher Voo,200,OK,Teste de Carga - 250 usuarios 1-163,text,true,,7381,250,250,250,https://www.blazedemo.com/reserve.php,289,0,0
1774386537597,309,2 - Escolher Voo,200,OK,Teste de Carga - 250 usuarios 1-61,text,true,,7381,250,250,250,https://www.blazedemo.com/reserve.php,288,0,0
1774386537045,864,2 - Escolher Voo,200,OK,Teste de Carga - 250 usuarios 1-71,text,true,,7381,250,250,250,https://www.blazedemo.com/reserve.php,844,0,0
1774386537065,846,3 - Comprar Passagem,200,OK,Teste de Carga - 250 usuarios 1-202,text,true,,6719,420,250,250,https://www.blazedemo.com/purchase.php,834,0,0
1774386537656,256,1 - Acessar Home,200,OK,Teste de Carga - 250 usuarios 1-190,text,true,,4757,120,250,250,https://www.blazedemo.com/,247,0,0
1774386535102,2819,1 - Acessar Home,200,OK,Teste de Carga - 250 usuarios 1-221,text,true,,4757,120,250,250,https://www.blazedemo.com/,2809,0,0
1774386537544,379,2 - Escolher Voo,200,OK,Teste de Carga - 250 usuarios 1-65,text,true,,7381,250,250,250,https://www.blazedemo.com/reserve.php,359,0,0
1774386536333,1593,1 - Acessar Home,200,OK,Teste de Carga - 250 usuarios 1-133,text,true,,4757,120,250,250,https://www.blazedemo.com/,1582,0,0
1774386537350,576,1 - Acessar Home,200,OK,Teste de Carga - 250 usuarios 1-99,text,true,,4757,120,250,250,https://www.blazedemo.com/,563,0,0
1774386537672,262,3 - Comprar Passagem,200,OK,Teste de Carga - 250 usuarios 1-117,text,true,,6719,420,250,250,https://www.blazedemo.com/purchase.php,249,0,0
1774386537690,248,1 - Acessar Home,200,OK,Teste de Carga - 250 usuarios 1-97,text,true,,4757,120,250,250,https://www.blazedemo.com/,237,0,0
1774386537687,269,2 - Escolher Voo,200,OK,Teste de Carga - 250 usuarios 1-191,text,true,,7381,250,250,250,https://www.blazedemo.com/reserve.php,250,0,0
1774386534721,3235,1 - Acessar Home,200,OK,Teste de Carga - 250 usuarios 1-247,text,true,,4757,120,250,250,https://www.blazedemo.com/,3224,0,0
1774386537163,797,3 - Comprar Passagem,200,OK,Teste de Carga - 250 usuarios 1-74,text,true,,6719,420,250,250,https://www.blazedemo.com/purchase.php,785,0,0
1774386537295,666,3 - Comprar Passagem,200,OK,Teste de Carga - 250 usuarios 1-146,text,true,,6719,420,250,250,https://www.blazedemo.com/purchase.php,654,0,0
1774386534345,3623,2 - Escolher Voo,200,OK,Teste de Carga - 250 usuarios 1-167,text,true,,7381,250,250,250,https://www.blazedemo.com/reserve.php,3607,0,0
1774386537715,264,1 - Acessar Home,200,OK,Teste de Carga - 250 usuarios 1-169,text,true,,4757,120,250,250,https://www.blazedemo.com/,251,0,0
1774386537691,289,2 - Escolher Voo,200,OK,Teste de Carga - 250 usuarios 1-220,text,true,,7381,250,250,250,https://www.blazedemo.com/reserve.php,268,0,0
1774386537366,626,1 - Acessar Home,200,OK,Teste de Carga - 250 usuarios 1-152,text,true,,4757,120,250,250,https://www.blazedemo.com/,614,0,0
1774386537603,391,2 - Escolher Voo,200,OK,Teste de Carga - 250 usuarios 1-12,text,true,,7381,250,250,250,https://www.blazedemo.com/reserve.php,376,0,0
1774386537233,764,1 - Acessar Home,200,OK,Teste de Carga - 250 usuarios 1-125,text,true,,4757,120,250,250,https://www.blazedemo.com/,752,0,0
1774386534653,3348,3 - Comprar Passagem,200,OK,Teste de Carga - 250 usuarios 1-118,text,true,,6719,420,250,250,https://www.blazedemo.com/purchase.php,3332,0,0
1774386533466,4539,1 - Acessar Home,200,OK,Teste de Carga - 250 usuarios 1-240,text,true,,4757,120,250,250,https://www.blazedemo.com/,4528,0,0
1774386537699,307,2 - Escolher Voo,200,OK,Teste de Carga - 250 usuarios 1-161,text,true,,7381,250,250,250,https://www.blazedemo.com/reserve.php,287,0,0
1774386537368,640,1 - Acessar Home,200,OK,Teste de Carga - 250 usuarios 1-41,text,true,,4757,120,250,250,https://www.blazedemo.com/,628,0,0
1774386537739,272,2 - Escolher Voo,200,OK,Teste de Carga - 250 usuarios 1-150,text,true,,7381,250,250,250,https://www.blazedemo.com/reserve.php,252,0,0
1774386537705,309,2 - Escolher Voo,200,OK,Teste de Carga - 250 usuarios 1-185,text,true,,7381,250,250,250,https://www.blazedemo.com/reserve.php,288,0,0
1774386537636,378,1 - Acessar Home,200,OK,Teste de Carga - 250 usuarios 1-10,text,true,,4757,120,250,250,https://www.blazedemo.com/,366,0,0
1774386537764,251,2 - Escolher Voo,200,OK,Teste de Carga - 250 usuarios 1-80,text,true,,7381,250,250,250,https://www.blazedemo.com/reserve.php,231,0,0
1774386537683,339,3 - Comprar Passagem,200,OK,Teste de Carga - 250 usuarios 1-25,text,true,,6719,420,250,250,https://www.blazedemo.com/purchase.php,318,0,0
1774386537303,721,2 - Escolher Voo,200,OK,Teste de Carga - 250 usuarios 1-153,text,true,,7381,250,250,250,https://www.blazedemo.com/reserve.php,700,0,0
1774386537723,302,2 - Escolher Voo,200,OK,Teste de Carga - 250 usuarios 1-11,text,true,,7381,250,250,250,https://www.blazedemo.com/reserve.php,282,0,0
1774386537403,622,3 - Comprar Passagem,200,OK,Teste de Carga - 250 usuarios 1-154,text,true,,6719,420,250,250,https://www.blazedemo.com/purchase.php,612,0,0
1774386537299,730,1 - Acessar Home,200,OK,Teste de Carga - 250 usuarios 1-28,text,true,,4757,120,250,250,https://www.blazedemo.com/,718,0,0
1774386537760,271,3 - Comprar Passagem,200,OK,Teste de Carga - 250 usuarios 1-129,text,true,,6719,420,250,250,https://www.blazedemo.com/purchase.php,258,0,0
1774386537677,354,1 - Acessar Home,200,OK,Teste de Carga - 250 usuarios 1-13,text,true,,4757,120,250,250,https://www.blazedemo.com/,342,0,0
1774386537293,749,2 - Escolher Voo,200,OK,Teste de Carga - 250 usuarios 1-205,text,true,,7381,250,250,250,https://www.blazedemo.com/reserve.php,726,0,0
1774386533516,4528,1 - Acessar Home,200,OK,Teste de Carga - 250 usuarios 1-186,text,true,,4757,120,250,250,https://www.blazedemo.com/,4516,0,0
1774386537732,314,1 - Acessar Home,200,OK,Teste de Carga - 250 usuarios 1-21,text,true,,4757,120,250,250,https://www.blazedemo.com/,302,0,0
1774386536339,1708,1 - Acessar Home,200,OK,Teste de Carga - 250 usuarios 1-228,text,true,,4757,120,250,250,https://www.blazedemo.com/,1695,0,0
1774386537270,779,2 - Escolher Voo,200,OK,Teste de Carga - 250 usuarios 1-204,text,true,,7381,250,250,250,https://www.blazedemo.com/reserve.php,758,0,0
1774386537485,569,2 - Escolher Voo,200,OK,Teste de Carga - 250 usuarios 1-84,text,true,,7381,250,250,250,https://www.blazedemo.com/reserve.php,547,0,0
1774386534513,3548,2 - Escolher Voo,200,OK,Teste de Carga - 250 usuarios 1-139,text,true,,7381,250,250,250,https://www.blazedemo.com/reserve.php,3531,0,0
1774386537807,256,1 - Acessar Home,200,OK,Teste de Carga - 250 usuarios 1-226,text,true,,4757,120,250,250,https://www.blazedemo.com/,244,0,0
1774386534827,3237,2 - Escolher Voo,200,OK,Teste de Carga - 250 usuarios 1-189,text,true,,7381,250,250,250,https://www.blazedemo.com/reserve.php,3217,0,0
1774386537664,403,1 - Acessar Home,200,OK,Teste de Carga - 250 usuarios 1-101,text,true,,4757,120,250,250,https://www.blazedemo.com/,392,0,0
1774386537764,306,3 - Comprar Passagem,200,OK,Teste de Carga - 250 usuarios 1-211,text,true,,6719,420,250,250,https://www.blazedemo.com/purchase.php,294,0,0
1774386537802,279,3 - Comprar Passagem,200,OK,Teste de Carga - 250 usuarios 1-93,text,true,,6719,420,250,250,https://www.blazedemo.com/purchase.php,267,0,0
1774386537365,723,2 - Escolher Voo,200,OK,Teste de Carga - 250 usuarios 1-17,text,true,,7381,250,250,250,https://www.blazedemo.com/reserve.php,702,0,0
1774386537812,279,3 - Comprar Passagem,200,OK,Teste de Carga - 250 usuarios 1-16,text,true,,6719,420,250,250,https://www.blazedemo.com/purchase.php,268,0,0
1774386537382,721,3 - Comprar Passagem,200,OK,Teste de Carga - 250 usuarios 1-127,text,true,,6719,420,250,250,https://www.blazedemo.com/purchase.php,709,0,0
1774386537306,799,2 - Escolher Voo,200,OK,Teste de Carga - 250 usuarios 1-242,text,true,,7381,250,250,250,https://www.blazedemo.com/reserve.php,779,0,0
1774386535313,2796,3 - Comprar Passagem,200,OK,Teste de Carga - 250 usuarios 1-120,text,true,,6719,420,250,250,https://www.blazedemo.com/purchase.php,2781,0,0
1774386537470,644,3 - Comprar Passagem,200,OK,Teste de Carga - 250 usuarios 1-39,text,true,,6719,420,250,250,https://www.blazedemo.com/purchase.php,632,0,0
1774386533573,4547,1 - Acessar Home,200,OK,Teste de Carga - 250 usuarios 1-108,text,true,,4757,120,250,250,https://www.blazedemo.com/,4535,0,0
1774386537765,355,1 - Acessar Home,200,OK,Teste de Carga - 250 usuarios 1-53,text,true,,4757,120,250,250,https://www.blazedemo.com/,342,0,0
1774386535357,2764,2 - Escolher Voo,200,OK,Teste de Carga - 250 usuarios 1-166,text,true,,7381,250,250,250,https://www.blazedemo.com/reserve.php,2743,0,0
1774386537759,364,3 - Comprar Passagem,200,OK,Teste de Carga - 250 usuarios 1-79,text,true,,6719,420,250,250,https://www.blazedemo.com/purchase.php,352,0,0
1774386537848,281,2 - Escolher Voo,200,OK,Teste de Carga - 250 usuarios 1-38,text,true,,7381,250,250,250,https://www.blazedemo.com/reserve.php,261,0,0
1774386537565,571,3 - Comprar Passagem,200,OK,Teste de Carga - 250 usuarios 1-14,text,true,,6719,420,250,250,https://www.blazedemo.com/purchase.php,558,0,0
1774386536367,1769,1 - Acessar Home,200,OK,Teste de Carga - 250 usuarios 1-35,text,true,,4757,120,250,250,https://www.blazedemo.com/,1756,0,0
1774386537844,292,1 - Acessar Home,200,OK,Teste de Carga - 250 usuarios 1-43,text,true,,4757,120,250,250,https://www.blazedemo.com/,280,0,0
1774386537459,678,2 - Escolher Voo,200,OK,Teste de Carga - 250 usuarios 1-83,text,true,,7381,250,250,250,https://www.blazedemo.com/reserve.php,657,0,0
1774386537862,278,3 - Comprar Passagem,200,OK,Teste de Carga - 250 usuarios 1-156,text,true,,6719,420,250,250,https://www.blazedemo.com/purchase.php,265,0,0
1774386537861,279,2 - Escolher Voo,200,OK,Teste de Carga - 250 usuarios 1-246,text,true,,7381,250,250,250,https://www.blazedemo.com/reserve.php,256,0,0
1774386537491,653,2 - Escolher Voo,200,OK,Teste de Carga - 250 usuarios 1-107,text,true,,7381,250,250,250,https://www.blazedemo.com/reserve.php,633,0,0
1774386537778,368,2 - Escolher Voo,200,OK,Teste de Carga - 250 usuarios 1-6,text,true,,7381,250,250,250,https://www.blazedemo.com/reserve.php,349,0,0
1774386534854,3299,3 - Comprar Passagem,200,OK,Teste de Carga - 250 usuarios 1-174,text,true,,6719,420,250,250,https://www.blazedemo.com/purchase.php,3287,0,0
1774386537600,554,1 - Acessar Home,200,OK,Teste de Carga - 250 usuarios 1-137,text,true,,4757,120,250,250,https://www.blazedemo.com/,542,0,0
1774386537844,318,2 - Escolher Voo,200,OK,Teste de Carga - 250 usuarios 1-75,text,true,,7381,250,250,250,https://www.blazedemo.com/reserve.php,297,0,0
1774386537789,375,2 - Escolher Voo,200,OK,Teste de Carga - 250 usuarios 1-148,text,true,,7381,250,250,250,https://www.blazedemo.com/reserve.php,354,0,0
1774386537878,297,2 - Escolher Voo,200,OK,Teste de Carga - 250 usuarios 1-87,text,true,,7381,250,250,250,https://www.blazedemo.com/reserve.php,276,0,0
1774386537885,293,3 - Comprar Passagem,200,OK,Teste de Carga - 250 usuarios 1-105,text,true,,6719,420,250,250,https://www.blazedemo.com/purchase.php,281,0,0
1774386537376,803,3 - Comprar Passagem,200,OK,Teste de Carga - 250 usuarios 1-218,text,true,,6719,420,250,250,https://www.blazedemo.com/purchase.php,788,0,0
1774386537594,592,1 - Acessar Home,200,OK,Teste de Carga - 250 usuarios 1-56,text,true,,4757,120,250,250,https://www.blazedemo.com/,579,0,0
1774386537897,290,1 - Acessar Home,200,OK,Teste de Carga - 250 usuarios 1-199,text,true,,4757,120,250,250,https://www.blazedemo.com/,278,0,0
1774386537669,518,2 - Escolher Voo,200,OK,Teste de Carga - 250 usuarios 1-223,text,true,,7381,250,250,250,https://www.blazedemo.com/reserve.php,498,0,0
1774386537909,280,3 - Comprar Passagem,200,OK,Teste de Carga - 250 usuarios 1-71,text,true,,6719,420,250,250,https://www.blazedemo.com/purchase.php,268,0,0
1774386533568,4628,1 - Acessar Home,200,OK,Teste de Carga - 250 usuarios 1-58,text,true,,4757,120,250,250,https://www.blazedemo.com/,4615,0,0
1774386534892,3305,1 - Acessar Home,200,OK,Teste de Carga - 250 usuarios 1-227,text,true,,4757,120,250,250,https://www.blazedemo.com/,3293,0,0
1774386537862,343,1 - Acessar Home,200,OK,Teste de Carga - 250 usuarios 1-114,text,true,,4757,120,250,250,https://www.blazedemo.com/,331,0,0
1774386535007,3206,1 - Acessar Home,200,OK,Teste de Carga - 250 usuarios 1-130,text,true,,4757,120,250,250,https://www.blazedemo.com/,3194,0,0
1774386537926,287,2 - Escolher Voo,200,OK,Teste de Carga - 250 usuarios 1-99,text,true,,7381,250,250,250,https://www.blazedemo.com/reserve.php,270,0,0
1774386537451,763,1 - Acessar Home,200,OK,Teste de Carga - 250 usuarios 1-7,text,true,,4757,120,250,250,https://www.blazedemo.com/,751,0,0
1774386537926,288,2 - Escolher Voo,200,OK,Teste de Carga - 250 usuarios 1-133,text,true,,7381,250,250,250,https://www.blazedemo.com/reserve.php,271,0,0
1774386537912,303,2 - Escolher Voo,200,OK,Teste de Carga - 250 usuarios 1-190,text,true,,7381,250,250,250,https://www.blazedemo.com/reserve.php,279,0,0
1774386537495,720,2 - Escolher Voo,200,OK,Teste de Carga - 250 usuarios 1-2,text,true,,7381,250,250,250,https://www.blazedemo.com/reserve.php,700,0,0
1774386537480,738,2 - Escolher Voo,200,OK,Teste de Carga - 250 usuarios 1-49,text,true,,7381,250,250,250,https://www.blazedemo.com/reserve.php,719,0,0
1774386537707,515,3 - Comprar Passagem,200,OK,Teste de Carga - 250 usuarios 1-60,text,true,,6719,420,250,250,https://www.blazedemo.com/purchase.php,503,0,0
1774386537679,546,1 - Acessar Home,200,OK,Teste de Carga - 250 usuarios 1-232,text,true,,4757,120,250,250,https://www.blazedemo.com/,534,0,0
1774386537870,358,1 - Acessar Home,200,OK,Teste de Carga - 250 usuarios 1-86,text,true,,4757,120,250,250,https://www.blazedemo.com/,347,0,0
1774386536750,1480,3 - Comprar Passagem,200,OK,Teste de Carga - 250 usuarios 1-237,text,true,,6719,420,250,250,https://www.blazedemo.com/purchase.php,1464,0,0
1774386537891,346,1 - Acessar Home,200,OK,Teste de Carga - 250 usuarios 1-9,text,true,,4761,120,250,250,https://www.blazedemo.com/,333,0,0
1774386537636,603,3 - Comprar Passagem,200,OK,Teste de Carga - 250 usuarios 1-181,text,true,,6719,420,250,250,https://www.blazedemo.com/purchase.php,590,0,0
1774386537968,271,3 - Comprar Passagem,200,OK,Teste de Carga - 250 usuarios 1-167,text,true,,6719,420,250,250,https://www.blazedemo.com/purchase.php,258,0,0
1774386537825,414,3 - Comprar Passagem,200,OK,Teste de Carga - 250 usuarios 1-236,text,true,,6719,420,250,250,https://www.blazedemo.com/purchase.php,402,0,0
1774386536791,1450,2 - Escolher Voo,200,OK,Teste de Carga - 250 usuarios 1-206,text,true,,7381,250,250,250,https://www.blazedemo.com/reserve.php,1430,0,0
1774386537883,359,2 - Escolher Voo,200,OK,Teste de Carga - 250 usuarios 1-155,text,true,,7381,250,250,250,https://www.blazedemo.com/reserve.php,338,0,0
1774386537845,398,3 - Comprar Passagem,200,OK,Teste de Carga - 250 usuarios 1-22,text,true,,6719,420,250,250,https://www.blazedemo.com/purchase.php,386,0,0
1774386537524,726,1 - Acessar Home,200,OK,Teste de Carga - 250 usuarios 1-78,text,true,,4757,120,250,250,https://www.blazedemo.com/,715,0,0
1774386537624,630,3 - Comprar Passagem,200,OK,Teste de Carga - 250 usuarios 1-76,text,true,,6719,420,250,250,https://www.blazedemo.com/purchase.php,617,0,0
1774386537994,260,3 - Comprar Passagem,200,OK,Teste de Carga - 250 usuarios 1-12,text,true,,6719,420,250,250,https://www.blazedemo.com/purchase.php,249,0,0
1774386537617,644,3 - Comprar Passagem,200,OK,Teste de Carga - 250 usuarios 1-192,text,true,,6719,420,250,250,https://www.blazedemo.com/purchase.php,631,0,0
1774386537505,770,3 - Comprar Passagem,200,OK,Teste de Carga - 250 usuarios 1-37,text,true,,6719,420,250,250,https://www.blazedemo.com/purchase.php,759,0,0
1774386537616,659,1 - Acessar Home,200,OK,Teste de Carga - 250 usuarios 1-201,text,true,,4757,120,250,250,https://www.blazedemo.com/,648,0,0
1774386535378,2899,1 - Acessar Home,200,OK,Teste de Carga - 250 usuarios 1-177,text,true,,4757,120,250,250,https://www.blazedemo.com/,2888,0,0
1774386538014,267,2 - Escolher Voo,200,OK,Teste de Carga - 250 usuarios 1-10,text,true,,7381,250,250,250,https://www.blazedemo.com/reserve.php,249,0,0
1774386538005,284,2 - Escolher Voo,200,OK,Teste de Carga - 250 usuarios 1-240,text,true,,7381,250,250,250,https://www.blazedemo.com/reserve.php,261,0,0
1774386537934,364,1 - Acessar Home,200,OK,Teste de Carga - 250 usuarios 1-117,text,true,,4757,120,250,250,https://www.blazedemo.com/,352,0,0
1774386538022,280,1 - Acessar Home,200,OK,Teste de Carga - 250 usuarios 1-25,text,true,,4757,120,250,250,https://www.blazedemo.com/,270,0,0
1774386537632,673,3 - Comprar Passagem,200,OK,Teste de Carga - 250 usuarios 1-48,text,true,,6719,420,250,250,https://www.blazedemo.com/purchase.php,657,0,0
1774386537939,370,2 - Escolher Voo,200,OK,Teste de Carga - 250 usuarios 1-97,text,true,,7381,250,250,250,https://www.blazedemo.com/reserve.php,350,0,0
1774386538026,288,3 - Comprar Passagem,200,OK,Teste de Carga - 250 usuarios 1-11,text,true,,6719,420,250,250,https://www.blazedemo.com/purchase.php,277,0,0
1774386537470,844,1 - Acessar Home,200,OK,Teste de Carga - 250 usuarios 1-143,text,true,,4757,120,250,250,https://www.blazedemo.com/,835,0,0
1774386537506,810,2 - Escolher Voo,200,OK,Teste de Carga - 250 usuarios 1-89,text,true,,7381,250,250,250,https://www.blazedemo.com/reserve.php,796,0,0
1774386535388,2928,3 - Comprar Passagem,200,OK,Teste de Carga - 250 usuarios 1-178,text,true,,6719,420,250,250,https://www.blazedemo.com/purchase.php,2917,0,0
1774386537980,338,3 - Comprar Passagem,200,OK,Teste de Carga - 250 usuarios 1-220,text,true,,6719,420,250,250,https://www.blazedemo.com/purchase.php,326,0,0
1774386536849,1471,1 - Acessar Home,200,OK,Teste de Carga - 250 usuarios 1-128,text,true,,4757,120,250,250,https://www.blazedemo.com/,1460,0,0
1774386537753,568,3 - Comprar Passagem,200,OK,Teste de Carga - 250 usuarios 1-27,text,true,,6719,420,250,250,https://www.blazedemo.com/purchase.php,556,0,0
1774386535512,2817,1 - Acessar Home,200,OK,Teste de Carga - 250 usuarios 1-248,text,true,,4757,120,250,250,https://www.blazedemo.com/,2802,0,0
1774386534716,3621,3 - Comprar Passagem,200,OK,Teste de Carga - 250 usuarios 1-182,text,true,,6719,420,250,250,https://www.blazedemo.com/purchase.php,3604,0,0
1774386535291,3050,1 - Acessar Home,200,OK,Teste de Carga - 250 usuarios 1-15,text,true,,4757,120,250,250,https://www.blazedemo.com/,3038,0,0
1774386537979,362,2 - Escolher Voo,200,OK,Teste de Carga - 250 usuarios 1-169,text,true,,7381,250,250,250,https://www.blazedemo.com/reserve.php,339,0,0
1774386538031,314,1 - Acessar Home,200,OK,Teste de Carga - 250 usuarios 1-129,text,true,,4757,120,250,250,https://www.blazedemo.com/,301,0,0
1774386537858,490,2 - Escolher Voo,200,OK,Teste de Carga - 250 usuarios 1-231,text,true,,7381,250,250,250,https://www.blazedemo.com/reserve.php,474,0,0
1774386537812,547,2 - Escolher Voo,200,OK,Teste de Carga - 250 usuarios 1-188,text,true,,7381,250,250,250,https://www.blazedemo.com/reserve.php,525,0,0
1774386538061,301,3 - Comprar Passagem,200,OK,Teste de Carga - 250 usuarios 1-139,text,true,,6719,420,250,250,https://www.blazedemo.com/purchase.php,287,0,0
1774386538088,279,3 - Comprar Passagem,200,OK,Teste de Carga - 250 usuarios 1-17,text,true,,6719,420,250,250,https://www.blazedemo.com/purchase.php,267,0,0
1774386538024,345,3 - Comprar Passagem,200,OK,Teste de Carga - 250 usuarios 1-153,text,true,,6719,420,250,250,https://www.blazedemo.com/purchase.php,334,0,0
1774386535292,3083,3 - Comprar Passagem,200,OK,Teste de Carga - 250 usuarios 1-96,text,true,,6719,420,250,250,https://www.blazedemo.com/purchase.php,3069,0,0
1774386537921,458,2 - Escolher Voo,200,OK,Teste de Carga - 250 usuarios 1-221,text,true,,7381,250,250,250,https://www.blazedemo.com/reserve.php,438,0,0
1774386537992,387,2 - Escolher Voo,200,OK,Teste de Carga - 250 usuarios 1-152,text,true,,7381,250,250,250,https://www.blazedemo.com/reserve.php,366,0,0
1774386537702,681,1 - Acessar Home,200,OK,Teste de Carga - 250 usuarios 1-142,text,true,,4757,120,250,250,https://www.blazedemo.com/,668,0,0
1774386536866,1529,3 - Comprar Passagem,200,OK,Teste de Carga - 250 usuarios 1-18,text,true,,6719,420,250,250,https://www.blazedemo.com/purchase.php,1517,0,0
1774386538049,346,3 - Comprar Passagem,200,OK,Teste de Carga - 250 usuarios 1-204,text,true,,6719,420,250,250,https://www.blazedemo.com/purchase.php,338,0,0
1774386536988,1412,2 - Escolher Voo,200,OK,Teste de Carga - 250 usuarios 1-145,text,true,,7381,250,250,250,https://www.blazedemo.com/reserve.php,1391,0,0
1774386538137,272,3 - Comprar Passagem,200,OK,Teste de Carga - 250 usuarios 1-83,text,true,,6719,420,250,250,https://www.blazedemo.com/purchase.php,259,0,0
1774386538140,271,1 - Acessar Home,200,OK,Teste de Carga - 250 usuarios 1-156,text,true,,4757,120,250,250,https://www.blazedemo.com/,258,0,0
1774386537691,720,1 - Acessar Home,200,OK,Teste de Carga - 250 usuarios 1-111,text,true,,4757,120,250,250,https://www.blazedemo.com/,707,0,0
1774386537711,705,2 - Escolher Voo,200,OK,Teste de Carga - 250 usuarios 1-72,text,true,,7381,250,250,250,https://www.blazedemo.com/reserve.php,685,0,0
1774386537601,818,3 - Comprar Passagem,200,OK,Teste de Carga - 250 usuarios 1-147,text,true,,6719,420,250,250,https://www.blazedemo.com/purchase.php,799,0,0
1774386538044,375,2 - Escolher Voo,200,OK,Teste de Carga - 250 usuarios 1-186,text,true,,7381,250,250,250,https://www.blazedemo.com/reserve.php,354,0,0
1774386538014,405,3 - Comprar Passagem,200,OK,Teste de Carga - 250 usuarios 1-185,text,true,,6719,420,250,250,https://www.blazedemo.com/purchase.php,388,0,0
1774386538015,405,3 - Comprar Passagem,200,OK,Teste de Carga - 250 usuarios 1-80,text,true,,6719,420,250,250,https://www.blazedemo.com/purchase.php,394,0,0
1774386537504,919,1 - Acessar Home,200,OK,Teste de Carga - 250 usuarios 1-170,text,true,,4757,120,250,250,https://www.blazedemo.com/,907,0,0
1774386538046,379,2 - Escolher Voo,200,OK,Teste de Carga - 250 usuarios 1-21,text,true,,7381,250,250,250,https://www.blazedemo.com/reserve.php,363,0,0
1774386538110,318,1 - Acessar Home,200,OK,Teste de Carga - 250 usuarios 1-120,text,true,,4757,120,250,250,https://www.blazedemo.com/,306,0,0
1774386534918,3511,1 - Acessar Home,200,OK,Teste de Carga - 250 usuarios 1-54,text,true,,4757,120,250,250,https://www.blazedemo.com/,3509,0,0
1774386538070,370,1 - Acessar Home,200,OK,Teste de Carga - 250 usuarios 1-211,text,true,,4757,120,250,250,https://www.blazedemo.com/,357,0,0
1774386537923,517,3 - Comprar Passagem,200,OK,Teste de Carga - 250 usuarios 1-65,text,true,,6719,420,250,250,https://www.blazedemo.com/purchase.php,504,0,0
1774386538047,399,2 - Escolher Voo,200,OK,Teste de Carga - 250 usuarios 1-228,text,true,,7381,250,250,250,https://www.blazedemo.com/reserve.php,378,0,0
1774386533744,4712,2 - Escolher Voo,200,OK,Teste de Carga - 250 usuarios 1-217,text,true,,7381,250,250,250,https://www.blazedemo.com/reserve.php,4690,0,0
1774386535536,2926,3 - Comprar Passagem,200,OK,Teste de Carga - 250 usuarios 1-81,text,true,,6719,420,250,250,https://www.blazedemo.com/purchase.php,2915,0,0
1774386537960,510,1 - Acessar Home,200,OK,Teste de Carga - 250 usuarios 1-74,text,true,,4757,120,250,250,https://www.blazedemo.com/,497,0,0
1774386538011,459,3 - Comprar Passagem,200,OK,Teste de Carga - 250 usuarios 1-150,text,true,,6723,420,250,250,https://www.blazedemo.com/purchase.php,446,0,0
1774386538129,346,3 - Comprar Passagem,200,OK,Teste de Carga - 250 usuarios 1-38,text,true,,6719,420,250,250,https://www.blazedemo.com/purchase.php,333,0,0
1774386538029,446,2 - Escolher Voo,200,OK,Teste de Carga - 250 usuarios 1-28,text,true,,7381,250,250,250,https://www.blazedemo.com/reserve.php,433,0,0
1774386538120,358,2 - Escolher Voo,200,OK,Teste de Carga - 250 usuarios 1-108,text,true,,7381,250,250,250,https://www.blazedemo.com/reserve.php,342,0,0
1774386538187,304,2 - Escolher Voo,200,OK,Teste de Carga - 250 usuarios 1-199,text,true,,7381,250,250,250,https://www.blazedemo.com/reserve.php,283,0,0
1774386538214,279,3 - Comprar Passagem,200,OK,Teste de Carga - 250 usuarios 1-133,text,true,,6719,420,250,250,https://www.blazedemo.com/purchase.php,267,0,0
1774386538175,322,3 - Comprar Passagem,200,OK,Teste de Carga - 250 usuarios 1-87,text,true,,6719,420,250,250,https://www.blazedemo.com/purchase.php,310,0,0
1774386538081,421,1 - Acessar Home,200,OK,Teste de Carga - 250 usuarios 1-93,text,true,,4757,120,250,250,https://www.blazedemo.com/,410,0,0
1774386533799,4708,2 - Escolher Voo,200,OK,Teste de Carga - 250 usuarios 1-50,text,true,,7381,250,250,250,https://www.blazedemo.com/reserve.php,4686,0,0
1774386538136,371,2 - Escolher Voo,200,OK,Teste de Carga - 250 usuarios 1-43,text,true,,7381,250,250,250,https://www.blazedemo.com/reserve.php,349,0,0
1774386538144,363,3 - Comprar Passagem,200,OK,Teste de Carga - 250 usuarios 1-107,text,true,,6719,420,250,250,https://www.blazedemo.com/purchase.php,352,0,0
1774386537073,1441,1 - Acessar Home,200,OK,Teste de Carga - 250 usuarios 1-175,text,true,,4757,120,250,250,https://www.blazedemo.com/,1428,0,0
1774386537790,726,2 - Escolher Voo,200,OK,Teste de Carga - 250 usuarios 1-94,text,true,,7381,250,250,250,https://www.blazedemo.com/reserve.php,706,0,0
1774386535545,2971,2 - Escolher Voo,200,OK,Teste de Carga - 250 usuarios 1-224,text,true,,7381,250,250,250,https://www.blazedemo.com/reserve.php,2951,0,0
1774386538136,384,2 - Escolher Voo,200,OK,Teste de Carga - 250 usuarios 1-35,text,true,,7381,250,250,250,https://www.blazedemo.com/reserve.php,362,0,0
1774386538216,310,3 - Comprar Passagem,200,OK,Teste de Carga - 250 usuarios 1-2,text,true,,6719,420,250,250,https://www.blazedemo.com/purchase.php,291,0,0
1774386537814,714,2 - Escolher Voo,200,OK,Teste de Carga - 250 usuarios 1-141,text,true,,7381,250,250,250,https://www.blazedemo.com/reserve.php,693,0,0
1774386538026,505,1 - Acessar Home,200,OK,Teste de Carga - 250 usuarios 1-154,text,true,,4757,120,250,250,https://www.blazedemo.com/,494,0,0
1774386538042,491,3 - Comprar Passagem,200,OK,Teste de Carga - 250 usuarios 1-205,text,true,,6719,420,250,250,https://www.blazedemo.com/purchase.php,478,0,0
1774386538305,238,1 - Acessar Home,200,OK,Teste de Carga - 250 usuarios 1-48,text,true,,4757,120,250,250,https://www.blazedemo.com/,226,0,0
1774386538120,425,2 - Escolher Voo,200,OK,Teste de Carga - 250 usuarios 1-53,text,true,,7381,250,250,250,https://www.blazedemo.com/reserve.php,403,0,0
1774386535435,3116,3 - Comprar Passagem,200,OK,Teste de Carga - 250 usuarios 1-109,text,true,,6719,420,250,250,https://www.blazedemo.com/purchase.php,3102,0,0
1774386537237,1315,3 - Comprar Passagem,200,OK,Teste de Carga - 250 usuarios 1-42,text,true,,6719,420,250,250,https://www.blazedemo.com/purchase.php,1303,0,0
1774386537173,1382,1 - Acessar Home,200,OK,Teste de Carga - 250 usuarios 1-198,text,true,,4757,120,250,250,https://www.blazedemo.com/,1369,0,0
1774386535732,2823,3 - Comprar Passagem,200,OK,Teste de Carga - 250 usuarios 1-66,text,true,,6719,420,250,250,https://www.blazedemo.com/purchase.php,2808,0,0
1774386538321,242,1 - Acessar Home,200,OK,Teste de Carga - 250 usuarios 1-27,text,true,,4757,120,250,250,https://www.blazedemo.com/,227,0,0
1774386538006,561,3 - Comprar Passagem,200,OK,Teste de Carga - 250 usuarios 1-161,text,true,,6719,420,250,250,https://www.blazedemo.com/purchase.php,543,0,0
1774386538228,342,2 - Escolher Voo,200,OK,Teste de Carga - 250 usuarios 1-86,text,true,,7381,250,250,250,https://www.blazedemo.com/reserve.php,321,0,0
1774386538251,326,2 - Escolher Voo,200,OK,Teste de Carga - 250 usuarios 1-78,text,true,,7381,250,250,250,https://www.blazedemo.com/reserve.php,309,0,0
1774386538302,277,2 - Escolher Voo,200,OK,Teste de Carga - 250 usuarios 1-25,text,true,,7381,250,250,250,https://www.blazedemo.com/reserve.php,258,0,0
1774386538187,392,3 - Comprar Passagem,200,OK,Teste de Carga - 250 usuarios 1-223,text,true,,6719,420,250,250,https://www.blazedemo.com/purchase.php,380,0,0
1774386537570,1013,1 - Acessar Home,200,OK,Teste de Carga - 250 usuarios 1-214,text,true,,4757,120,250,250,https://www.blazedemo.com/,1000,0,0
1774386538214,377,2 - Escolher Voo,200,OK,Teste de Carga - 250 usuarios 1-7,text,true,,7381,250,250,250,https://www.blazedemo.com/reserve.php,356,0,0
1774386538213,381,2 - Escolher Voo,200,OK,Teste de Carga - 250 usuarios 1-130,text,true,,7381,250,250,250,https://www.blazedemo.com/reserve.php,361,0,0
1774386538309,286,3 - Comprar Passagem,200,OK,Teste de Carga - 250 usuarios 1-97,text,true,,6719,420,250,250,https://www.blazedemo.com/purchase.php,274,0,0
1774386538254,349,1 - Acessar Home,200,OK,Teste de Carga - 250 usuarios 1-76,text,true,,4757,120,250,250,https://www.blazedemo.com/,337,0,0
1774386538008,596,2 - Escolher Voo,200,OK,Teste de Carga - 250 usuarios 1-41,text,true,,7381,250,250,250,https://www.blazedemo.com/reserve.php,576,0,0
1774386534944,3663,2 - Escolher Voo,200,OK,Teste de Carga - 250 usuarios 1-208,text,true,,7381,250,250,250,https://www.blazedemo.com/reserve.php,3648,0,0
1774386537997,619,2 - Escolher Voo,200,OK,Teste de Carga - 250 usuarios 1-125,text,true,,7381,250,250,250,https://www.blazedemo.com/reserve.php,597,0,0
1774386535630,2989,1 - Acessar Home,200,OK,Teste de Carga - 250 usuarios 1-235,text,true,,4757,120,250,250,https://www.blazedemo.com/,2977,0,0
1774386538031,588,2 - Escolher Voo,200,OK,Teste de Carga - 250 usuarios 1-13,text,true,,7381,250,250,250,https://www.blazedemo.com/reserve.php,567,0,0
1774386538205,419,2 - Escolher Voo,200,OK,Teste de Carga - 250 usuarios 1-114,text,true,,7381,250,250,250,https://www.blazedemo.com/reserve.php,398,0,0
1774386538239,386,1 - Acessar Home,200,OK,Teste de Carga - 250 usuarios 1-181,text,true,,4757,120,250,250,https://www.blazedemo.com/,374,0,0
1774386535634,2998,1 - Acessar Home,200,OK,Teste de Carga - 250 usuarios 1-168,text,true,,4757,120,250,250,https://www.blazedemo.com/,2986,0,0
1774386537589,1047,2 - Escolher Voo,200,OK,Teste de Carga - 250 usuarios 1-135,text,true,,7381,250,250,250,https://www.blazedemo.com/reserve.php,1027,0,0
1774386538230,408,1 - Acessar Home,200,OK,Teste de Carga - 250 usuarios 1-237,text,true,,4757,120,250,250,https://www.blazedemo.com/,396,0,0
1774386537647,998,1 - Acessar Home,200,OK,Teste de Carga - 250 usuarios 1-82,text,true,,4757,120,250,250,https://www.blazedemo.com/,985,0,0
1774386538140,505,3 - Comprar Passagem,200,OK,Teste de Carga - 250 usuarios 1-246,text,true,,6719,420,250,250,https://www.blazedemo.com/purchase.php,493,0,0
1774386538318,330,1 - Acessar Home,200,OK,Teste de Carga - 250 usuarios 1-220,text,true,,4757,120,250,250,https://www.blazedemo.com/,316,0,0
1774386538146,502,3 - Comprar Passagem,200,OK,Teste de Carga - 250 usuarios 1-6,text,true,,6719,420,250,250,https://www.blazedemo.com/purchase.php,490,0,0
1774386538337,318,1 - Acessar Home,200,OK,Teste de Carga - 250 usuarios 1-182,text,true,,4757,120,250,250,https://www.blazedemo.com/,308,0,0
1774386535651,3019,2 - Escolher Voo,200,OK,Teste de Carga - 250 usuarios 1-197,text,true,,7381,250,250,250,https://www.blazedemo.com/reserve.php,2999,0,0
1774386537258,1420,1 - Acessar Home,200,OK,Teste de Carga - 250 usuarios 1-5,text,true,,4757,120,250,250,https://www.blazedemo.com/,1407,0,0
1774386538001,688,1 - Acessar Home,200,OK,Teste de Carga - 250 usuarios 1-118,text,true,,4757,120,250,250,https://www.blazedemo.com/,675,0,0
1774386538091,598,1 - Acessar Home,200,OK,Teste de Carga - 250 usuarios 1-16,text,true,,4757,120,250,250,https://www.blazedemo.com/,585,0,0
1774386535744,2949,2 - Escolher Voo,200,OK,Teste de Carga - 250 usuarios 1-123,text,true,,7381,250,250,250,https://www.blazedemo.com/reserve.php,2929,0,0
1774386534987,3715,3 - Comprar Passagem,200,OK,Teste de Carga - 250 usuarios 1-23,text,true,,6719,420,250,250,https://www.blazedemo.com/purchase.php,3703,0,0
1774386538241,464,3 - Comprar Passagem,200,OK,Teste de Carga - 250 usuarios 1-206,text,true,,6719,420,250,250,https://www.blazedemo.com/purchase.php,452,0,0
1774386538317,391,1 - Acessar Home,200,OK,Teste de Carga - 250 usuarios 1-178,text,true,,4757,120,250,250,https://www.blazedemo.com/,380,0,0
1774386538275,440,2 - Escolher Voo,200,OK,Teste de Carga - 250 usuarios 1-201,text,true,,7381,250,250,250,https://www.blazedemo.com/reserve.php,425,0,0
1774386538314,401,2 - Escolher Voo,200,OK,Teste de Carga - 250 usuarios 1-143,text,true,,7381,250,250,250,https://www.blazedemo.com/reserve.php,379,0,0
1774386538440,278,1 - Acessar Home,200,OK,Teste de Carga - 250 usuarios 1-65,text,true,,4757,120,250,250,https://www.blazedemo.com/,265,0,0
1774386533914,4806,1 - Acessar Home,200,OK,Teste de Carga - 250 usuarios 1-187,text,true,,4757,120,250,250,https://www.blazedemo.com/,4794,0,0
1774386538154,568,1 - Acessar Home,200,OK,Teste de Carga - 250 usuarios 1-174,text,true,,4757,120,250,250,https://www.blazedemo.com/,558,0,0
1774386537460,1263,1 - Acessar Home,200,OK,Teste de Carga - 250 usuarios 1-103,text,true,,4757,120,250,250,https://www.blazedemo.com/,1252,0,0
1774386537427,1304,1 - Acessar Home,200,OK,Teste de Carga - 250 usuarios 1-64,text,true,,4757,120,250,250,https://www.blazedemo.com/,1293,0,0
1774386537699,1038,3 - Comprar Passagem,200,OK,Teste de Carga - 250 usuarios 1-63,text,true,,6719,420,250,250,https://www.blazedemo.com/purchase.php,1026,0,0
1774386538375,366,1 - Acessar Home,200,OK,Teste de Carga - 250 usuarios 1-96,text,true,,4757,120,250,250,https://www.blazedemo.com/,355,0,0
1774386538186,561,2 - Escolher Voo,200,OK,Teste de Carga - 250 usuarios 1-56,text,true,,7381,250,250,250,https://www.blazedemo.com/reserve.php,542,0,0
1774386538216,535,3 - Comprar Passagem,200,OK,Teste de Carga - 250 usuarios 1-190,text,true,,6719,420,250,250,https://www.blazedemo.com/purchase.php,520,0,0
1774386538379,374,3 - Comprar Passagem,200,OK,Teste de Carga - 250 usuarios 1-221,text,true,,6719,420,250,250,https://www.blazedemo.com/purchase.php,361,0,0
1774386538237,518,2 - Escolher Voo,200,OK,Teste de Carga - 250 usuarios 1-9,text,true,,7381,250,250,250,https://www.blazedemo.com/reserve.php,498,0,0
1774386538196,569,2 - Escolher Voo,200,OK,Teste de Carga - 250 usuarios 1-58,text,true,,7381,250,250,250,https://www.blazedemo.com/reserve.php,547,0,0
1774386538360,406,3 - Comprar Passagem,200,OK,Teste de Carga - 250 usuarios 1-188,text,true,,6719,420,250,250,https://www.blazedemo.com/purchase.php,394,0,0
1774386538416,355,3 - Comprar Passagem,200,OK,Teste de Carga - 250 usuarios 1-72,text,true,,6719,420,250,250,https://www.blazedemo.com/purchase.php,343,0,0
1774386538123,650,1 - Acessar Home,200,OK,Teste de Carga - 250 usuarios 1-79,text,true,,4757,120,250,250,https://www.blazedemo.com/,636,0,0
1774386535714,3063,1 - Acessar Home,200,OK,Teste de Carga - 250 usuarios 1-121,text,true,,4757,120,250,250,https://www.blazedemo.com/,3048,0,0
1774386538478,300,3 - Comprar Passagem,200,OK,Teste de Carga - 250 usuarios 1-108,text,true,,6719,420,250,250,https://www.blazedemo.com/purchase.php,284,0,0
1774386538341,441,2 - Escolher Voo,200,OK,Teste de Carga - 250 usuarios 1-15,text,true,,7381,250,250,250,https://www.blazedemo.com/reserve.php,420,0,0
1774386535704,3078,3 - Comprar Passagem,200,OK,Teste de Carga - 250 usuarios 1-203,text,true,,6719,420,250,250,https://www.blazedemo.com/purchase.php,3066,0,0
1774386537737,1048,1 - Acessar Home,200,OK,Teste de Carga - 250 usuarios 1-222,text,true,,4757,120,250,250,https://www.blazedemo.com/,1036,0,0
1774386538281,509,3 - Comprar Passagem,200,OK,Teste de Carga - 250 usuarios 1-10,text,true,,6719,420,250,250,https://www.blazedemo.com/purchase.php,496,0,0
1774386534994,3807,3 - Comprar Passagem,200,OK,Teste de Carga - 250 usuarios 1-95,text,true,,6719,420,250,250,https://www.blazedemo.com/purchase.php,3795,0,0
1774386538446,355,3 - Comprar Passagem,200,OK,Teste de Carga - 250 usuarios 1-228,text,true,,6719,420,250,250,https://www.blazedemo.com/purchase.php,338,0,0
1774386538440,361,2 - Escolher Voo,200,OK,Teste de Carga - 250 usuarios 1-211,text,true,,7381,250,250,250,https://www.blazedemo.com/reserve.php,340,0,0
1774386538520,281,3 - Comprar Passagem,200,OK,Teste de Carga - 250 usuarios 1-35,text,true,,6719,420,250,250,https://www.blazedemo.com/purchase.php,271,0,0
1774386538411,401,2 - Escolher Voo,200,OK,Teste de Carga - 250 usuarios 1-111,text,true,,7381,250,250,250,https://www.blazedemo.com/reserve.php,378,0,0
1774386535841,2976,3 - Comprar Passagem,200,OK,Teste de Carga - 250 usuarios 1-92,text,true,,6719,420,250,250,https://www.blazedemo.com/purchase.php,2965,0,0
1774386538507,315,3 - Comprar Passagem,200,OK,Teste de Carga - 250 usuarios 1-43,text,true,,6719,420,250,250,https://www.blazedemo.com/purchase.php,299,0,0
1774386533983,4844,3 - Comprar Passagem,200,OK,Teste de Carga - 250 usuarios 1-26,text,true,,6719,420,250,250,https://www.blazedemo.com/purchase.php,4832,0,0
1774386538367,471,1 - Acessar Home,200,OK,Teste de Carga - 250 usuarios 1-17,text,true,,4757,120,250,250,https://www.blazedemo.com/,460,0,0
1774386535986,2853,1 - Acessar Home,200,OK,Teste de Carga - 250 usuarios 1-8,text,true,,4757,120,250,250,https://www.blazedemo.com/,2841,0,0
1774386538516,326,3 - Comprar Passagem,200,OK,Teste de Carga - 250 usuarios 1-94,text,true,,6719,420,250,250,https://www.blazedemo.com/purchase.php,316,0,0
1774386537735,1107,2 - Escolher Voo,200,OK,Teste de Carga - 250 usuarios 1-32,text,true,,7381,250,250,250,https://www.blazedemo.com/reserve.php,1092,0,0
1774386538457,388,3 - Comprar Passagem,200,OK,Teste de Carga - 250 usuarios 1-217,text,true,,6719,420,250,250,https://www.blazedemo.com/purchase.php,375,0,0
1774386538423,422,2 - Escolher Voo,200,OK,Teste de Carga - 250 usuarios 1-170,text,true,,7381,250,250,250,https://www.blazedemo.com/reserve.php,404,0,0
1774386538419,430,1 - Acessar Home,200,OK,Teste de Carga - 250 usuarios 1-147,text,true,,4757,120,250,250,https://www.blazedemo.com/,416,0,0
1774386537576,1277,3 - Comprar Passagem,200,OK,Teste de Carga - 250 usuarios 1-229,text,true,,6719,420,250,250,https://www.blazedemo.com/purchase.php,1259,0,0
1774386538329,525,2 - Escolher Voo,200,OK,Teste de Carga - 250 usuarios 1-248,text,true,,7381,250,250,250,https://www.blazedemo.com/reserve.php,506,0,0
1774386538162,696,3 - Comprar Passagem,200,OK,Teste de Carga - 250 usuarios 1-75,text,true,,6719,420,250,250,https://www.blazedemo.com/purchase.php,677,0,0
1774386538320,538,2 - Escolher Voo,200,OK,Teste de Carga - 250 usuarios 1-128,text,true,,7381,250,250,250,https://www.blazedemo.com/reserve.php,515,0,0
1774386538507,356,3 - Comprar Passagem,200,OK,Teste de Carga - 250 usuarios 1-50,text,true,,6719,420,250,250,https://www.blazedemo.com/purchase.php,346,0,0
1774386538491,372,3 - Comprar Passagem,200,OK,Teste de Carga - 250 usuarios 1-199,text,true,,6719,420,250,250,https://www.blazedemo.com/purchase.php,362,0,0
1774386538493,377,1 - Acessar Home,200,OK,Teste de Carga - 250 usuarios 1-133,text,true,,4757,120,250,250,https://www.blazedemo.com/,365,0,0
1774386537681,1189,2 - Escolher Voo,200,OK,Teste de Carga - 250 usuarios 1-113,text,true,,7381,250,250,250,https://www.blazedemo.com/reserve.php,1168,0,0
1774386538594,276,3 - Comprar Passagem,200,OK,Teste de Carga - 250 usuarios 1-130,text,true,,6719,420,250,250,https://www.blazedemo.com/purchase.php,264,0,0
1774386538624,247,3 - Comprar Passagem,200,OK,Teste de Carga - 250 usuarios 1-114,text,true,,6719,420,250,250,https://www.blazedemo.com/purchase.php,235,0,0
1774386538543,332,2 - Escolher Voo,200,OK,Teste de Carga - 250 usuarios 1-48,text,true,,7381,250,250,250,https://www.blazedemo.com/reserve.php,310,0,0
1774386538555,326,2 - Escolher Voo,200,OK,Teste de Carga - 250 usuarios 1-198,text,true,,7381,250,250,250,https://www.blazedemo.com/reserve.php,303,0,0
1774386538516,365,3 - Comprar Passagem,200,OK,Teste de Carga - 250 usuarios 1-224,text,true,,6719,420,250,250,https://www.blazedemo.com/purchase.php,354,0,0
1774386538379,515,3 - Comprar Passagem,200,OK,Teste de Carga - 250 usuarios 1-152,text,true,,6719,420,250,250,https://www.blazedemo.com/purchase.php,502,0,0
1774386538570,324,3 - Comprar Passagem,200,OK,Teste de Carga - 250 usuarios 1-86,text,true,,6719,420,250,250,https://www.blazedemo.com/purchase.php,311,0,0
1774386535014,3880,2 - Escolher Voo,200,OK,Teste de Carga - 250 usuarios 1-200,text,true,,7381,250,250,250,https://www.blazedemo.com/reserve.php,3857,0,0
1774386538645,268,2 - Escolher Voo,200,OK,Teste de Carga - 250 usuarios 1-82,text,true,,7381,250,250,250,https://www.blazedemo.com/reserve.php,249,0,0
1774386537800,1118,3 - Comprar Passagem,200,OK,Teste de Carga - 250 usuarios 1-172,text,true,,6719,420,250,250,https://www.blazedemo.com/purchase.php,1104,0,0
1774386537956,965,3 - Comprar Passagem,200,OK,Teste de Carga - 250 usuarios 1-191,text,true,,6719,420,250,250,https://www.blazedemo.com/purchase.php,955,0,0
1774386538577,349,3 - Comprar Passagem,200,OK,Teste de Carga - 250 usuarios 1-78,text,true,,6719,420,250,250,https://www.blazedemo.com/purchase.php,336,0,0
1774386538213,715,3 - Comprar Passagem,200,OK,Teste de Carga - 250 usuarios 1-99,text,true,,6719,420,250,250,https://www.blazedemo.com/purchase.php,705,0,0
1774386538261,670,1 - Acessar Home,200,OK,Teste de Carga - 250 usuarios 1-192,text,true,,4757,120,250,250,https://www.blazedemo.com/,658,0,0
1774386538507,424,1 - Acessar Home,200,OK,Teste de Carga - 250 usuarios 1-107,text,true,,4757,120,250,250,https://www.blazedemo.com/,413,0,0
1774386538583,355,2 - Escolher Voo,200,OK,Teste de Carga - 250 usuarios 1-214,text,true,,7381,250,250,250,https://www.blazedemo.com/reserve.php,335,0,0
1774386538619,322,3 - Comprar Passagem,200,OK,Teste de Carga - 250 usuarios 1-13,text,true,,6719,420,250,250,https://www.blazedemo.com/purchase.php,312,0,0
1774386534060,4884,3 - Comprar Passagem,200,OK,Teste de Carga - 250 usuarios 1-57,text,true,,6719,420,250,250,https://www.blazedemo.com/purchase.php,4871,0,0
1774386535909,3035,1 - Acessar Home,200,OK,Teste de Carga - 250 usuarios 1-40,text,true,,4757,120,250,250,https://www.blazedemo.com/,3024,0,0
1774386535080,3875,1 - Acessar Home,200,OK,Teste de Carga - 250 usuarios 1-33,text,true,,4757,120,250,250,https://www.blazedemo.com/,3861,0,0
1774386538395,560,1 - Acessar Home,200,OK,Teste de Carga - 250 usuarios 1-204,text,true,,4757,120,250,250,https://www.blazedemo.com/,549,0,0
1774386538648,308,1 - Acessar Home,200,OK,Teste de Carga - 250 usuarios 1-6,text,true,,4757,120,250,250,https://www.blazedemo.com/,296,0,0
1774386538475,488,3 - Comprar Passagem,200,OK,Teste de Carga - 250 usuarios 1-28,text,true,,6719,420,250,250,https://www.blazedemo.com/purchase.php,473,0,0
1774386538345,618,2 - Escolher Voo,200,OK,Teste de Carga - 250 usuarios 1-129,text,true,,7381,250,250,250,https://www.blazedemo.com/reserve.php,599,0,0
1774386538063,904,2 - Escolher Voo,200,OK,Teste de Carga - 250 usuarios 1-226,text,true,,7381,250,250,250,https://www.blazedemo.com/reserve.php,885,0,0
1774386538411,559,2 - Escolher Voo,200,OK,Teste de Carga - 250 usuarios 1-156,text,true,,7381,250,250,250,https://www.blazedemo.com/reserve.php,538,0,0
1774386535908,3066,1 - Acessar Home,200,OK,Teste de Carga - 250 usuarios 1-59,text,true,,4757,120,250,250,https://www.blazedemo.com/,3055,0,0
1774386538551,425,1 - Acessar Home,200,OK,Teste de Carga - 250 usuarios 1-109,text,true,,4757,120,250,250,https://www.blazedemo.com/,412,0,0
1774386538720,256,2 - Escolher Voo,200,OK,Teste de Carga - 250 usuarios 1-187,text,true,,7381,250,250,250,https://www.blazedemo.com/reserve.php,236,0,0
1774386538579,398,3 - Comprar Passagem,200,OK,Teste de Carga - 250 usuarios 1-25,text,true,,6719,420,250,250,https://www.blazedemo.com/purchase.php,387,0,0
1774386536078,2904,2 - Escolher Voo,200,OK,Teste de Carga - 250 usuarios 1-102,text,true,,7381,250,250,250,https://www.blazedemo.com/reserve.php,2882,0,0
1774386536030,2958,2 - Escolher Voo,200,OK,Teste de Carga - 250 usuarios 1-151,text,true,,7381,250,250,250,https://www.blazedemo.com/reserve.php,2940,0,0
1774386536143,2846,1 - Acessar Home,200,OK,Teste de Carga - 250 usuarios 1-30,text,true,,4757,120,250,250,https://www.blazedemo.com/,2834,0,0
1774386538625,369,2 - Escolher Voo,200,OK,Teste de Carga - 250 usuarios 1-181,text,true,,7381,250,250,250,https://www.blazedemo.com/reserve.php,351,0,0
1774386538737,257,1 - Acessar Home,200,OK,Teste de Carga - 250 usuarios 1-63,text,true,,4757,120,250,250,https://www.blazedemo.com/,245,0,0
1774386538314,684,1 - Acessar Home,200,OK,Teste de Carga - 250 usuarios 1-11,text,true,,4757,120,250,250,https://www.blazedemo.com/,674,0,0
1774386538420,583,1 - Acessar Home,200,OK,Teste de Carga - 250 usuarios 1-80,text,true,,4757,120,250,250,https://www.blazedemo.com/,568,0,0
1774386538383,622,2 - Escolher Voo,200,OK,Teste de Carga - 250 usuarios 1-142,text,true,,7381,250,250,250,https://www.blazedemo.com/reserve.php,603,0,0
1774386538706,304,1 - Acessar Home,200,OK,Teste de Carga - 250 usuarios 1-206,text,true,,4757,120,250,250,https://www.blazedemo.com/,292,0,0
1774386538655,359,2 - Escolher Voo,200,OK,Teste de Carga - 250 usuarios 1-182,text,true,,7381,250,250,250,https://www.blazedemo.com/reserve.php,338,0,0
1774386538753,272,1 - Acessar Home,200,OK,Teste de Carga - 250 usuarios 1-221,text,true,,4757,120,250,250,https://www.blazedemo.com/,259,0,0
1774386538801,244,1 - Acessar Home,200,OK,Teste de Carga - 250 usuarios 1-95,text,true,,4757,120,250,250,https://www.blazedemo.com/,232,0,0
1774386534075,4970,3 - Comprar Passagem,200,OK,Teste de Carga - 250 usuarios 1-119,text,true,,6719,420,250,250,https://www.blazedemo.com/purchase.php,4958,0,0
1774386538801,255,1 - Acessar Home,200,OK,Teste de Carga - 250 usuarios 1-35,text,true,,4757,120,250,250,https://www.blazedemo.com/,241,0,0
1774386535285,3772,3 - Comprar Passagem,200,OK,Teste de Carga - 250 usuarios 1-234,text,true,,6719,420,250,250,https://www.blazedemo.com/purchase.php,3760,0,0
1774386537885,1174,2 - Escolher Voo,200,OK,Teste de Carga - 250 usuarios 1-238,text,true,,7381,250,250,250,https://www.blazedemo.com/reserve.php,1155,0,0
1774386538136,927,1 - Acessar Home,200,OK,Teste de Carga - 250 usuarios 1-14,text,true,,4757,120,250,250,https://www.blazedemo.com/,918,0,0
1774386538426,646,3 - Comprar Passagem,200,OK,Teste de Carga - 250 usuarios 1-21,text,true,,6719,420,250,250,https://www.blazedemo.com/purchase.php,628,0,0
1774386538689,383,2 - Escolher Voo,200,OK,Teste de Carga - 250 usuarios 1-16,text,true,,7381,250,250,250,https://www.blazedemo.com/reserve.php,364,0,0
1774386538514,558,2 - Escolher Voo,200,OK,Teste de Carga - 250 usuarios 1-175,text,true,,7381,250,250,250,https://www.blazedemo.com/reserve.php,539,0,0
1774386538741,332,2 - Escolher Voo,200,OK,Teste de Carga - 250 usuarios 1-96,text,true,,7381,250,250,250,https://www.blazedemo.com/reserve.php,312,0,0
1774386538670,403,3 - Comprar Passagem,200,OK,Teste de Carga - 250 usuarios 1-197,text,true,,6719,420,250,250,https://www.blazedemo.com/purchase.php,389,0,0
1774386538791,286,1 - Acessar Home,200,OK,Teste de Carga - 250 usuarios 1-10,text,true,,4757,120,250,250,https://www.blazedemo.com/,275,0,0
1774386538817,271,1 - Acessar Home,200,OK,Teste de Carga - 250 usuarios 1-92,text,true,,4757,120,250,250,https://www.blazedemo.com/,256,0,0
1774386538678,410,2 - Escolher Voo,200,OK,Teste de Carga - 250 usuarios 1-5,text,true,,7381,250,250,250,https://www.blazedemo.com/reserve.php,386,0,0
1774386538755,333,3 - Comprar Passagem,200,OK,Teste de Carga - 250 usuarios 1-9,text,true,,6719,420,250,250,https://www.blazedemo.com/purchase.php,323,0,0
1774386538533,556,1 - Acessar Home,200,OK,Teste de Carga - 250 usuarios 1-205,text,true,,4757,120,250,250,https://www.blazedemo.com/,543,0,0
1774386538526,563,1 - Acessar Home,200,OK,Teste de Carga - 250 usuarios 1-2,text,true,,4757,120,250,250,https://www.blazedemo.com/,552,0,0
1774386538604,487,2 - Escolher Voo,200,OK,Teste de Carga - 250 usuarios 1-76,text,true,,7381,250,250,250,https://www.blazedemo.com/reserve.php,468,0,0
1774386538164,938,3 - Comprar Passagem,200,OK,Teste de Carga - 250 usuarios 1-148,text,true,,6719,420,250,250,https://www.blazedemo.com/purchase.php,925,0,0
1774386538531,577,2 - Escolher Voo,200,OK,Teste de Carga - 250 usuarios 1-154,text,true,,7381,250,250,250,https://www.blazedemo.com/reserve.php,557,0,0
1774386538771,343,1 - Acessar Home,200,OK,Teste de Carga - 250 usuarios 1-72,text,true,,4757,120,250,250,https://www.blazedemo.com/,331,0,0
1774386536209,2914,3 - Comprar Passagem,200,OK,Teste de Carga - 250 usuarios 1-233,text,true,,6719,420,250,250,https://www.blazedemo.com/purchase.php,2905,0,0
1774386536253,2881,1 - Acessar Home,200,OK,Teste de Carga - 250 usuarios 1-115,text,true,,4757,120,250,250,https://www.blazedemo.com/,2870,0,0
1774386538748,392,3 - Comprar Passagem,200,OK,Teste de Carga - 250 usuarios 1-56,text,true,,6719,420,250,250,https://www.blazedemo.com/purchase.php,380,0,0
1774386538552,588,1 - Acessar Home,200,OK,Teste de Carga - 250 usuarios 1-42,text,true,,4757,120,250,250,https://www.blazedemo.com/,578,0,0
1774386536249,2896,1 - Acessar Home,200,OK,Teste de Carga - 250 usuarios 1-144,text,true,,4757,120,250,250,https://www.blazedemo.com/,2882,0,0
1774386538369,776,1 - Acessar Home,200,OK,Teste de Carga - 250 usuarios 1-153,text,true,,4757,120,250,250,https://www.blazedemo.com/,762,0,0
1774386536299,2846,2 - Escolher Voo,200,OK,Teste de Carga - 250 usuarios 1-85,text,true,,7381,250,250,250,https://www.blazedemo.com/reserve.php,2825,0,0
1774386538801,358,1 - Acessar Home,200,OK,Teste de Carga - 250 usuarios 1-228,text,true,,4757,120,250,250,https://www.blazedemo.com/,347,0,0
1774386538782,379,3 - Comprar Passagem,200,OK,Teste de Carga - 250 usuarios 1-15,text,true,,6719,420,250,250,https://www.blazedemo.com/purchase.php,366,0,0
1774386538870,292,1 - Acessar Home,200,OK,Teste de Carga - 250 usuarios 1-130,text,true,,4757,120,250,250,https://www.blazedemo.com/,282,0,0
1774386537911,1256,1 - Acessar Home,200,OK,Teste de Carga - 250 usuarios 1-202,text,true,,4757,120,250,250,https://www.blazedemo.com/,1244,0,0
1774386538632,538,2 - Escolher Voo,200,OK,Teste de Carga - 250 usuarios 1-168,text,true,,7381,250,250,250,https://www.blazedemo.com/reserve.php,516,0,0
1774386537956,1214,2 - Escolher Voo,200,OK,Teste de Carga - 250 usuarios 1-247,text,true,,7381,250,250,250,https://www.blazedemo.com/reserve.php,1199,0,0
1774386538938,232,3 - Comprar Passagem,200,OK,Teste de Carga - 250 usuarios 1-214,text,true,,6719,420,250,250,https://www.blazedemo.com/purchase.php,221,0,0
1774386538595,583,1 - Acessar Home,200,OK,Teste de Carga - 250 usuarios 1-97,text,true,,4757,120,250,250,https://www.blazedemo.com/,572,0,0
1774386535360,3818,1 - Acessar Home,200,OK,Teste de Carga - 250 usuarios 1-164,text,true,,4757,120,250,250,https://www.blazedemo.com/,3807,0,0
1774386535310,3870,2 - Escolher Voo,200,OK,Teste de Carga - 250 usuarios 1-225,text,true,,7381,250,250,250,https://www.blazedemo.com/reserve.php,3849,0,0
1774386538178,1002,1 - Acessar Home,200,OK,Teste de Carga - 250 usuarios 1-105,text,true,,4757,120,250,250,https://www.blazedemo.com/,992,0,0
1774386538931,249,2 - Escolher Voo,200,OK,Teste de Carga - 250 usuarios 1-192,text,true,,7381,250,250,250,https://www.blazedemo.com/reserve.php,230,0,0
1774386538528,656,3 - Comprar Passagem,200,OK,Teste de Carga - 250 usuarios 1-141,text,true,,6719,420,250,250,https://www.blazedemo.com/purchase.php,642,0,0
1774386538827,357,1 - Acessar Home,200,OK,Teste de Carga - 250 usuarios 1-26,text,true,,4757,120,250,250,https://www.blazedemo.com/,344,0,0
1774386538708,488,2 - Escolher Voo,200,OK,Teste de Carga - 250 usuarios 1-178,text,true,,7381,250,250,250,https://www.blazedemo.com/reserve.php,470,0,0
1774386538778,421,1 - Acessar Home,200,OK,Teste de Carga - 250 usuarios 1-108,text,true,,4757,120,250,250,https://www.blazedemo.com/,406,0,0
1774386538702,501,1 - Acessar Home,200,OK,Teste de Carga - 250 usuarios 1-23,text,true,,4757,120,250,250,https://www.blazedemo.com/,491,0,0
1774386538693,514,3 - Comprar Passagem,200,OK,Teste de Carga - 250 usuarios 1-123,text,true,,6719,420,250,250,https://www.blazedemo.com/purchase.php,503,0,0
1774386538845,369,1 - Acessar Home,200,OK,Teste de Carga - 250 usuarios 1-217,text,true,,4757,120,250,250,https://www.blazedemo.com/,357,0,0
1774386538243,975,1 - Acessar Home,200,OK,Teste de Carga - 250 usuarios 1-22,text,true,,4757,120,250,250,https://www.blazedemo.com/,963,0,0
1774386538567,651,1 - Acessar Home,200,OK,Teste de Carga - 250 usuarios 1-161,text,true,,4757,120,250,250,https://www.blazedemo.com/,639,0,0
1774386538853,367,1 - Acessar Home,200,OK,Teste de Carga - 250 usuarios 1-229,text,true,,4757,120,250,250,https://www.blazedemo.com/,354,0,0
1774386538870,360,2 - Escolher Voo,200,OK,Teste de Carga - 250 usuarios 1-133,text,true,,7381,250,250,250,https://www.blazedemo.com/reserve.php,337,0,0
1774386536267,2965,1 - Acessar Home,200,OK,Teste de Carga - 250 usuarios 1-106,text,true,,4757,120,250,250,https://www.blazedemo.com/,2953,0,0
1774386538881,382,3 - Comprar Passagem,200,OK,Teste de Carga - 250 usuarios 1-198,text,true,,6719,420,250,250,https://www.blazedemo.com/purchase.php,372,0,0
1774386538715,548,3 - Comprar Passagem,200,OK,Teste de Carga - 250 usuarios 1-143,text,true,,6719,420,250,250,https://www.blazedemo.com/purchase.php,538,0,0
1774386538751,515,1 - Acessar Home,200,OK,Teste de Carga - 250 usuarios 1-190,text,true,,4757,120,250,250,https://www.blazedemo.com/,503,0,0
1774386535556,3721,1 - Acessar Home,200,OK,Teste de Carga - 250 usuarios 1-173,text,true,,4757,120,250,250,https://www.blazedemo.com/,3707,0,0
1774386538970,307,3 - Comprar Passagem,200,OK,Teste de Carga - 250 usuarios 1-156,text,true,,6719,420,250,250,https://www.blazedemo.com/purchase.php,293,0,0
1774386536312,2967,2 - Escolher Voo,200,OK,Teste de Carga - 250 usuarios 1-219,text,true,,7381,250,250,250,https://www.blazedemo.com/reserve.php,2951,0,0
1774386538931,348,2 - Escolher Voo,200,OK,Teste de Carga - 250 usuarios 1-107,text,true,,7381,250,250,250,https://www.blazedemo.com/reserve.php,332,0,0
1774386538765,524,3 - Comprar Passagem,200,OK,Teste de Carga - 250 usuarios 1-58,text,true,,6719,420,250,250,https://www.blazedemo.com/purchase.php,512,0,0
1774386538154,1136,2 - Escolher Voo,200,OK,Teste de Carga - 250 usuarios 1-137,text,true,,7381,250,250,250,https://www.blazedemo.com/reserve.php,1122,0,0
1774386538638,658,2 - Escolher Voo,200,OK,Teste de Carga - 250 usuarios 1-237,text,true,,7381,250,250,250,https://www.blazedemo.com/reserve.php,638,0,0
1774386538689,607,2 - Escolher Voo,200,OK,Teste de Carga - 250 usuarios 1-118,text,true,,7381,250,250,250,https://www.blazedemo.com/reserve.php,588,0,0
1774386538103,1194,1 - Acessar Home,200,OK,Teste de Carga - 250 usuarios 1-127,text,true,,4757,120,250,250,https://www.blazedemo.com/,1182,0,0
1774386539025,272,2 - Escolher Voo,200,OK,Teste de Carga - 250 usuarios 1-221,text,true,,7381,250,250,250,https://www.blazedemo.com/reserve.php,253,0,0
1774386538864,434,1 - Acessar Home,200,OK,Teste de Carga - 250 usuarios 1-50,text,true,,4757,120,250,250,https://www.blazedemo.com/,425,0,0
1774386538773,528,2 - Escolher Voo,200,OK,Teste de Carga - 250 usuarios 1-79,text,true,,7381,250,250,250,https://www.blazedemo.com/reserve.php,506,0,0
1774386538617,691,3 - Comprar Passagem,200,OK,Teste de Carga - 250 usuarios 1-125,text,true,,6719,420,250,250,https://www.blazedemo.com/purchase.php,679,0,0
1774386538812,510,3 - Comprar Passagem,200,OK,Teste de Carga - 250 usuarios 1-111,text,true,,6719,420,250,250,https://www.blazedemo.com/purchase.php,496,0,0
1774386538420,906,1 - Acessar Home,200,OK,Teste de Carga - 250 usuarios 1-185,text,true,,4757,120,250,250,https://www.blazedemo.com/,892,0,0
1774386539045,288,1 - Acessar Home,200,OK,Teste de Carga - 250 usuarios 1-119,text,true,,4757,120,250,250,https://www.blazedemo.com/,277,0,0
1774386538976,358,3 - Comprar Passagem,200,OK,Teste de Carga - 250 usuarios 1-187,text,true,,6719,420,250,250,https://www.blazedemo.com/purchase.php,348,0,0
1774386534138,5196,3 - Comprar Passagem,200,OK,Teste de Carga - 250 usuarios 1-45,text,true,,6719,420,250,250,https://www.blazedemo.com/purchase.php,5184,0,0
1774386539092,261,3 - Comprar Passagem,200,OK,Teste de Carga - 250 usuarios 1-76,text,true,,6719,420,250,250,https://www.blazedemo.com/purchase.php,242,0,0
1774386536353,3000,1 - Acessar Home,200,OK,Teste de Carga - 250 usuarios 1-62,text,true,,4757,120,250,250,https://www.blazedemo.com/,2989,0,0
1774386538921,442,1 - Acessar Home,200,OK,Teste de Carga - 250 usuarios 1-191,text,true,,4757,120,250,250,https://www.blazedemo.com/,432,0,0
1774386538722,641,2 - Escolher Voo,200,OK,Teste de Carga - 250 usuarios 1-174,text,true,,7381,250,250,250,https://www.blazedemo.com/reserve.php,620,0,0
1774386538822,548,1 - Acessar Home,200,OK,Teste de Carga - 250 usuarios 1-43,text,true,,4757,120,250,250,https://www.blazedemo.com/,531,0,0
1774386536350,3031,2 - Escolher Voo,200,OK,Teste de Carga - 250 usuarios 1-230,text,true,,7381,250,250,250,https://www.blazedemo.com/reserve.php,3013,0,0
1774386539073,308,1 - Acessar Home,200,OK,Teste de Carga - 250 usuarios 1-197,text,true,,4757,120,250,250,https://www.blazedemo.com/,297,0,0
1774386536347,3035,1 - Acessar Home,200,OK,Teste de Carga - 250 usuarios 1-36,text,true,,4757,120,250,250,https://www.blazedemo.com/,3023,0,0
1774386538545,845,3 - Comprar Passagem,200,OK,Teste de Carga - 250 usuarios 1-53,text,true,,6719,420,250,250,https://www.blazedemo.com/purchase.php,836,0,0
1774386539102,288,1 - Acessar Home,200,OK,Teste de Carga - 250 usuarios 1-148,text,true,,4757,120,250,250,https://www.blazedemo.com/,279,0,0
1774386538858,532,3 - Comprar Passagem,200,OK,Teste de Carga - 250 usuarios 1-128,text,true,,6719,420,250,250,https://www.blazedemo.com/purchase.php,523,0,0
1774386538766,625,1 - Acessar Home,200,OK,Teste de Carga - 250 usuarios 1-188,text,true,,4757,120,250,250,https://www.blazedemo.com/,615,0,0
1774386538854,537,3 - Comprar Passagem,200,OK,Teste de Carga - 250 usuarios 1-248,text,true,,6719,420,250,250,https://www.blazedemo.com/purchase.php,527,0,0
1774386538928,465,1 - Acessar Home,200,OK,Teste de Carga - 250 usuarios 1-99,text,true,,4757,120,250,250,https://www.blazedemo.com/,454,0,0
1774386539005,394,3 - Comprar Passagem,200,OK,Teste de Carga - 250 usuarios 1-142,text,true,,6719,420,250,250,https://www.blazedemo.com/purchase.php,385,0,0
1774386538317,1082,3 - Comprar Passagem,200,OK,Teste de Carga - 250 usuarios 1-89,text,true,,6719,420,250,250,https://www.blazedemo.com/purchase.php,1073,0,0
1774386539123,284,1 - Acessar Home,200,OK,Teste de Carga - 250 usuarios 1-233,text,true,,4757,120,250,250,https://www.blazedemo.com/,267,0,0
1774386535590,3817,2 - Escolher Voo,200,OK,Teste de Carga - 250 usuarios 1-122,text,true,,7381,250,250,250,https://www.blazedemo.com/reserve.php,3800,0,0
1774386539063,344,2 - Escolher Voo,200,OK,Teste de Carga - 250 usuarios 1-14,text,true,,7381,250,250,250,https://www.blazedemo.com/reserve.php,328,0,0
1774386535567,3841,1 - Acessar Home,200,OK,Teste de Carga - 250 usuarios 1-140,text,true,,4757,120,250,250,https://www.blazedemo.com/,3832,0,0
1774386538579,835,1 - Acessar Home,200,OK,Teste de Carga - 250 usuarios 1-223,text,true,,4757,120,250,250,https://www.blazedemo.com/,828,0,0
1774386538843,578,1 - Acessar Home,200,OK,Teste de Carga - 250 usuarios 1-94,text,true,,4757,120,250,250,https://www.blazedemo.com/,564,0,0
1774386538881,547,1 - Acessar Home,200,OK,Teste de Carga - 250 usuarios 1-224,text,true,,4757,120,250,250,https://www.blazedemo.com/,533,0,0
1774386539170,259,3 - Comprar Passagem,200,OK,Teste de Carga - 250 usuarios 1-168,text,true,,6719,420,250,250,https://www.blazedemo.com/purchase.php,251,0,0
1774386538801,645,3 - Comprar Passagem,200,OK,Teste de Carga - 250 usuarios 1-211,text,true,,6719,420,250,250,https://www.blazedemo.com/purchase.php,635,0,0
1774386539088,359,2 - Escolher Voo,200,OK,Teste de Carga - 250 usuarios 1-92,text,true,,7381,250,250,250,https://www.blazedemo.com/reserve.php,340,0,0
1774386539010,442,2 - Escolher Voo,200,OK,Teste de Carga - 250 usuarios 1-206,text,true,,7381,250,250,250,https://www.blazedemo.com/reserve.php,424,0,0
1774386539196,257,3 - Comprar Passagem,200,OK,Teste de Carga - 250 usuarios 1-178,text,true,,6719,420,250,250,https://www.blazedemo.com/purchase.php,245,0,0
1774386539220,241,2 - Escolher Voo,200,OK,Teste de Carga - 250 usuarios 1-229,text,true,,7381,250,250,250,https://www.blazedemo.com/reserve.php,221,0,0
1774386538941,521,1 - Acessar Home,200,OK,Teste de Carga - 250 usuarios 1-13,text,true,,4757,120,250,250,https://www.blazedemo.com/,510,0,0
1774386538843,623,3 - Comprar Passagem,200,OK,Teste de Carga - 250 usuarios 1-32,text,true,,6719,420,250,250,https://www.blazedemo.com/purchase.php,611,0,0
1774386536425,3048,3 - Comprar Passagem,200,OK,Teste de Carga - 250 usuarios 1-100,text,true,,6719,420,250,250,https://www.blazedemo.com/purchase.php,3036,0,0
1774386538963,512,3 - Comprar Passagem,200,OK,Teste de Carga - 250 usuarios 1-129,text,true,,6719,420,250,250,https://www.blazedemo.com/purchase.php,495,0,0
1774386539078,402,2 - Escolher Voo,200,OK,Teste de Carga - 250 usuarios 1-10,text,true,,7381,250,250,250,https://www.blazedemo.com/reserve.php,384,0,0
1774386539161,324,1 - Acessar Home,200,OK,Teste de Carga - 250 usuarios 1-15,text,true,,4757,120,250,250,https://www.blazedemo.com/,310,0,0
1774386539057,428,2 - Escolher Voo,200,OK,Teste de Carga - 250 usuarios 1-35,text,true,,7381,250,250,250,https://www.blazedemo.com/reserve.php,412,0,0
1774386539089,400,2 - Escolher Voo,200,OK,Teste de Carga - 250 usuarios 1-205,text,true,,7381,250,250,250,https://www.blazedemo.com/reserve.php,384,0,0
1774386538944,549,2 - Escolher Voo,200,OK,Teste de Carga - 250 usuarios 1-40,text,true,,7381,250,250,250,https://www.blazedemo.com/reserve.php,531,0,0
1774386539140,361,1 - Acessar Home,200,OK,Teste de Carga - 250 usuarios 1-56,text,true,,4757,120,250,250,https://www.blazedemo.com/,349,0,0
1774386536524,2977,2 - Escolher Voo,200,OK,Teste de Carga - 250 usuarios 1-165,text,true,,7381,250,250,250,https://www.blazedemo.com/reserve.php,2957,0,0
1774386535626,3877,1 - Acessar Home,200,OK,Teste de Carga - 250 usuarios 1-210,text,true,,4757,120,250,250,https://www.blazedemo.com/,3866,0,0
1774386539145,359,3 - Comprar Passagem,200,OK,Teste de Carga - 250 usuarios 1-85,text,true,,6719,420,250,250,https://www.blazedemo.com/purchase.php,343,0,0
1774386539277,229,1 - Acessar Home,200,OK,Teste de Carga - 250 usuarios 1-156,text,true,,4757,120,250,250,https://www.blazedemo.com/,216,0,0
1774386538864,644,1 - Acessar Home,200,OK,Teste de Carga - 250 usuarios 1-199,text,true,,4757,120,250,250,https://www.blazedemo.com/,632,0,0
1774386538409,1100,1 - Acessar Home,200,OK,Teste de Carga - 250 usuarios 1-83,text,true,,4757,120,250,250,https://www.blazedemo.com/,1087,0,0
1774386538871,645,1 - Acessar Home,200,OK,Teste de Carga - 250 usuarios 1-114,text,true,,4757,120,250,250,https://www.blazedemo.com/,631,0,0
1774386538619,900,2 - Escolher Voo,200,OK,Teste de Carga - 250 usuarios 1-235,text,true,,7381,250,250,250,https://www.blazedemo.com/reserve.php,879,0,0
1774386538955,570,2 - Escolher Voo,200,OK,Teste de Carga - 250 usuarios 1-204,text,true,,7381,250,250,250,https://www.blazedemo.com/reserve.php,552,0,0
1774386538875,657,3 - Comprar Passagem,200,OK,Teste de Carga - 250 usuarios 1-48,text,true,,6719,420,250,250,https://www.blazedemo.com/purchase.php,645,0,0
1774386535670,3866,1 - Acessar Home,200,OK,Teste de Carga - 250 usuarios 1-70,text,true,,4757,120,250,250,https://www.blazedemo.com/,3854,0,0
1774386539072,475,1 - Acessar Home,200,OK,Teste de Carga - 250 usuarios 1-21,text,true,,4757,120,250,250,https://www.blazedemo.com/,464,0,0
1774386539160,390,2 - Escolher Voo,200,OK,Teste de Carga - 250 usuarios 1-228,text,true,,7381,250,250,250,https://www.blazedemo.com/reserve.php,370,0,0
1774386539218,337,2 - Escolher Voo,200,OK,Teste de Carga - 250 usuarios 1-22,text,true,,7381,250,250,250,https://www.blazedemo.com/reserve.php,318,0,0
1774386538839,731,2 - Escolher Voo,200,OK,Teste de Carga - 250 usuarios 1-8,text,true,,7381,250,250,250,https://www.blazedemo.com/reserve.php,710,0,0
1774386539290,284,3 - Comprar Passagem,200,OK,Teste de Carga - 250 usuarios 1-137,text,true,,6719,420,250,250,https://www.blazedemo.com/purchase.php,274,0,0
1774386539088,490,1 - Acessar Home,200,OK,Teste de Carga - 250 usuarios 1-9,text,true,,4757,120,250,250,https://www.blazedemo.com/,479,0,0
1774386538967,612,3 - Comprar Passagem,200,OK,Teste de Carga - 250 usuarios 1-226,text,true,,6719,420,250,250,https://www.blazedemo.com/purchase.php,600,0,0
1774386536616,2965,3 - Comprar Passagem,200,OK,Teste de Carga - 250 usuarios 1-126,text,true,,6719,420,250,250,https://www.blazedemo.com/purchase.php,2953,0,0
1774386539296,286,3 - Comprar Passagem,200,OK,Teste de Carga - 250 usuarios 1-237,text,true,,6719,420,250,250,https://www.blazedemo.com/purchase.php,270,0,0
1774386539108,481,3 - Comprar Passagem,200,OK,Teste de Carga - 250 usuarios 1-154,text,true,,6719,420,250,250,https://www.blazedemo.com/purchase.php,464,0,0
1774386539353,239,1 - Acessar Home,200,OK,Teste de Carga - 250 usuarios 1-76,text,true,,4757,120,250,250,https://www.blazedemo.com/,225,0,0
1774386539145,448,2 - Escolher Voo,200,OK,Teste de Carga - 250 usuarios 1-144,text,true,,7381,250,250,250,https://www.blazedemo.com/reserve.php,427,0,0
1774386534189,5409,3 - Comprar Passagem,200,OK,Teste de Carga - 250 usuarios 1-116,text,true,,6719,420,250,250,https://www.blazedemo.com/purchase.php,5396,0,0
1774386539180,426,3 - Comprar Passagem,200,OK,Teste de Carga - 250 usuarios 1-225,text,true,,6719,420,250,250,https://www.blazedemo.com/purchase.php,415,0,0
1774386539180,429,2 - Escolher Voo,200,OK,Teste de Carga - 250 usuarios 1-105,text,true,,7381,250,250,250,https://www.blazedemo.com/reserve.php,409,0,0
1774386538636,976,3 - Comprar Passagem,200,OK,Teste de Carga - 250 usuarios 1-135,text,true,,6719,420,250,250,https://www.blazedemo.com/purchase.php,960,0,0
1774386538429,1188,2 - Escolher Voo,200,OK,Teste de Carga - 250 usuarios 1-54,text,true,,7381,250,250,250,https://www.blazedemo.com/reserve.php,1169,0,0
1774386535707,3914,3 - Comprar Passagem,200,OK,Teste de Carga - 250 usuarios 1-20,text,true,,6719,420,250,250,https://www.blazedemo.com/purchase.php,3901,0,0
1774386539399,228,1 - Acessar Home,200,OK,Teste de Carga - 250 usuarios 1-142,text,true,,4757,120,250,250,https://www.blazedemo.com/,216,0,0
1774386538894,738,1 - Acessar Home,200,OK,Teste de Carga - 250 usuarios 1-152,text,true,,4757,120,250,250,https://www.blazedemo.com/,726,0,0
1774386539207,430,1 - Acessar Home,200,OK,Teste de Carga - 250 usuarios 1-123,text,true,,4757,120,250,250,https://www.blazedemo.com/,420,0,0
1774386539072,572,3 - Comprar Passagem,200,OK,Teste de Carga - 250 usuarios 1-175,text,true,,6719,420,250,250,https://www.blazedemo.com/purchase.php,559,0,0
1774386538956,691,2 - Escolher Voo,200,OK,Teste de Carga - 250 usuarios 1-6,text,true,,7381,250,250,250,https://www.blazedemo.com/reserve.php,671,0,0
1774386539266,386,2 - Escolher Voo,200,OK,Teste de Carga - 250 usuarios 1-190,text,true,,7381,250,250,250,https://www.blazedemo.com/reserve.php,365,0,0
1774386539322,333,1 - Acessar Home,200,OK,Teste de Carga - 250 usuarios 1-111,text,true,,4757,120,250,250,https://www.blazedemo.com/,321,0,0
1774386538913,744,3 - Comprar Passagem,200,OK,Teste de Carga - 250 usuarios 1-82,text,true,,6719,420,250,250,https://www.blazedemo.com/purchase.php,731,0,0
1774386539145,516,2 - Escolher Voo,200,OK,Teste de Carga - 250 usuarios 1-153,text,true,,7381,250,250,250,https://www.blazedemo.com/reserve.php,496,0,0
1774386539170,500,3 - Comprar Passagem,200,OK,Teste de Carga - 250 usuarios 1-247,text,true,,6719,420,250,250,https://www.blazedemo.com/purchase.php,487,0,0
1774386539447,230,3 - Comprar Passagem,200,OK,Teste de Carga - 250 usuarios 1-92,text,true,,6719,420,250,250,https://www.blazedemo.com/purchase.php,218,0,0
1774386539363,316,2 - Escolher Voo,200,OK,Teste de Carga - 250 usuarios 1-191,text,true,,7381,250,250,250,https://www.blazedemo.com/reserve.php,296,0,0
1774386539180,499,3 - Comprar Passagem,200,OK,Teste de Carga - 250 usuarios 1-192,text,true,,6719,420,250,250,https://www.blazedemo.com/purchase.php,487,0,0
1774386539390,291,1 - Acessar Home,200,OK,Teste de Carga - 250 usuarios 1-128,text,true,,4757,120,250,250,https://www.blazedemo.com/,277,0,0
1774386539370,320,2 - Escolher Voo,200,OK,Teste de Carga - 250 usuarios 1-43,text,true,,7381,250,250,250,https://www.blazedemo.com/reserve.php,303,0,0
1774386539393,298,2 - Escolher Voo,200,OK,Teste de Carga - 250 usuarios 1-99,text,true,,7381,250,250,250,https://www.blazedemo.com/reserve.php,277,0,0
1774386536715,2981,3 - Comprar Passagem,200,OK,Teste de Carga - 250 usuarios 1-110,text,true,,6719,420,250,250,https://www.blazedemo.com/purchase.php,2969,0,0
1774386539407,290,3 - Comprar Passagem,200,OK,Teste de Carga - 250 usuarios 1-14,text,true,,6719,420,250,250,https://www.blazedemo.com/purchase.php,279,0,0
1774386539199,500,2 - Escolher Voo,200,OK,Teste de Carga - 250 usuarios 1-108,text,true,,7381,250,250,250,https://www.blazedemo.com/reserve.php,480,0,0
1774386539178,530,2 - Escolher Voo,200,OK,Teste de Carga - 250 usuarios 1-164,text,true,,7381,250,250,250,https://www.blazedemo.com/reserve.php,510,0,0
1774386538977,733,1 - Acessar Home,200,OK,Teste de Carga - 250 usuarios 1-25,text,true,,4757,120,250,250,https://www.blazedemo.com/,720,0,0
1774386538731,988,2 - Escolher Voo,200,OK,Teste de Carga - 250 usuarios 1-64,text,true,,7381,250,250,250,https://www.blazedemo.com/reserve.php,968,0,0
1774386539391,333,2 - Escolher Voo,200,OK,Teste de Carga - 250 usuarios 1-188,text,true,,7381,250,250,250,https://www.blazedemo.com/reserve.php,313,0,0
1774386538470,1255,2 - Escolher Voo,200,OK,Teste de Carga - 250 usuarios 1-74,text,true,,7381,250,250,250,https://www.blazedemo.com/reserve.php,1235,0,0
1774386538944,781,1 - Acessar Home,200,OK,Teste de Carga - 250 usuarios 1-57,text,true,,4757,120,250,250,https://www.blazedemo.com/,767,0,0
1774386538963,764,1 - Acessar Home,200,OK,Teste de Carga - 250 usuarios 1-28,text,true,,4757,120,250,250,https://www.blazedemo.com/,753,0,0
1774386536799,2944,2 - Escolher Voo,200,OK,Teste de Carga - 250 usuarios 1-44,text,true,,7381,250,250,250,https://www.blazedemo.com/reserve.php,2924,0,0
1774386539353,403,2 - Escolher Voo,200,OK,Teste de Carga - 250 usuarios 1-62,text,true,,7381,250,250,250,https://www.blazedemo.com/reserve.php,382,0,0
1774386539489,268,3 - Comprar Passagem,200,OK,Teste de Carga - 250 usuarios 1-205,text,true,,6719,420,250,250,https://www.blazedemo.com/purchase.php,255,0,0
1774386538989,769,2 - Escolher Voo,200,OK,Teste de Carga - 250 usuarios 1-30,text,true,,7381,250,250,250,https://www.blazedemo.com/reserve.php,750,0,0
1774386539263,496,1 - Acessar Home,200,OK,Teste de Carga - 250 usuarios 1-198,text,true,,4757,120,250,250,https://www.blazedemo.com/,484,0,0
1774386539501,259,2 - Escolher Voo,200,OK,Teste de Carga - 250 usuarios 1-56,text,true,,7381,250,250,250,https://www.blazedemo.com/reserve.php,239,0,0
1774386539141,624,2 - Escolher Voo,200,OK,Teste de Carga - 250 usuarios 1-42,text,true,,7381,250,250,250,https://www.blazedemo.com/reserve.php,602,0,0
1774386539203,563,2 - Escolher Voo,200,OK,Teste de Carga - 250 usuarios 1-23,text,true,,7381,250,250,250,https://www.blazedemo.com/reserve.php,547,0,0
1774386539453,316,1 - Acessar Home,200,OK,Teste de Carga - 250 usuarios 1-178,text,true,,4757,120,250,250,https://www.blazedemo.com/,305,0,0
1774386539421,349,2 - Escolher Voo,200,OK,Teste de Carga - 250 usuarios 1-94,text,true,,7381,250,250,250,https://www.blazedemo.com/reserve.php,329,0,0
1774386539475,303,1 - Acessar Home,200,OK,Teste de Carga - 250 usuarios 1-129,text,true,,4757,120,250,250,https://www.blazedemo.com/,291,0,0
1774386539072,717,3 - Comprar Passagem,200,OK,Teste de Carga - 250 usuarios 1-16,text,true,,6719,420,250,250,https://www.blazedemo.com/purchase.php,705,0,0
1774386539428,368,2 - Escolher Voo,200,OK,Teste de Carga - 250 usuarios 1-224,text,true,,7381,250,250,250,https://www.blazedemo.com/reserve.php,347,0,0
1774386539381,415,3 - Comprar Passagem,200,OK,Teste de Carga - 250 usuarios 1-230,text,true,,6719,420,250,250,https://www.blazedemo.com/purchase.php,403,0,0
1774386538497,1305,1 - Acessar Home,200,OK,Teste de Carga - 250 usuarios 1-87,text,true,,4757,120,250,250,https://www.blazedemo.com/,1293,0,0
1774386539485,320,3 - Comprar Passagem,200,OK,Teste de Carga - 250 usuarios 1-35,text,true,,6719,420,250,250,https://www.blazedemo.com/purchase.php,307,0,0
1774386539333,473,2 - Escolher Voo,200,OK,Teste de Carga - 250 usuarios 1-119,text,true,,7381,250,250,250,https://www.blazedemo.com/reserve.php,453,0,0
1774386539407,403,2 - Escolher Voo,200,OK,Teste de Carga - 250 usuarios 1-233,text,true,,7381,250,250,250,https://www.blazedemo.com/reserve.php,382,0,0
1774386539485,325,2 - Escolher Voo,200,OK,Teste de Carga - 250 usuarios 1-15,text,true,,7381,250,250,250,https://www.blazedemo.com/reserve.php,302,0,0
1774386538858,955,1 - Acessar Home,200,OK,Teste de Carga - 250 usuarios 1-75,text,true,,4757,120,250,250,https://www.blazedemo.com/,943,0,0
1774386538994,840,2 - Escolher Voo,200,OK,Teste de Carga - 250 usuarios 1-63,text,true,,7381,250,250,250,https://www.blazedemo.com/reserve.php,819,0,0
1774386536958,2878,2 - Escolher Voo,200,OK,Teste de Carga - 250 usuarios 1-69,text,true,,7381,250,250,250,https://www.blazedemo.com/reserve.php,2858,0,0
1774386539390,447,1 - Acessar Home,200,OK,Teste de Carga - 250 usuarios 1-53,text,true,,4757,120,250,250,https://www.blazedemo.com/,435,0,0
1774386539593,250,3 - Comprar Passagem,200,OK,Teste de Carga - 250 usuarios 1-144,text,true,,6719,420,250,250,https://www.blazedemo.com/purchase.php,239,0,0
1774386538982,864,3 - Comprar Passagem,200,OK,Teste de Carga - 250 usuarios 1-102,text,true,,6719,420,250,250,https://www.blazedemo.com/purchase.php,847,0,0
1774386539547,301,2 - Escolher Voo,200,OK,Teste de Carga - 250 usuarios 1-21,text,true,,7381,250,250,250,https://www.blazedemo.com/reserve.php,280,0,0
1774386539493,356,3 - Comprar Passagem,200,OK,Teste de Carga - 250 usuarios 1-40,text,true,,6719,420,250,250,https://www.blazedemo.com/purchase.php,345,0,0
1774386539363,489,3 - Comprar Passagem,200,OK,Teste de Carga - 250 usuarios 1-174,text,true,,6719,420,250,250,https://www.blazedemo.com/purchase.php,476,0,0
1774386539391,470,1 - Acessar Home,200,OK,Teste de Carga - 250 usuarios 1-248,text,true,,4757,120,250,250,https://www.blazedemo.com/,458,0,0
1774386539473,395,1 - Acessar Home,200,OK,Teste de Carga - 250 usuarios 1-100,text,true,,4757,120,250,250,https://www.blazedemo.com/,383,0,0
1774386539461,409,3 - Comprar Passagem,200,OK,Teste de Carga - 250 usuarios 1-229,text,true,,6719,420,250,250,https://www.blazedemo.com/purchase.php,394,0,0
1774386539583,287,1 - Acessar Home,200,OK,Teste de Carga - 250 usuarios 1-237,text,true,,4757,120,250,250,https://www.blazedemo.com/,275,0,0
1774386539114,756,2 - Escolher Voo,200,OK,Teste de Carga - 250 usuarios 1-72,text,true,,7381,250,250,250,https://www.blazedemo.com/reserve.php,737,0,0
1774386539516,356,2 - Escolher Voo,200,OK,Teste de Carga - 250 usuarios 1-114,text,true,,7381,250,250,250,https://www.blazedemo.com/reserve.php,333,0,0
1774386539277,601,2 - Escolher Voo,200,OK,Teste de Carga - 250 usuarios 1-173,text,true,,7381,250,250,250,https://www.blazedemo.com/reserve.php,581,0,0
1774386536250,3630,2 - Escolher Voo,200,OK,Teste de Carga - 250 usuarios 1-19,text,true,,7381,250,250,250,https://www.blazedemo.com/reserve.php,3611,0,0
1774386539632,256,2 - Escolher Voo,200,OK,Teste de Carga - 250 usuarios 1-152,text,true,,7381,250,250,250,https://www.blazedemo.com/reserve.php,240,0,0
1774386536815,3079,3 - Comprar Passagem,200,OK,Teste de Carga - 250 usuarios 1-250,text,true,,6719,420,250,250,https://www.blazedemo.com/purchase.php,3063,0,0
1774386539550,352,3 - Comprar Passagem,200,OK,Teste de Carga - 250 usuarios 1-228,text,true,,6719,420,250,250,https://www.blazedemo.com/purchase.php,340,0,0
1774386536373,3531,1 - Acessar Home,200,OK,Teste de Carga - 250 usuarios 1-179,text,true,,4757,120,250,250,https://www.blazedemo.com/,3519,0,0
1774386539501,405,3 - Comprar Passagem,200,OK,Teste de Carga - 250 usuarios 1-165,text,true,,6719,420,250,250,https://www.blazedemo.com/purchase.php,393,0,0
1774386539390,518,2 - Escolher Voo,200,OK,Teste de Carga - 250 usuarios 1-148,text,true,,7381,250,250,250,https://www.blazedemo.com/reserve.php,498,0,0
1774386539574,338,1 - Acessar Home,200,OK,Teste de Carga - 250 usuarios 1-137,text,true,,4757,120,250,250,https://www.blazedemo.com/,326,0,0
1774386539570,350,3 - Comprar Passagem,200,OK,Teste de Carga - 250 usuarios 1-8,text,true,,6719,420,250,250,https://www.blazedemo.com/purchase.php,336,0,0
1774386538845,1075,3 - Comprar Passagem,200,OK,Teste de Carga - 250 usuarios 1-170,text,true,,6719,420,250,250,https://www.blazedemo.com/purchase.php,1063,0,0
1774386539399,528,1 - Acessar Home,200,OK,Teste de Carga - 250 usuarios 1-89,text,true,,4757,120,250,250,https://www.blazedemo.com/,516,0,0
1774386539679,258,3 - Comprar Passagem,200,OK,Teste de Carga - 250 usuarios 1-191,text,true,,6719,420,250,250,https://www.blazedemo.com/purchase.php,246,0,0
1774386534779,5164,3 - Comprar Passagem,200,OK,Teste de Carga - 250 usuarios 1-162,text,true,,6719,420,250,250,https://www.blazedemo.com/purchase.php,5148,0,0
1774386539578,368,2 - Escolher Voo,200,OK,Teste de Carga - 250 usuarios 1-9,text,true,,7381,250,250,250,https://www.blazedemo.com/reserve.php,349,0,0
1774386536997,2951,2 - Escolher Voo,200,OK,Teste de Carga - 250 usuarios 1-29,text,true,,7381,250,250,250,https://www.blazedemo.com/reserve.php,2923,0,0
1774386539326,626,2 - Escolher Voo,200,OK,Teste de Carga - 250 usuarios 1-185,text,true,,7381,250,250,250,https://www.blazedemo.com/reserve.php,605,0,0
1774386539045,909,2 - Escolher Voo,200,OK,Teste de Carga - 250 usuarios 1-95,text,true,,7381,250,250,250,https://www.blazedemo.com/reserve.php,889,0,0
1774386539536,419,2 - Escolher Voo,200,OK,Teste de Carga - 250 usuarios 1-70,text,true,,7381,250,250,250,https://www.blazedemo.com/reserve.php,396,0,0
1774386538998,958,2 - Escolher Voo,200,OK,Teste de Carga - 250 usuarios 1-11,text,true,,7381,250,250,250,https://www.blazedemo.com/reserve.php,937,0,0
1774386539381,578,2 - Escolher Voo,200,OK,Teste de Carga - 250 usuarios 1-197,text,true,,7381,250,250,250,https://www.blazedemo.com/reserve.php,561,0,0
1774386539655,305,2 - Escolher Voo,200,OK,Teste de Carga - 250 usuarios 1-111,text,true,,7381,250,250,250,https://www.blazedemo.com/reserve.php,284,0,0
1774386539610,357,3 - Comprar Passagem,200,OK,Teste de Carga - 250 usuarios 1-105,text,true,,6719,420,250,250,https://www.blazedemo.com/purchase.php,345,0,0
1774386539414,554,2 - Escolher Voo,200,OK,Teste de Carga - 250 usuarios 1-223,text,true,,7381,250,250,250,https://www.blazedemo.com/reserve.php,534,0,0
1774386536869,3104,2 - Escolher Voo,200,OK,Teste de Carga - 250 usuarios 1-55,text,true,,7381,250,250,250,https://www.blazedemo.com/reserve.php,3084,0,0
1774386539725,249,2 - Escolher Voo,200,OK,Teste de Carga - 250 usuarios 1-57,text,true,,7381,250,250,250,https://www.blazedemo.com/reserve.php,229,0,0
1774386539463,513,2 - Escolher Voo,200,OK,Teste de Carga - 250 usuarios 1-13,text,true,,7381,250,250,250,https://www.blazedemo.com/reserve.php,493,0,0
1774386539297,682,3 - Comprar Passagem,200,OK,Teste de Carga - 250 usuarios 1-221,text,true,,6719,420,250,250,https://www.blazedemo.com/purchase.php,665,0,0
1774386539298,681,2 - Escolher Voo,200,OK,Teste de Carga - 250 usuarios 1-50,text,true,,7381,250,250,250,https://www.blazedemo.com/reserve.php,665,0,0
1774386539334,659,1 - Acessar Home,200,OK,Teste de Carga - 250 usuarios 1-45,text,true,,4757,120,250,250,https://www.blazedemo.com/,648,0,0
1774386536534,3463,3 - Comprar Passagem,200,OK,Teste de Carga - 250 usuarios 1-1,text,true,,6719,420,250,250,https://www.blazedemo.com/purchase.php,3450,0,0
1774386539581,424,1 - Acessar Home,200,OK,Teste de Carga - 250 usuarios 1-126,text,true,,4757,120,250,250,https://www.blazedemo.com/,412,0,0
1774386539592,416,2 - Escolher Voo,200,OK,Teste de Carga - 250 usuarios 1-76,text,true,,7381,250,250,250,https://www.blazedemo.com/reserve.php,396,0,0
1774386538718,1293,2 - Escolher Voo,200,OK,Teste de Carga - 250 usuarios 1-65,text,true,,7381,250,250,250,https://www.blazedemo.com/reserve.php,1276,0,0
1774386539637,376,2 - Escolher Voo,200,OK,Teste de Carga - 250 usuarios 1-123,text,true,,7381,250,250,250,https://www.blazedemo.com/reserve.php,356,0,0
1774386538870,1146,3 - Comprar Passagem,200,OK,Teste de Carga - 250 usuarios 1-113,text,true,,6719,420,250,250,https://www.blazedemo.com/purchase.php,1135,0,0
1774386539744,274,3 - Comprar Passagem,200,OK,Teste de Carga - 250 usuarios 1-44,text,true,,6719,420,250,250,https://www.blazedemo.com/purchase.php,262,0,0
1774386536562,3461,1 - Acessar Home,200,OK,Teste de Carga - 250 usuarios 1-212,text,true,,4757,120,250,250,https://www.blazedemo.com/,3449,0,0
1774386539452,576,3 - Comprar Passagem,200,OK,Teste de Carga - 250 usuarios 1-206,text,true,,6719,420,250,250,https://www.blazedemo.com/purchase.php,563,0,0
1774386539789,239,1 - Acessar Home,200,OK,Teste de Carga - 250 usuarios 1-16,text,true,,4757,120,250,250,https://www.blazedemo.com/,227,0,0
1774386539467,567,1 - Acessar Home,200,OK,Teste de Carga - 250 usuarios 1-32,text,true,,4757,120,250,250,https://www.blazedemo.com/,556,0,0
1774386539725,312,3 - Comprar Passagem,200,OK,Teste de Carga - 250 usuarios 1-74,text,true,,6719,420,250,250,https://www.blazedemo.com/purchase.php,301,0,0
1774386539757,282,1 - Acessar Home,200,OK,Teste de Carga - 250 usuarios 1-205,text,true,,4757,120,250,250,https://www.blazedemo.com/,270,0,0
1774386539057,982,1 - Acessar Home,200,OK,Teste de Carga - 250 usuarios 1-234,text,true,,4757,120,250,250,https://www.blazedemo.com/,969,0,0
1774386539766,281,3 - Comprar Passagem,200,OK,Teste de Carga - 250 usuarios 1-23,text,true,,6719,420,250,250,https://www.blazedemo.com/purchase.php,271,0,0
1774386536960,3090,1 - Acessar Home,200,OK,Teste de Carga - 250 usuarios 1-112,text,true,,4757,120,250,250,https://www.blazedemo.com/,3079,0,0
1774386539504,554,1 - Acessar Home,200,OK,Teste de Carga - 250 usuarios 1-85,text,true,,4757,120,250,250,https://www.blazedemo.com/,541,0,0
1774386537054,3008,2 - Escolher Voo,200,OK,Teste de Carga - 250 usuarios 1-183,text,true,,7381,250,250,250,https://www.blazedemo.com/reserve.php,2988,0,0
1774386539014,1050,3 - Comprar Passagem,200,OK,Teste de Carga - 250 usuarios 1-182,text,true,,6719,420,250,250,https://www.blazedemo.com/purchase.php,1040,0,0
1774386539627,443,2 - Escolher Voo,200,OK,Teste de Carga - 250 usuarios 1-142,text,true,,7381,250,250,250,https://www.blazedemo.com/reserve.php,423,0,0
1774386539652,421,3 - Comprar Passagem,200,OK,Teste de Carga - 250 usuarios 1-190,text,true,,6719,420,250,250,https://www.blazedemo.com/purchase.php,409,0,0
1774386539555,526,3 - Comprar Passagem,200,OK,Teste de Carga - 250 usuarios 1-22,text,true,,6719,420,250,250,https://www.blazedemo.com/purchase.php,514,0,0
1774386539796,291,1 - Acessar Home,200,OK,Teste de Carga - 250 usuarios 1-230,text,true,,4757,120,250,250,https://www.blazedemo.com/,280,0,0
1774386539508,586,2 - Escolher Voo,200,OK,Teste de Carga - 250 usuarios 1-199,text,true,,7381,250,250,250,https://www.blazedemo.com/reserve.php,566,0,0
1774386539837,262,2 - Escolher Voo,200,OK,Teste de Carga - 250 usuarios 1-53,text,true,,7381,250,250,250,https://www.blazedemo.com/reserve.php,242,0,0
1774386539758,344,3 - Comprar Passagem,200,OK,Teste de Carga - 250 usuarios 1-30,text,true,,6719,420,250,250,https://www.blazedemo.com/purchase.php,332,0,0
1774386539710,396,2 - Escolher Voo,200,OK,Teste de Carga - 250 usuarios 1-25,text,true,,7381,250,250,250,https://www.blazedemo.com/reserve.php,376,0,0
1774386536629,3478,1 - Acessar Home,200,OK,Teste de Carga - 250 usuarios 1-91,text,true,,4757,120,250,250,https://www.blazedemo.com/,3465,0,0
1774386538894,1218,3 - Comprar Passagem,200,OK,Teste de Carga - 250 usuarios 1-200,text,true,,6719,420,250,250,https://www.blazedemo.com/purchase.php,1206,0,0
1774386539871,241,3 - Comprar Passagem,200,OK,Teste de Carga - 250 usuarios 1-72,text,true,,6719,420,250,250,https://www.blazedemo.com/purchase.php,229,0,0
1774386539836,277,3 - Comprar Passagem,200,OK,Teste de Carga - 250 usuarios 1-69,text,true,,6719,420,250,250,https://www.blazedemo.com/purchase.php,265,0,0
1774386539679,438,1 - Acessar Home,200,OK,Teste de Carga - 250 usuarios 1-192,text,true,,4757,120,250,250,https://www.blazedemo.com/,428,0,0
1774386539880,245,3 - Comprar Passagem,200,OK,Teste de Carga - 250 usuarios 1-19,text,true,,6719,420,250,250,https://www.blazedemo.com/purchase.php,233,0,0
1774386539796,330,3 - Comprar Passagem,200,OK,Teste de Carga - 250 usuarios 1-224,text,true,,6719,420,250,250,https://www.blazedemo.com/purchase.php,314,0,0
1774386539699,432,3 - Comprar Passagem,200,OK,Teste de Carga - 250 usuarios 1-108,text,true,,6719,420,250,250,https://www.blazedemo.com/purchase.php,415,0,0
1774386539861,272,2 - Escolher Voo,200,OK,Teste de Carga - 250 usuarios 1-248,text,true,,7381,250,250,250,https://www.blazedemo.com/reserve.php,251,0,0
1774386539214,920,2 - Escolher Voo,200,OK,Teste de Carga - 250 usuarios 1-217,text,true,,7381,250,250,250,https://www.blazedemo.com/reserve.php,903,0,0
1774386538839,1305,2 - Escolher Voo,200,OK,Teste de Carga - 250 usuarios 1-17,text,true,,7381,250,250,250,https://www.blazedemo.com/reserve.php,1285,0,0
1774386539691,465,3 - Comprar Passagem,200,OK,Teste de Carga - 250 usuarios 1-99,text,true,,6719,420,250,250,https://www.blazedemo.com/purchase.php,453,0,0
1774386539878,279,3 - Comprar Passagem,200,OK,Teste de Carga - 250 usuarios 1-173,text,true,,6719,420,250,250,https://www.blazedemo.com/purchase.php,266,0,0
1774386537012,3145,3 - Comprar Passagem,200,OK,Teste de Carga - 250 usuarios 1-124,text,true,,6719,420,250,250,https://www.blazedemo.com/purchase.php,3132,0,0
1774386539888,270,3 - Comprar Passagem,200,OK,Teste de Carga - 250 usuarios 1-152,text,true,,6719,420,250,250,https://www.blazedemo.com/purchase.php,258,0,0
1774386539806,352,3 - Comprar Passagem,200,OK,Teste de Carga - 250 usuarios 1-119,text,true,,6719,420,250,250,https://www.blazedemo.com/purchase.php,338,0,0
1774386537097,3064,2 - Escolher Voo,200,OK,Teste de Carga - 250 usuarios 1-134,text,true,,7381,250,250,250,https://www.blazedemo.com/reserve.php,3049,0,0
1774386539872,291,3 - Comprar Passagem,200,OK,Teste de Carga - 250 usuarios 1-114,text,true,,6719,420,250,250,https://www.blazedemo.com/purchase.php,278,0,0
1774386539868,301,2 - Escolher Voo,200,OK,Teste de Carga - 250 usuarios 1-100,text,true,,7381,250,250,250,https://www.blazedemo.com/reserve.php,280,0,0
1774386539810,359,3 - Comprar Passagem,200,OK,Teste de Carga - 250 usuarios 1-15,text,true,,6719,420,250,250,https://www.blazedemo.com/purchase.php,347,0,0
1774386539059,1123,3 - Comprar Passagem,200,OK,Teste de Carga - 250 usuarios 1-238,text,true,,6719,420,250,250,https://www.blazedemo.com/purchase.php,1113,0,0
1774386539598,584,1 - Acessar Home,200,OK,Teste de Carga - 250 usuarios 1-116,text,true,,4757,120,250,250,https://www.blazedemo.com/,573,0,0
1774386539813,375,2 - Escolher Voo,200,OK,Teste de Carga - 250 usuarios 1-75,text,true,,7381,250,250,250,https://www.blazedemo.com/reserve.php,355,0,0
1774386535101,5088,3 - Comprar Passagem,200,OK,Teste de Carga - 250 usuarios 1-239,text,true,,6719,420,250,250,https://www.blazedemo.com/purchase.php,5076,0,0
1774386536661,3530,1 - Acessar Home,200,OK,Teste de Carga - 250 usuarios 1-194,text,true,,4757,120,250,250,https://www.blazedemo.com/,3518,0,0
1774386539904,288,2 - Escolher Voo,200,OK,Teste de Carga - 250 usuarios 1-179,text,true,,7381,250,250,250,https://www.blazedemo.com/reserve.php,267,0,0
1774386539765,433,3 - Comprar Passagem,200,OK,Teste de Carga - 250 usuarios 1-42,text,true,,6719,420,250,250,https://www.blazedemo.com/purchase.php,421,0,0
1774386538919,1281,1 - Acessar Home,200,OK,Teste de Carga - 250 usuarios 1-172,text,true,,4757,120,250,250,https://www.blazedemo.com/,1270,0,0
1774386539944,268,1 - Acessar Home,200,OK,Teste de Carga - 250 usuarios 1-162,text,true,,4757,120,250,250,https://www.blazedemo.com/,256,0,0
1774386539952,261,3 - Comprar Passagem,200,OK,Teste de Carga - 250 usuarios 1-185,text,true,,6719,420,250,250,https://www.blazedemo.com/purchase.php,248,0,0
1774386539955,261,3 - Comprar Passagem,200,OK,Teste de Carga - 250 usuarios 1-95,text,true,,6719,420,250,250,https://www.blazedemo.com/purchase.php,249,0,0
1774386539960,265,3 - Comprar Passagem,200,OK,Teste de Carga - 250 usuarios 1-111,text,true,,6719,420,250,250,https://www.blazedemo.com/purchase.php,252,0,0
1774386539927,298,2 - Escolher Voo,200,OK,Teste de Carga - 250 usuarios 1-89,text,true,,7381,250,250,250,https://www.blazedemo.com/reserve.php,278,0,0
1774386539697,532,1 - Acessar Home,200,OK,Teste de Carga - 250 usuarios 1-14,text,true,,4757,120,250,250,https://www.blazedemo.com/,520,0,0
1774386539297,935,2 - Escolher Voo,200,OK,Teste de Carga - 250 usuarios 1-127,text,true,,7381,250,250,250,https://www.blazedemo.com/reserve.php,915,0,0
1774386539871,362,1 - Acessar Home,200,OK,Teste de Carga - 250 usuarios 1-229,text,true,,4757,120,250,250,https://www.blazedemo.com/,351,0,0
1774386539770,467,3 - Comprar Passagem,200,OK,Teste de Carga - 250 usuarios 1-94,text,true,,6719,420,250,250,https://www.blazedemo.com/purchase.php,455,0,0
1774386539968,278,3 - Comprar Passagem,200,OK,Teste de Carga - 250 usuarios 1-223,text,true,,6719,420,250,250,https://www.blazedemo.com/purchase.php,266,0,0
1774386537155,3094,1 - Acessar Home,200,OK,Teste de Carga - 250 usuarios 1-46,text,true,,4757,120,250,250,https://www.blazedemo.com/,3082,0,0
1774386539979,275,3 - Comprar Passagem,200,OK,Teste de Carga - 250 usuarios 1-50,text,true,,6719,420,250,250,https://www.blazedemo.com/purchase.php,263,0,0
1774386539937,318,1 - Acessar Home,200,OK,Teste de Carga - 250 usuarios 1-191,text,true,,4757,120,250,250,https://www.blazedemo.com/,308,0,0
1774386539834,425,3 - Comprar Passagem,200,OK,Teste de Carga - 250 usuarios 1-63,text,true,,6719,420,250,250,https://www.blazedemo.com/purchase.php,412,0,0
1774386539681,580,2 - Escolher Voo,200,OK,Teste de Carga - 250 usuarios 1-128,text,true,,7381,250,250,250,https://www.blazedemo.com/reserve.php,563,0,0
1774386540011,267,3 - Comprar Passagem,200,OK,Teste de Carga - 250 usuarios 1-65,text,true,,6719,420,250,250,https://www.blazedemo.com/purchase.php,254,0,0
1774386539979,300,1 - Acessar Home,200,OK,Teste de Carga - 250 usuarios 1-221,text,true,,4757,120,250,250,https://www.blazedemo.com/,288,0,0
1774386539959,320,3 - Comprar Passagem,200,OK,Teste de Carga - 250 usuarios 1-197,text,true,,6719,420,250,250,https://www.blazedemo.com/purchase.php,308,0,0
1774386540008,275,3 - Comprar Passagem,200,OK,Teste de Carga - 250 usuarios 1-76,text,true,,6719,420,250,250,https://www.blazedemo.com/purchase.php,260,0,0
1774386539088,1203,3 - Comprar Passagem,200,OK,Teste de Carga - 250 usuarios 1-5,text,true,,6719,420,250,250,https://www.blazedemo.com/purchase.php,1191,0,0
1774386535278,5015,3 - Comprar Passagem,200,OK,Teste de Carga - 250 usuarios 1-215,text,true,,6719,420,250,250,https://www.blazedemo.com/purchase.php,5004,0,0
1774386539135,1161,2 - Escolher Voo,200,OK,Teste de Carga - 250 usuarios 1-115,text,true,,7381,250,250,250,https://www.blazedemo.com/reserve.php,1143,0,0
1774386539843,454,1 - Acessar Home,200,OK,Teste de Carga - 250 usuarios 1-144,text,true,,4757,120,250,250,https://www.blazedemo.com/,443,0,0
1774386536770,3529,3 - Comprar Passagem,200,OK,Teste de Carga - 250 usuarios 1-138,text,true,,6719,420,250,250,https://www.blazedemo.com/purchase.php,3514,0,0
1774386540034,269,2 - Escolher Voo,200,OK,Teste de Carga - 250 usuarios 1-32,text,true,,7381,250,250,250,https://www.blazedemo.com/reserve.php,250,0,0
1774386540018,291,1 - Acessar Home,200,OK,Teste de Carga - 250 usuarios 1-44,text,true,,4757,120,250,250,https://www.blazedemo.com/,279,0,0
1774386539290,1032,1 - Acessar Home,200,OK,Teste de Carga - 250 usuarios 1-58,text,true,,4757,120,250,250,https://www.blazedemo.com/,1021,0,0
1774386539908,416,3 - Comprar Passagem,200,OK,Teste de Carga - 250 usuarios 1-148,text,true,,6719,420,250,250,https://www.blazedemo.com/purchase.php,405,0,0
1774386539974,358,3 - Comprar Passagem,200,OK,Teste de Carga - 250 usuarios 1-57,text,true,,6719,420,250,250,https://www.blazedemo.com/purchase.php,346,0,0
1774386540028,306,2 - Escolher Voo,200,OK,Teste de Carga - 250 usuarios 1-16,text,true,,7381,250,250,250,https://www.blazedemo.com/reserve.php,285,0,0
1774386539769,566,2 - Escolher Voo,200,OK,Teste de Carga - 250 usuarios 1-178,text,true,,7381,250,250,250,https://www.blazedemo.com/reserve.php,545,0,0
1774386539973,362,3 - Comprar Passagem,200,OK,Teste de Carga - 250 usuarios 1-55,text,true,,6719,420,250,250,https://www.blazedemo.com/purchase.php,347,0,0
1774386540102,240,1 - Acessar Home,200,OK,Teste de Carga - 250 usuarios 1-30,text,true,,4757,120,250,250,https://www.blazedemo.com/,228,0,0
1774386540073,270,1 - Acessar Home,200,OK,Teste de Carga - 250 usuarios 1-190,text,true,,4757,120,250,250,https://www.blazedemo.com/,258,0,0
1774386539760,586,3 - Comprar Passagem,200,OK,Teste de Carga - 250 usuarios 1-56,text,true,,6719,420,250,250,https://www.blazedemo.com/purchase.php,569,0,0
1774386540094,262,3 - Comprar Passagem,200,OK,Teste de Carga - 250 usuarios 1-199,text,true,,6719,420,250,250,https://www.blazedemo.com/purchase.php,250,0,0
1774386539920,437,1 - Acessar Home,200,OK,Teste de Carga - 250 usuarios 1-8,text,true,,4757,120,250,250,https://www.blazedemo.com/,425,0,0
1774386540117,247,2 - Escolher Voo,200,OK,Teste de Carga - 250 usuarios 1-192,text,true,,7381,250,250,250,https://www.blazedemo.com/reserve.php,226,0,0
1774386540071,296,3 - Comprar Passagem,200,OK,Teste de Carga - 250 usuarios 1-142,text,true,,6719,420,250,250,https://www.blazedemo.com/purchase.php,284,0,0
1774386540023,348,2 - Escolher Voo,200,OK,Teste de Carga - 250 usuarios 1-212,text,true,,7381,250,250,250,https://www.blazedemo.com/reserve.php,328,0,0
1774386540028,344,1 - Acessar Home,200,OK,Teste de Carga - 250 usuarios 1-206,text,true,,4757,120,250,250,https://www.blazedemo.com/,332,0,0
1774386537169,3205,3 - Comprar Passagem,200,OK,Teste de Carga - 250 usuarios 1-157,text,true,,6719,420,250,250,https://www.blazedemo.com/purchase.php,3188,0,0
1774386536830,3545,1 - Acessar Home,200,OK,Teste de Carga - 250 usuarios 1-195,text,true,,4757,120,250,250,https://www.blazedemo.com/,3533,0,0
1774386540039,337,2 - Escolher Voo,200,OK,Teste de Carga - 250 usuarios 1-205,text,true,,7381,250,250,250,https://www.blazedemo.com/reserve.php,317,0,0
1774386540106,277,3 - Comprar Passagem,200,OK,Teste de Carga - 250 usuarios 1-25,text,true,,6719,420,250,250,https://www.blazedemo.com/purchase.php,265,0,0
1774386539946,447,3 - Comprar Passagem,200,OK,Teste de Carga - 250 usuarios 1-9,text,true,,6719,420,250,250,https://www.blazedemo.com/purchase.php,435,0,0
1774386539993,403,2 - Escolher Voo,200,OK,Teste de Carga - 250 usuarios 1-45,text,true,,7381,250,250,250,https://www.blazedemo.com/reserve.php,382,0,0
1774386539162,1234,2 - Escolher Voo,200,OK,Teste de Carga - 250 usuarios 1-130,text,true,,7381,250,250,250,https://www.blazedemo.com/reserve.php,1212,0,0
1774386539967,430,1 - Acessar Home,200,OK,Teste de Carga - 250 usuarios 1-105,text,true,,4757,120,250,250,https://www.blazedemo.com/,417,0,0
1774386539280,1124,3 - Comprar Passagem,200,OK,Teste de Carga - 250 usuarios 1-107,text,true,,6719,420,250,250,https://www.blazedemo.com/purchase.php,1112,0,0
1774386540144,261,3 - Comprar Passagem,200,OK,Teste de Carga - 250 usuarios 1-17,text,true,,6719,420,250,250,https://www.blazedemo.com/purchase.php,249,0,0
1774386535359,5053,3 - Comprar Passagem,200,OK,Teste de Carga - 250 usuarios 1-176,text,true,,6719,420,250,250,https://www.blazedemo.com/purchase.php,5042,0,0
1774386540013,401,3 - Comprar Passagem,200,OK,Teste de Carga - 250 usuarios 1-123,text,true,,6719,420,250,250,https://www.blazedemo.com/purchase.php,388,0,0
1774386540159,261,1 - Acessar Home,200,OK,Teste de Carga - 250 usuarios 1-119,text,true,,4757,120,250,250,https://www.blazedemo.com/,249,0,0
1774386539810,617,3 - Comprar Passagem,200,OK,Teste de Carga - 250 usuarios 1-233,text,true,,6719,420,250,250,https://www.blazedemo.com/purchase.php,605,0,0
1774386539382,1050,2 - Escolher Voo,200,OK,Teste de Carga - 250 usuarios 1-36,text,true,,7381,250,250,250,https://www.blazedemo.com/reserve.php,1028,0,0
1774386540133,304,3 - Comprar Passagem,200,OK,Teste de Carga - 250 usuarios 1-248,text,true,,6719,420,250,250,https://www.blazedemo.com/purchase.php,292,0,0
1774386540112,326,1 - Acessar Home,200,OK,Teste de Carga - 250 usuarios 1-72,text,true,,4757,120,250,250,https://www.blazedemo.com/,315,0,0
1774386538849,1589,2 - Escolher Voo,200,OK,Teste de Carga - 250 usuarios 1-147,text,true,,7381,250,250,250,https://www.blazedemo.com/reserve.php,1558,0,0
1774386540131,320,1 - Acessar Home,200,OK,Teste de Carga - 250 usuarios 1-108,text,true,,4757,120,250,250,https://www.blazedemo.com/,310,0,0
1774386540163,291,1 - Acessar Home,200,OK,Teste de Carga - 250 usuarios 1-114,text,true,,4757,120,250,250,https://www.blazedemo.com/,279,0,0
1774386539690,767,3 - Comprar Passagem,200,OK,Teste de Carga - 250 usuarios 1-43,text,true,,6719,420,250,250,https://www.blazedemo.com/purchase.php,755,0,0
1774386540216,241,1 - Acessar Home,200,OK,Teste de Carga - 250 usuarios 1-95,text,true,,4757,120,250,250,https://www.blazedemo.com/,230,0,0
1774386540050,411,2 - Escolher Voo,200,OK,Teste de Carga - 250 usuarios 1-112,text,true,,7381,250,250,250,https://www.blazedemo.com/reserve.php,390,0,0
1774386540113,348,1 - Acessar Home,200,OK,Teste de Carga - 250 usuarios 1-69,text,true,,4757,120,250,250,https://www.blazedemo.com/,337,0,0
1774386540182,284,2 - Escolher Voo,200,OK,Teste de Carga - 250 usuarios 1-116,text,true,,7381,250,250,250,https://www.blazedemo.com/reserve.php,264,0,0
1774386540212,257,2 - Escolher Voo,200,OK,Teste de Carga - 250 usuarios 1-162,text,true,,7381,250,250,250,https://www.blazedemo.com/reserve.php,236,0,0
1774386537251,3223,3 - Comprar Passagem,200,OK,Teste de Carga - 250 usuarios 1-98,text,true,,6719,420,250,250,https://www.blazedemo.com/purchase.php,3212,0,0
1774386540157,323,1 - Acessar Home,200,OK,Teste de Carga - 250 usuarios 1-99,text,true,,4757,120,250,250,https://www.blazedemo.com/,311,0,0
1774386540182,300,1 - Acessar Home,200,OK,Teste de Carga - 250 usuarios 1-238,text,true,,4757,120,250,250,https://www.blazedemo.com/,289,0,0
1774386539167,1315,2 - Escolher Voo,200,OK,Teste de Carga - 250 usuarios 1-202,text,true,,7381,250,250,250,https://www.blazedemo.com/reserve.php,1296,0,0
1774386537003,3483,3 - Comprar Passagem,200,OK,Teste de Carga - 250 usuarios 1-52,text,true,,6719,420,250,250,https://www.blazedemo.com/purchase.php,3470,0,0
1774386540007,479,2 - Escolher Voo,200,OK,Teste de Carga - 250 usuarios 1-126,text,true,,7381,250,250,250,https://www.blazedemo.com/reserve.php,458,0,0
1774386539429,1063,1 - Acessar Home,200,OK,Teste de Carga - 250 usuarios 1-168,text,true,,4757,120,250,250,https://www.blazedemo.com/,1052,0,0
1774386540099,400,3 - Comprar Passagem,200,OK,Teste de Carga - 250 usuarios 1-53,text,true,,6719,420,250,250,https://www.blazedemo.com/purchase.php,388,0,0
1774386540157,343,1 - Acessar Home,200,OK,Teste de Carga - 250 usuarios 1-173,text,true,,4757,120,250,250,https://www.blazedemo.com/,331,0,0
1774386540169,338,3 - Comprar Passagem,200,OK,Teste de Carga - 250 usuarios 1-100,text,true,,6719,420,250,250,https://www.blazedemo.com/purchase.php,320,0,0
1774386540256,256,2 - Escolher Voo,200,OK,Teste de Carga - 250 usuarios 1-191,text,true,,7381,250,250,250,https://www.blazedemo.com/reserve.php,238,0,0
1774386537070,3444,3 - Comprar Passagem,200,OK,Teste de Carga - 250 usuarios 1-158,text,true,,6719,420,250,250,https://www.blazedemo.com/purchase.php,3433,0,0
1774386540229,302,2 - Escolher Voo,200,OK,Teste de Carga - 250 usuarios 1-14,text,true,,7381,250,250,250,https://www.blazedemo.com/reserve.php,281,0,0
1774386540334,227,3 - Comprar Passagem,200,OK,Teste de Carga - 250 usuarios 1-16,text,true,,6719,420,250,250,https://www.blazedemo.com/purchase.php,215,0,0
1774386540299,264,1 - Acessar Home,200,OK,Teste de Carga - 250 usuarios 1-138,text,true,,4757,120,250,250,https://www.blazedemo.com/,252,0,0
1774386539184,1380,1 - Acessar Home,200,OK,Teste de Carga - 250 usuarios 1-141,text,true,,4757,120,250,250,https://www.blazedemo.com/,1369,0,0
1774386540170,397,1 - Acessar Home,200,OK,Teste de Carga - 250 usuarios 1-15,text,true,,4757,120,250,250,https://www.blazedemo.com/,385,0,0
1774386540157,412,1 - Acessar Home,200,OK,Teste de Carga - 250 usuarios 1-124,text,true,,4757,120,250,250,https://www.blazedemo.com/,402,0,0
1774386540303,271,3 - Comprar Passagem,200,OK,Teste de Carga - 250 usuarios 1-32,text,true,,6719,420,250,250,https://www.blazedemo.com/purchase.php,259,0,0
1774386540192,383,3 - Comprar Passagem,200,OK,Teste de Carga - 250 usuarios 1-179,text,true,,6719,420,250,250,https://www.blazedemo.com/purchase.php,370,0,0
1774386540279,297,2 - Escolher Voo,200,OK,Teste de Carga - 250 usuarios 1-221,text,true,,7381,250,250,250,https://www.blazedemo.com/reserve.php,277,0,0
1774386537430,3151,1 - Acessar Home,200,OK,Teste de Carga - 250 usuarios 1-77,text,true,,4757,120,250,250,https://www.blazedemo.com/,3139,0,0
1774386540200,383,2 - Escolher Voo,200,OK,Teste de Carga - 250 usuarios 1-172,text,true,,7381,250,250,250,https://www.blazedemo.com/reserve.php,363,0,0
1774386540346,240,1 - Acessar Home,200,OK,Teste de Carga - 250 usuarios 1-56,text,true,,4757,120,250,250,https://www.blazedemo.com/,228,0,0
1774386540291,299,1 - Acessar Home,200,OK,Teste de Carga - 250 usuarios 1-5,text,true,,4757,120,250,250,https://www.blazedemo.com/,288,0,0
1774386539509,1085,2 - Escolher Voo,200,OK,Teste de Carga - 250 usuarios 1-83,text,true,,7381,250,250,250,https://www.blazedemo.com/reserve.php,1065,0,0
1774386540335,259,1 - Acessar Home,200,OK,Teste de Carga - 250 usuarios 1-55,text,true,,4757,120,250,250,https://www.blazedemo.com/,248,0,0
1774386540296,300,3 - Comprar Passagem,200,OK,Teste de Carga - 250 usuarios 1-115,text,true,,6719,420,250,250,https://www.blazedemo.com/purchase.php,287,0,0
1774386537037,3561,3 - Comprar Passagem,200,OK,Teste de Carga - 250 usuarios 1-213,text,true,,6719,420,250,250,https://www.blazedemo.com/purchase.php,3551,0,0
1774386540357,242,1 - Acessar Home,200,OK,Teste de Carga - 250 usuarios 1-199,text,true,,4757,120,250,250,https://www.blazedemo.com/,230,0,0
1774386538988,1627,3 - Comprar Passagem,200,OK,Teste de Carga - 250 usuarios 1-151,text,true,,6719,420,250,250,https://www.blazedemo.com/purchase.php,1614,0,0
1774386540376,239,3 - Comprar Passagem,200,OK,Teste de Carga - 250 usuarios 1-205,text,true,,6719,420,250,250,https://www.blazedemo.com/purchase.php,225,0,0
1774386540322,293,2 - Escolher Voo,200,OK,Teste de Carga - 250 usuarios 1-58,text,true,,7381,250,250,250,https://www.blazedemo.com/reserve.php,274,0,0
1774386540375,251,2 - Escolher Voo,200,OK,Teste de Carga - 250 usuarios 1-195,text,true,,7381,250,250,250,https://www.blazedemo.com/reserve.php,231,0,0
1774386540364,266,3 - Comprar Passagem,200,OK,Teste de Carga - 250 usuarios 1-192,text,true,,6719,420,250,250,https://www.blazedemo.com/purchase.php,255,0,0
1774386540404,228,1 - Acessar Home,200,OK,Teste de Carga - 250 usuarios 1-107,text,true,,4757,120,250,250,https://www.blazedemo.com/,218,0,0
1774386539621,1014,1 - Acessar Home,200,OK,Teste de Carga - 250 usuarios 1-20,text,true,,4757,120,250,250,https://www.blazedemo.com/,1002,0,0
1774386537142,3495,2 - Escolher Voo,200,OK,Teste de Carga - 250 usuarios 1-171,text,true,,7381,250,250,250,https://www.blazedemo.com/reserve.php,3473,0,0
1774386540246,395,1 - Acessar Home,200,OK,Teste de Carga - 250 usuarios 1-223,text,true,,4757,120,250,250,https://www.blazedemo.com/,383,0,0
1774386540335,306,3 - Comprar Passagem,200,OK,Teste de Carga - 250 usuarios 1-178,text,true,,6719,420,250,250,https://www.blazedemo.com/purchase.php,294,0,0
1774386540367,275,1 - Acessar Home,200,OK,Teste de Carga - 250 usuarios 1-142,text,true,,4757,120,250,250,https://www.blazedemo.com/,263,0,0
1774386540232,417,3 - Comprar Passagem,200,OK,Teste de Carga - 250 usuarios 1-127,text,true,,6719,420,250,250,https://www.blazedemo.com/purchase.php,405,0,0
1774386540372,278,2 - Escolher Voo,200,OK,Teste de Carga - 250 usuarios 1-206,text,true,,7381,250,250,250,https://www.blazedemo.com/reserve.php,261,0,0
1774386540396,262,3 - Comprar Passagem,200,OK,Teste de Carga - 250 usuarios 1-130,text,true,,6719,420,250,250,https://www.blazedemo.com/purchase.php,252,0,0
1774386540383,277,1 - Acessar Home,200,OK,Teste de Carga - 250 usuarios 1-25,text,true,,4757,120,250,250,https://www.blazedemo.com/,266,0,0
1774386539301,1361,3 - Comprar Passagem,200,OK,Teste de Carga - 250 usuarios 1-79,text,true,,6719,420,250,250,https://www.blazedemo.com/purchase.php,1349,0,0
1774386540255,409,1 - Acessar Home,200,OK,Teste de Carga - 250 usuarios 1-50,text,true,,4757,120,250,250,https://www.blazedemo.com/,398,0,0
1774386535404,5266,3 - Comprar Passagem,200,OK,Teste de Carga - 250 usuarios 1-136,text,true,,6719,420,250,250,https://www.blazedemo.com/purchase.php,5247,0,0
1774386539778,899,2 - Escolher Voo,200,OK,Teste de Carga - 250 usuarios 1-129,text,true,,7381,250,250,250,https://www.blazedemo.com/reserve.php,879,0,0
1774386537606,3084,1 - Acessar Home,200,OK,Teste de Carga - 250 usuarios 1-31,text,true,,4757,120,250,250,https://www.blazedemo.com/,3072,0,0
1774386540371,321,3 - Comprar Passagem,200,OK,Teste de Carga - 250 usuarios 1-212,text,true,,6719,420,250,250,https://www.blazedemo.com/purchase.php,308,0,0
1774386540457,237,2 - Escolher Voo,200,OK,Teste de Carga - 250 usuarios 1-95,text,true,,7381,250,250,250,https://www.blazedemo.com/reserve.php,217,0,0
1774386540342,357,2 - Escolher Voo,200,OK,Teste de Carga - 250 usuarios 1-30,text,true,,7381,250,250,250,https://www.blazedemo.com/reserve.php,341,0,0
1774386537088,3613,2 - Escolher Voo,200,OK,Teste de Carga - 250 usuarios 1-160,text,true,,7381,250,250,250,https://www.blazedemo.com/reserve.php,3593,0,0
1774386540432,272,3 - Comprar Passagem,200,OK,Teste de Carga - 250 usuarios 1-36,text,true,,6719,420,250,250,https://www.blazedemo.com/purchase.php,258,0,0
1774386540332,375,1 - Acessar Home,200,OK,Teste de Carga - 250 usuarios 1-57,text,true,,4757,120,250,250,https://www.blazedemo.com/,363,0,0
1774386540405,303,1 - Acessar Home,200,OK,Teste de Carga - 250 usuarios 1-17,text,true,,4757,120,250,250,https://www.blazedemo.com/,291,0,0
1774386540427,281,1 - Acessar Home,200,OK,Teste de Carga - 250 usuarios 1-233,text,true,,4757,120,250,250,https://www.blazedemo.com/,269,0,0
1774386537189,3524,1 - Acessar Home,200,OK,Teste de Carga - 250 usuarios 1-104,text,true,,4757,120,250,250,https://www.blazedemo.com/,3510,0,0
1774386538994,1719,3 - Comprar Passagem,200,OK,Teste de Carga - 250 usuarios 1-181,text,true,,6719,420,250,250,https://www.blazedemo.com/purchase.php,1708,0,0
1774386540461,256,2 - Escolher Voo,200,OK,Teste de Carga - 250 usuarios 1-69,text,true,,7381,250,250,250,https://www.blazedemo.com/reserve.php,240,0,0
1774386539618,1104,3 - Comprar Passagem,200,OK,Teste de Carga - 250 usuarios 1-54,text,true,,6719,420,250,250,https://www.blazedemo.com/purchase.php,1092,0,0
1774386540438,284,3 - Comprar Passagem,200,OK,Teste de Carga - 250 usuarios 1-147,text,true,,6719,420,250,250,https://www.blazedemo.com/purchase.php,272,0,0
1774386540457,274,1 - Acessar Home,200,OK,Teste de Carga - 250 usuarios 1-43,text,true,,4757,120,250,250,https://www.blazedemo.com/,265,0,0
1774386540469,264,3 - Comprar Passagem,200,OK,Teste de Carga - 250 usuarios 1-162,text,true,,6719,420,250,250,https://www.blazedemo.com/purchase.php,253,0,0
1774386540297,443,2 - Escolher Voo,200,OK,Teste de Carga - 250 usuarios 1-144,text,true,,7381,250,250,250,https://www.blazedemo.com/reserve.php,428,0,0
1774386540437,308,1 - Acessar Home,200,OK,Teste de Carga - 250 usuarios 1-248,text,true,,4757,120,250,250,https://www.blazedemo.com/,298,0,0
1774386540454,296,2 - Escolher Voo,200,OK,Teste de Carga - 250 usuarios 1-114,text,true,,7381,250,250,250,https://www.blazedemo.com/reserve.php,275,0,0
1774386539805,949,1 - Acessar Home,200,OK,Teste de Carga - 250 usuarios 1-35,text,true,,4757,120,250,250,https://www.blazedemo.com/,937,0,0
1774386539407,1347,3 - Comprar Passagem,200,OK,Teste de Carga - 250 usuarios 1-122,text,true,,6719,420,250,250,https://www.blazedemo.com/purchase.php,1335,0,0
1774386540486,279,1 - Acessar Home,200,OK,Teste de Carga - 250 usuarios 1-52,text,true,,4757,120,250,250,https://www.blazedemo.com/,267,0,0
1774386540506,259,1 - Acessar Home,200,OK,Teste de Carga - 250 usuarios 1-100,text,true,,4757,120,250,250,https://www.blazedemo.com/,247,0,0
1774386540474,292,1 - Acessar Home,200,OK,Teste de Carga - 250 usuarios 1-98,text,true,,4757,120,250,250,https://www.blazedemo.com/,280,0,0
1774386540530,247,3 - Comprar Passagem,200,OK,Teste de Carga - 250 usuarios 1-14,text,true,,6719,420,250,250,https://www.blazedemo.com/purchase.php,234,0,0
1774386540500,289,2 - Escolher Voo,200,OK,Teste de Carga - 250 usuarios 1-173,text,true,,7381,250,250,250,https://www.blazedemo.com/reserve.php,269,0,0
1774386537812,2977,3 - Comprar Passagem,200,OK,Teste de Carga - 250 usuarios 1-47,text,true,,6719,420,250,250,https://www.blazedemo.com/purchase.php,2964,0,0
1774386540394,396,1 - Acessar Home,200,OK,Teste de Carga - 250 usuarios 1-9,text,true,,4757,120,250,250,https://www.blazedemo.com/,383,0,0
1774386540486,315,3 - Comprar Passagem,200,OK,Teste de Carga - 250 usuarios 1-126,text,true,,6719,420,250,250,https://www.blazedemo.com/purchase.php,299,0,0
1774386537250,3554,2 - Escolher Voo,200,OK,Teste de Carga - 250 usuarios 1-245,text,true,,7381,250,250,250,https://www.blazedemo.com/reserve.php,3539,0,0
1774386540560,247,1 - Acessar Home,200,OK,Teste de Carga - 250 usuarios 1-16,text,true,,4757,120,250,250,https://www.blazedemo.com/,233,0,0
1774386537429,3384,2 - Escolher Voo,200,OK,Teste de Carga - 250 usuarios 1-193,text,true,,7381,250,250,250,https://www.blazedemo.com/reserve.php,3367,0,0
1774386535490,5324,1 - Acessar Home,200,OK,Teste de Carga - 250 usuarios 1-209,text,true,,4757,120,250,250,https://www.blazedemo.com/,5311,0,0
1774386540482,332,3 - Comprar Passagem,200,OK,Teste de Carga - 250 usuarios 1-202,text,true,,6719,420,250,250,https://www.blazedemo.com/purchase.php,319,0,0
1774386540482,333,2 - Escolher Voo,200,OK,Teste de Carga - 250 usuarios 1-238,text,true,,7381,250,250,250,https://www.blazedemo.com/reserve.php,312,0,0
1774386540562,252,2 - Escolher Voo,200,OK,Teste de Carga - 250 usuarios 1-138,text,true,,7381,250,250,250,https://www.blazedemo.com/reserve.php,231,0,0
1774386539849,975,1 - Acessar Home,200,OK,Teste de Carga - 250 usuarios 1-40,text,true,,4757,120,250,250,https://www.blazedemo.com/,969,0,0
1774386539003,1827,2 - Escolher Voo,200,OK,Teste de Carga - 250 usuarios 1-80,text,true,,7381,250,250,250,https://www.blazedemo.com/reserve.php,1806,0,0
1774386540574,258,1 - Acessar Home,200,OK,Teste de Carga - 250 usuarios 1-179,text,true,,4757,120,250,250,https://www.blazedemo.com/,246,0,0
1774386539852,987,1 - Acessar Home,200,OK,Teste de Carga - 250 usuarios 1-174,text,true,,4757,120,250,250,https://www.blazedemo.com/,974,0,0
1774386540593,256,3 - Comprar Passagem,200,OK,Teste de Carga - 250 usuarios 1-83,text,true,,6719,420,250,250,https://www.blazedemo.com/purchase.php,244,0,0
1774386535719,5132,1 - Acessar Home,200,OK,Teste de Carga - 250 usuarios 1-24,text,true,,4757,120,250,250,https://www.blazedemo.com/,5120,0,0
1774386540589,261,2 - Escolher Voo,200,OK,Teste de Carga - 250 usuarios 1-5,text,true,,7381,250,250,250,https://www.blazedemo.com/reserve.php,240,0,0
1774386540573,280,1 - Acessar Home,200,OK,Teste de Carga - 250 usuarios 1-32,text,true,,4757,120,250,250,https://www.blazedemo.com/,268,0,0
1774386539408,1446,2 - Escolher Voo,200,OK,Teste de Carga - 250 usuarios 1-140,text,true,,7381,250,250,250,https://www.blazedemo.com/reserve.php,1426,0,0
1774386540514,340,1 - Acessar Home,200,OK,Teste de Carga - 250 usuarios 1-158,text,true,,4757,120,250,250,https://www.blazedemo.com/,328,0,0
1774386540511,346,3 - Comprar Passagem,200,OK,Teste de Carga - 250 usuarios 1-191,text,true,,6719,420,250,250,https://www.blazedemo.com/purchase.php,333,0,0
1774386539871,990,2 - Escolher Voo,200,OK,Teste de Carga - 250 usuarios 1-237,text,true,,7381,250,250,250,https://www.blazedemo.com/reserve.php,969,0,0
1774386540499,368,1 - Acessar Home,200,OK,Teste de Carga - 250 usuarios 1-53,text,true,,4757,120,250,250,https://www.blazedemo.com/,356,0,0
1774386540563,305,2 - Escolher Voo,200,OK,Teste de Carga - 250 usuarios 1-141,text,true,,7381,250,250,250,https://www.blazedemo.com/reserve.php,285,0,0
1774386540598,280,2 - Escolher Voo,200,OK,Teste de Carga - 250 usuarios 1-199,text,true,,7381,250,250,250,https://www.blazedemo.com/reserve.php,264,0,0
1774386540593,287,2 - Escolher Voo,200,OK,Teste de Carga - 250 usuarios 1-55,text,true,,7381,250,250,250,https://www.blazedemo.com/reserve.php,270,0,0
1774386540597,285,1 - Acessar Home,200,OK,Teste de Carga - 250 usuarios 1-213,text,true,,4757,120,250,250,https://www.blazedemo.com/,273,0,0
1774386540568,324,2 - Escolher Voo,200,OK,Teste de Carga - 250 usuarios 1-124,text,true,,7381,250,250,250,https://www.blazedemo.com/reserve.php,307,0,0
1774386539696,1199,1 - Acessar Home,200,OK,Teste de Carga - 250 usuarios 1-110,text,true,,4757,120,250,250,https://www.blazedemo.com/,1187,0,0
1774386540586,309,2 - Escolher Voo,200,OK,Teste de Carga - 250 usuarios 1-56,text,true,,7381,250,250,250,https://www.blazedemo.com/reserve.php,289,0,0
1774386540649,250,3 - Comprar Passagem,200,OK,Teste de Carga - 250 usuarios 1-206,text,true,,6719,420,250,250,https://www.blazedemo.com/purchase.php,238,0,0
1774386540614,287,1 - Acessar Home,200,OK,Teste de Carga - 250 usuarios 1-205,text,true,,4757,120,250,250,https://www.blazedemo.com/,276,0,0
1774386537820,3085,3 - Comprar Passagem,200,OK,Teste de Carga - 250 usuarios 1-88,text,true,,6719,420,250,250,https://www.blazedemo.com/purchase.php,3073,0,0
1774386537268,3638,2 - Escolher Voo,200,OK,Teste de Carga - 250 usuarios 1-90,text,true,,7381,250,250,250,https://www.blazedemo.com/reserve.php,3619,0,0
1774386540637,270,3 - Comprar Passagem,200,OK,Teste de Carga - 250 usuarios 1-171,text,true,,6719,420,250,250,https://www.blazedemo.com/purchase.php,258,0,0
1774386537458,3458,1 - Acessar Home,200,OK,Teste de Carga - 250 usuarios 1-73,text,true,,4757,120,250,250,https://www.blazedemo.com/,3446,0,0
1774386539184,1743,2 - Escolher Voo,200,OK,Teste de Carga - 250 usuarios 1-26,text,true,,7381,250,250,250,https://www.blazedemo.com/reserve.php,1720,0,0
1774386540582,345,3 - Comprar Passagem,200,OK,Teste de Carga - 250 usuarios 1-172,text,true,,6719,420,250,250,https://www.blazedemo.com/purchase.php,333,0,0
1774386540669,261,1 - Acessar Home,200,OK,Teste de Carga - 250 usuarios 1-136,text,true,,4757,120,250,250,https://www.blazedemo.com/,248,0,0
1774386540657,277,1 - Acessar Home,200,OK,Teste de Carga - 250 usuarios 1-130,text,true,,4757,120,250,250,https://www.blazedemo.com/,265,0,0
1774386540663,274,2 - Escolher Voo,200,OK,Teste de Carga - 250 usuarios 1-50,text,true,,7381,250,250,250,https://www.blazedemo.com/reserve.php,254,0,0
1774386540566,372,2 - Escolher Voo,200,OK,Teste de Carga - 250 usuarios 1-15,text,true,,7381,250,250,250,https://www.blazedemo.com/reserve.php,352,0,0
1774386539894,1054,1 - Acessar Home,200,OK,Teste de Carga - 250 usuarios 1-250,text,true,,4757,120,250,250,https://www.blazedemo.com/,1041,0,0
1774386539447,1503,1 - Acessar Home,200,OK,Teste de Carga - 250 usuarios 1-211,text,true,,4757,120,250,250,https://www.blazedemo.com/,1490,0,0
1774386540614,337,1 - Acessar Home,200,OK,Teste de Carga - 250 usuarios 1-151,text,true,,4757,120,250,250,https://www.blazedemo.com/,326,0,0
1774386540659,304,2 - Escolher Voo,200,OK,Teste de Carga - 250 usuarios 1-25,text,true,,7381,250,250,250,https://www.blazedemo.com/reserve.php,284,0,0
1774386540689,279,2 - Escolher Voo,200,OK,Teste de Carga - 250 usuarios 1-31,text,true,,7381,250,250,250,https://www.blazedemo.com/reserve.php,263,0,0
1774386540661,310,1 - Acessar Home,200,OK,Teste de Carga - 250 usuarios 1-79,text,true,,4757,120,250,250,https://www.blazedemo.com/,297,0,0
1774386539976,999,3 - Comprar Passagem,200,OK,Teste de Carga - 250 usuarios 1-13,text,true,,6719,420,250,250,https://www.blazedemo.com/purchase.php,986,0,0
1774386540698,278,3 - Comprar Passagem,200,OK,Teste de Carga - 250 usuarios 1-30,text,true,,6719,420,250,250,https://www.blazedemo.com/purchase.php,267,0,0
1774386540744,251,2 - Escolher Voo,200,OK,Teste de Carga - 250 usuarios 1-248,text,true,,7381,250,250,250,https://www.blazedemo.com/reserve.php,234,0,0
1774386540706,297,2 - Escolher Voo,200,OK,Teste de Carga - 250 usuarios 1-57,text,true,,7381,250,250,250,https://www.blazedemo.com/reserve.php,276,0,0
1774386535828,5176,1 - Acessar Home,200,OK,Teste de Carga - 250 usuarios 1-244,text,true,,4757,120,250,250,https://www.blazedemo.com/,5164,0,0
1774386540595,412,1 - Acessar Home,200,OK,Teste de Carga - 250 usuarios 1-115,text,true,,4757,120,250,250,https://www.blazedemo.com/,401,0,0
1774386540016,993,1 - Acessar Home,200,OK,Teste de Carga - 250 usuarios 1-113,text,true,,4757,120,250,250,https://www.blazedemo.com/,982,0,0
1774386539920,1091,1 - Acessar Home,200,OK,Teste de Carga - 250 usuarios 1-170,text,true,,4757,120,250,250,https://www.blazedemo.com/,1079,0,0
1774386539230,1781,3 - Comprar Passagem,200,OK,Teste de Carga - 250 usuarios 1-133,text,true,,6719,420,250,250,https://www.blazedemo.com/purchase.php,1769,0,0
1774386537837,3174,1 - Acessar Home,200,OK,Teste de Carga - 250 usuarios 1-243,text,true,,4757,120,250,250,https://www.blazedemo.com/,3163,0,0
1774386539846,1167,1 - Acessar Home,200,OK,Teste de Carga - 250 usuarios 1-102,text,true,,4757,120,250,250,https://www.blazedemo.com/,1155,0,0
1774386537491,3535,2 - Escolher Voo,200,OK,Teste de Carga - 250 usuarios 1-132,text,true,,7381,250,250,250,https://www.blazedemo.com/reserve.php,3516,0,0
1774386540721,312,1 - Acessar Home,200,OK,Teste de Carga - 250 usuarios 1-54,text,true,,4757,120,250,250,https://www.blazedemo.com/,302,0,0
1774386540712,323,2 - Escolher Voo,200,OK,Teste de Carga - 250 usuarios 1-104,text,true,,7381,250,250,250,https://www.blazedemo.com/reserve.php,301,0,0
1774386540732,305,1 - Acessar Home,200,OK,Teste de Carga - 250 usuarios 1-162,text,true,,4757,120,250,250,https://www.blazedemo.com/,292,0,0
1774386539902,1141,1 - Acessar Home,200,OK,Teste de Carga - 250 usuarios 1-228,text,true,,4757,120,250,250,https://www.blazedemo.com/,1129,0,0
1774386540700,343,3 - Comprar Passagem,200,OK,Teste de Carga - 250 usuarios 1-160,text,true,,6719,420,250,250,https://www.blazedemo.com/purchase.php,331,0,0
1774386540777,267,1 - Acessar Home,200,OK,Teste de Carga - 250 usuarios 1-14,text,true,,4757,120,250,250,https://www.blazedemo.com/,255,0,0
1774386540765,286,2 - Escolher Voo,200,OK,Teste de Carga - 250 usuarios 1-100,text,true,,7381,250,250,250,https://www.blazedemo.com/reserve.php,269,0,0
1774386540803,249,3 - Comprar Passagem,200,OK,Teste de Carga - 250 usuarios 1-245,text,true,,6719,420,250,250,https://www.blazedemo.com/purchase.php,237,0,0
1774386540788,266,1 - Acessar Home,200,OK,Teste de Carga - 250 usuarios 1-47,text,true,,4757,120,250,250,https://www.blazedemo.com/,252,0,0
1774386540788,268,3 - Comprar Passagem,200,OK,Teste de Carga - 250 usuarios 1-173,text,true,,6719,420,250,250,https://www.blazedemo.com/purchase.php,255,0,0
1774386540789,270,2 - Escolher Voo,200,OK,Teste de Carga - 250 usuarios 1-9,text,true,,7381,250,250,250,https://www.blazedemo.com/reserve.php,250,0,0
1774386539708,1352,3 - Comprar Passagem,200,OK,Teste de Carga - 250 usuarios 1-164,text,true,,6719,420,250,250,https://www.blazedemo.com/purchase.php,1340,0,0
1774386539525,1537,3 - Comprar Passagem,200,OK,Teste de Carga - 250 usuarios 1-204,text,true,,6719,420,250,250,https://www.blazedemo.com/purchase.php,1520,0,0
1774386540800,261,1 - Acessar Home,200,OK,Teste de Carga - 250 usuarios 1-126,text,true,,4757,120,250,250,https://www.blazedemo.com/,249,0,0
1774386537385,3692,1 - Acessar Home,200,OK,Teste de Carga - 250 usuarios 1-4,text,true,,4757,120,250,250,https://www.blazedemo.com/,3681,0,0
1774386540765,314,2 - Escolher Voo,200,OK,Teste de Carga - 250 usuarios 1-98,text,true,,7381,250,250,250,https://www.blazedemo.com/reserve.php,293,0,0
1774386540625,456,3 - Comprar Passagem,200,OK,Teste de Carga - 250 usuarios 1-195,text,true,,6719,420,250,250,https://www.blazedemo.com/purchase.php,438,0,0
1774386540707,374,2 - Escolher Voo,200,OK,Teste de Carga - 250 usuarios 1-17,text,true,,7381,250,250,250,https://www.blazedemo.com/reserve.php,353,0,0
1774386540807,289,2 - Escolher Voo,200,OK,Teste de Carga - 250 usuarios 1-16,text,true,,7381,250,250,250,https://www.blazedemo.com/reserve.php,268,0,0
1774386539308,1792,1 - Acessar Home,200,OK,Teste de Carga - 250 usuarios 1-125,text,true,,4757,120,250,250,https://www.blazedemo.com/,1781,0,0
1774386540814,287,3 - Comprar Passagem,200,OK,Teste de Carga - 250 usuarios 1-238,text,true,,6719,420,250,250,https://www.blazedemo.com/purchase.php,271,0,0
1774386540753,349,2 - Escolher Voo,200,OK,Teste de Carga - 250 usuarios 1-35,text,true,,7381,250,250,250,https://www.blazedemo.com/reserve.php,328,0,0
1774386540854,254,2 - Escolher Voo,200,OK,Teste de Carga - 250 usuarios 1-158,text,true,,7381,250,250,250,https://www.blazedemo.com/reserve.php,234,0,0
1774386540739,370,3 - Comprar Passagem,200,OK,Teste de Carga - 250 usuarios 1-144,text,true,,6719,420,250,250,https://www.blazedemo.com/purchase.php,358,0,0
1774386540829,291,3 - Comprar Passagem,200,OK,Teste de Carga - 250 usuarios 1-80,text,true,,6719,420,250,250,https://www.blazedemo.com/purchase.php,279,0,0
1774386540062,1060,3 - Comprar Passagem,200,OK,Teste de Carga - 250 usuarios 1-183,text,true,,6719,420,250,250,https://www.blazedemo.com/purchase.php,1048,0,0
1774386536102,5027,3 - Comprar Passagem,200,OK,Teste de Carga - 250 usuarios 1-216,text,true,,6719,420,250,250,https://www.blazedemo.com/purchase.php,5015,0,0
1774386540814,316,3 - Comprar Passagem,200,OK,Teste de Carga - 250 usuarios 1-138,text,true,,6719,420,250,250,https://www.blazedemo.com/purchase.php,303,0,0
1774386540081,1051,1 - Acessar Home,200,OK,Teste de Carga - 250 usuarios 1-22,text,true,,4757,120,250,250,https://www.blazedemo.com/,1040,0,0
1774386540213,920,1 - Acessar Home,200,OK,Teste de Carga - 250 usuarios 1-185,text,true,,4757,120,250,250,https://www.blazedemo.com/,908,0,0
1774386540812,325,3 - Comprar Passagem,200,OK,Teste de Carga - 250 usuarios 1-193,text,true,,6719,420,250,250,https://www.blazedemo.com/purchase.php,312,0,0
1774386540868,270,3 - Comprar Passagem,200,OK,Teste de Carga - 250 usuarios 1-141,text,true,,6719,420,250,250,https://www.blazedemo.com/purchase.php,258,0,0
1774386540857,286,1 - Acessar Home,200,OK,Teste de Carga - 250 usuarios 1-191,text,true,,4757,120,250,250,https://www.blazedemo.com/,273,0,0
1774386540038,1107,1 - Acessar Home,200,OK,Teste de Carga - 250 usuarios 1-74,text,true,,4757,120,250,250,https://www.blazedemo.com/,1096,0,0
1774386540629,518,1 - Acessar Home,200,OK,Teste de Carga - 250 usuarios 1-192,text,true,,4757,120,250,250,https://www.blazedemo.com/,506,0,0
1774386537961,3189,1 - Acessar Home,200,OK,Teste de Carga - 250 usuarios 1-146,text,true,,4757,120,250,250,https://www.blazedemo.com/,3178,0,0
1774386540850,303,2 - Escolher Voo,200,OK,Teste de Carga - 250 usuarios 1-24,text,true,,7381,250,250,250,https://www.blazedemo.com/reserve.php,282,0,0
1774386540158,997,1 - Acessar Home,200,OK,Teste de Carga - 250 usuarios 1-152,text,true,,4757,120,250,250,https://www.blazedemo.com/,986,0,0
1774386540899,255,1 - Acessar Home,200,OK,Teste de Carga - 250 usuarios 1-206,text,true,,4757,120,250,250,https://www.blazedemo.com/,243,0,0
1774386537568,3588,3 - Comprar Passagem,200,OK,Teste de Carga - 250 usuarios 1-3,text,true,,6719,420,250,250,https://www.blazedemo.com/purchase.php,3576,0,0
1774386540765,390,2 - Escolher Voo,200,OK,Teste de Carga - 250 usuarios 1-52,text,true,,7381,250,250,250,https://www.blazedemo.com/reserve.php,371,0,0
1774386540849,308,1 - Acessar Home,200,OK,Teste de Carga - 250 usuarios 1-83,text,true,,4757,120,250,250,https://www.blazedemo.com/,296,0,0
1774386540907,252,1 - Acessar Home,200,OK,Teste de Carga - 250 usuarios 1-171,text,true,,4757,120,250,250,https://www.blazedemo.com/,240,0,0
1774386540880,282,3 - Comprar Passagem,200,OK,Teste de Carga - 250 usuarios 1-55,text,true,,6719,420,250,250,https://www.blazedemo.com/purchase.php,271,0,0
1774386540134,1031,3 - Comprar Passagem,200,OK,Teste de Carga - 250 usuarios 1-217,text,true,,6719,420,250,250,https://www.blazedemo.com/purchase.php,1019,0,0
1774386538067,3099,2 - Escolher Voo,200,OK,Teste de Carga - 250 usuarios 1-101,text,true,,7381,250,250,250,https://www.blazedemo.com/reserve.php,3078,0,0
1774386540882,295,2 - Escolher Voo,200,OK,Teste de Carga - 250 usuarios 1-213,text,true,,7381,250,250,250,https://www.blazedemo.com/reserve.php,275,0,0
1774386540813,366,1 - Acessar Home,200,OK,Teste de Carga - 250 usuarios 1-202,text,true,,4757,120,250,250,https://www.blazedemo.com/,353,0,0
1774386540930,250,2 - Escolher Voo,200,OK,Teste de Carga - 250 usuarios 1-136,text,true,,7381,250,250,250,https://www.blazedemo.com/reserve.php,229,0,0
1774386536240,4954,2 - Escolher Voo,200,OK,Teste de Carga - 250 usuarios 1-180,text,true,,7381,250,250,250,https://www.blazedemo.com/reserve.php,4938,0,0
1774386537679,3524,3 - Comprar Passagem,200,OK,Teste de Carga - 250 usuarios 1-241,text,true,,6719,420,250,250,https://www.blazedemo.com/purchase.php,3513,0,0
1774386540895,310,3 - Comprar Passagem,200,OK,Teste de Carga - 250 usuarios 1-56,text,true,,6719,420,250,250,https://www.blazedemo.com/purchase.php,298,0,0
1774386540866,339,2 - Escolher Voo,200,OK,Teste de Carga - 250 usuarios 1-53,text,true,,7381,250,250,250,https://www.blazedemo.com/reserve.php,319,0,0
1774386540937,285,3 - Comprar Passagem,200,OK,Teste de Carga - 250 usuarios 1-50,text,true,,6719,420,250,250,https://www.blazedemo.com/purchase.php,272,0,0
1774386540824,401,2 - Escolher Voo,200,OK,Teste de Carga - 250 usuarios 1-40,text,true,,7381,250,250,250,https://www.blazedemo.com/reserve.php,380,0,0
1774386540414,813,1 - Acessar Home,200,OK,Teste de Carga - 250 usuarios 1-123,text,true,,4757,120,250,250,https://www.blazedemo.com/,800,0,0
1774386540878,353,3 - Comprar Passagem,200,OK,Teste de Carga - 250 usuarios 1-199,text,true,,6719,420,250,250,https://www.blazedemo.com/purchase.php,341,0,0
1774386540641,593,2 - Escolher Voo,200,OK,Teste de Carga - 250 usuarios 1-142,text,true,,7381,250,250,250,https://www.blazedemo.com/reserve.php,572,0,0
1774386540915,325,2 - Escolher Voo,200,OK,Teste de Carga - 250 usuarios 1-73,text,true,,7381,250,250,250,https://www.blazedemo.com/reserve.php,309,0,0
1774386540225,1029,1 - Acessar Home,200,OK,Teste de Carga - 250 usuarios 1-111,text,true,,4757,120,250,250,https://www.blazedemo.com/,1020,0,0
1774386540964,289,3 - Comprar Passagem,200,OK,Teste de Carga - 250 usuarios 1-25,text,true,,6719,420,250,250,https://www.blazedemo.com/purchase.php,278,0,0
1774386540995,260,3 - Comprar Passagem,200,OK,Teste de Carga - 250 usuarios 1-248,text,true,,6719,420,250,250,https://www.blazedemo.com/purchase.php,244,0,0
1774386540343,918,2 - Escolher Voo,200,OK,Teste de Carga - 250 usuarios 1-190,text,true,,7381,250,250,250,https://www.blazedemo.com/reserve.php,900,0,0
1774386540894,370,2 - Escolher Voo,200,OK,Teste de Carga - 250 usuarios 1-110,text,true,,7381,250,250,250,https://www.blazedemo.com/reserve.php,350,0,0
1774386537703,3567,1 - Acessar Home,200,OK,Teste de Carga - 250 usuarios 1-196,text,true,,4757,120,250,250,https://www.blazedemo.com/,3556,0,0
1774386540934,339,2 - Escolher Voo,200,OK,Teste de Carga - 250 usuarios 1-130,text,true,,7381,250,250,250,https://www.blazedemo.com/reserve.php,317,0,0
1774386540974,301,1 - Acessar Home,200,OK,Teste de Carga - 250 usuarios 1-13,text,true,,4757,120,250,250,https://www.blazedemo.com/,290,0,0
1774386541008,267,2 - Escolher Voo,200,OK,Teste de Carga - 250 usuarios 1-113,text,true,,7381,250,250,250,https://www.blazedemo.com/reserve.php,247,0,0
1774386540261,1016,3 - Comprar Passagem,200,OK,Teste de Carga - 250 usuarios 1-128,text,true,,6719,420,250,250,https://www.blazedemo.com/purchase.php,1004,0,0
1774386541010,271,2 - Escolher Voo,200,OK,Teste de Carga - 250 usuarios 1-243,text,true,,7381,250,250,250,https://www.blazedemo.com/reserve.php,251,0,0
1774386541044,242,2 - Escolher Voo,200,OK,Teste de Carga - 250 usuarios 1-14,text,true,,7381,250,250,250,https://www.blazedemo.com/reserve.php,222,0,0
1774386540850,437,3 - Comprar Passagem,200,OK,Teste de Carga - 250 usuarios 1-5,text,true,,6719,420,250,250,https://www.blazedemo.com/purchase.php,424,0,0
1774386538121,3172,3 - Comprar Passagem,200,OK,Teste de Carga - 250 usuarios 1-166,text,true,,6719,420,250,250,https://www.blazedemo.com/purchase.php,3160,0,0
1774386537808,3498,1 - Acessar Home,200,OK,Teste de Carga - 250 usuarios 1-131,text,true,,4757,120,250,250,https://www.blazedemo.com/,3485,0,0
1774386539589,1720,1 - Acessar Home,200,OK,Teste de Carga - 250 usuarios 1-154,text,true,,4757,120,250,250,https://www.blazedemo.com/,1709,0,0
1774386540279,1034,1 - Acessar Home,200,OK,Teste de Carga - 250 usuarios 1-197,text,true,,4757,120,250,250,https://www.blazedemo.com/,1022,0,0
1774386536238,5076,1 - Acessar Home,200,OK,Teste de Carga - 250 usuarios 1-67,text,true,,4757,120,250,250,https://www.blazedemo.com/,5063,0,0
1774386540860,453,3 - Comprar Passagem,200,OK,Teste de Carga - 250 usuarios 1-237,text,true,,6719,420,250,250,https://www.blazedemo.com/purchase.php,437,0,0
1774386541010,306,1 - Acessar Home,200,OK,Teste de Carga - 250 usuarios 1-133,text,true,,4757,120,250,250,https://www.blazedemo.com/,295,0,0
1774386540926,390,3 - Comprar Passagem,200,OK,Teste de Carga - 250 usuarios 1-26,text,true,,6719,420,250,250,https://www.blazedemo.com/purchase.php,377,0,0
1774386541033,286,2 - Escolher Voo,200,OK,Teste de Carga - 250 usuarios 1-54,text,true,,7381,250,250,250,https://www.blazedemo.com/reserve.php,266,0,0
1774386540716,607,3 - Comprar Passagem,200,OK,Teste de Carga - 250 usuarios 1-69,text,true,,6719,420,250,250,https://www.blazedemo.com/purchase.php,595,0,0
1774386541056,274,1 - Acessar Home,200,OK,Teste de Carga - 250 usuarios 1-173,text,true,,4757,120,250,250,https://www.blazedemo.com/,261,0,0
1774386540938,401,3 - Comprar Passagem,200,OK,Teste de Carga - 250 usuarios 1-15,text,true,,6719,420,250,250,https://www.blazedemo.com/purchase.php,389,0,0
1774386540047,1306,1 - Acessar Home,200,OK,Teste de Carga - 250 usuarios 1-23,text,true,,4757,120,250,250,https://www.blazedemo.com/,1295,0,0
1774386541099,255,2 - Escolher Voo,200,OK,Teste de Carga - 250 usuarios 1-125,text,true,,7381,250,250,250,https://www.blazedemo.com/reserve.php,234,0,0
1774386540580,774,2 - Escolher Voo,200,OK,Teste de Carga - 250 usuarios 1-77,text,true,,7381,250,250,250,https://www.blazedemo.com/reserve.php,754,0,0
1774386540838,523,2 - Escolher Voo,200,OK,Teste de Carga - 250 usuarios 1-174,text,true,,7381,250,250,250,https://www.blazedemo.com/reserve.php,502,0,0
1774386541042,323,2 - Escolher Voo,200,OK,Teste de Carga - 250 usuarios 1-228,text,true,,7381,250,250,250,https://www.blazedemo.com/reserve.php,303,0,0
1774386541012,356,2 - Escolher Voo,200,OK,Teste de Carga - 250 usuarios 1-102,text,true,,7381,250,250,250,https://www.blazedemo.com/reserve.php,335,0,0
1774386540412,958,1 - Acessar Home,200,OK,Teste de Carga - 250 usuarios 1-176,text,true,,4757,120,250,250,https://www.blazedemo.com/,945,0,0
1774386540397,976,2 - Escolher Voo,200,OK,Teste de Carga - 250 usuarios 1-105,text,true,,7381,250,250,250,https://www.blazedemo.com/reserve.php,952,0,0
1774386541079,298,3 - Comprar Passagem,200,OK,Teste de Carga - 250 usuarios 1-98,text,true,,6719,420,250,250,https://www.blazedemo.com/purchase.php,286,0,0
1774386536860,4522,2 - Escolher Voo,200,OK,Teste de Carga - 250 usuarios 1-34,text,true,,7381,250,250,250,https://www.blazedemo.com/reserve.php,4501,0,0
1774386541008,378,2 - Escolher Voo,200,OK,Teste de Carga - 250 usuarios 1-115,text,true,,7381,250,250,250,https://www.blazedemo.com/reserve.php,357,0,0
1774386541108,280,3 - Comprar Passagem,200,OK,Teste de Carga - 250 usuarios 1-158,text,true,,6719,420,250,250,https://www.blazedemo.com/purchase.php,268,0,0
1774386537745,3645,2 - Escolher Voo,200,OK,Teste de Carga - 250 usuarios 1-249,text,true,,7381,250,250,250,https://www.blazedemo.com/reserve.php,3625,0,0
1774386540614,778,3 - Comprar Passagem,200,OK,Teste de Carga - 250 usuarios 1-58,text,true,,6719,420,250,250,https://www.blazedemo.com/purchase.php,762,0,0
1774386541101,298,1 - Acessar Home,200,OK,Teste de Carga - 250 usuarios 1-238,text,true,,4757,120,250,250,https://www.blazedemo.com/,286,0,0
1774386538242,3159,3 - Comprar Passagem,200,OK,Teste de Carga - 250 usuarios 1-155,text,true,,6719,420,250,250,https://www.blazedemo.com/purchase.php,3147,0,0
1774386540107,1295,2 - Escolher Voo,200,OK,Teste de Carga - 250 usuarios 1-91,text,true,,7381,250,250,250,https://www.blazedemo.com/reserve.php,1275,0,0
1774386541036,367,3 - Comprar Passagem,200,OK,Teste de Carga - 250 usuarios 1-104,text,true,,6719,420,250,250,https://www.blazedemo.com/purchase.php,355,0,0
1774386541137,269,1 - Acessar Home,200,OK,Teste de Carga - 250 usuarios 1-193,text,true,,4757,120,250,250,https://www.blazedemo.com/,257,0,0
1774386541131,278,2 - Escolher Voo,200,OK,Teste de Carga - 250 usuarios 1-22,text,true,,7381,250,250,250,https://www.blazedemo.com/reserve.php,257,0,0
1774386541132,281,2 - Escolher Voo,200,OK,Teste de Carga - 250 usuarios 1-185,text,true,,7381,250,250,250,https://www.blazedemo.com/reserve.php,261,0,0
1774386538289,3127,3 - Comprar Passagem,200,OK,Teste de Carga - 250 usuarios 1-240,text,true,,6719,420,250,250,https://www.blazedemo.com/purchase.php,3115,0,0
1774386540892,525,3 - Comprar Passagem,200,OK,Teste de Carga - 250 usuarios 1-124,text,true,,6719,420,250,250,https://www.blazedemo.com/purchase.php,513,0,0
1774386540947,473,2 - Escolher Voo,200,OK,Teste de Carga - 250 usuarios 1-250,text,true,,7381,250,250,250,https://www.blazedemo.com/reserve.php,452,0,0
1774386540949,471,2 - Escolher Voo,200,OK,Teste de Carga - 250 usuarios 1-211,text,true,,7381,250,250,250,https://www.blazedemo.com/reserve.php,451,0,0
1774386541149,271,2 - Escolher Voo,200,OK,Teste de Carga - 250 usuarios 1-146,text,true,,7381,250,250,250,https://www.blazedemo.com/reserve.php,250,0,0
1774386537848,3577,2 - Escolher Voo,200,OK,Teste de Carga - 250 usuarios 1-68,text,true,,7381,250,250,250,https://www.blazedemo.com/reserve.php,3556,0,0
1774386540976,451,1 - Acessar Home,200,OK,Teste de Carga - 250 usuarios 1-30,text,true,,4757,120,250,250,https://www.blazedemo.com/,441,0,0
1774386541128,299,1 - Acessar Home,200,OK,Teste de Carga - 250 usuarios 1-216,text,true,,4757,120,250,250,https://www.blazedemo.com/,288,0,0
1774386541052,383,1 - Acessar Home,200,OK,Teste de Carga - 250 usuarios 1-245,text,true,,4757,120,250,250,https://www.blazedemo.com/,371,0,0
1774386541120,319,1 - Acessar Home,200,OK,Teste de Carga - 250 usuarios 1-80,text,true,,4757,120,250,250,https://www.blazedemo.com/,306,0,0
1774386539757,1689,3 - Comprar Passagem,200,OK,Teste de Carga - 250 usuarios 1-62,text,true,,6719,420,250,250,https://www.blazedemo.com/purchase.php,1677,0,0
1774386541205,248,3 - Comprar Passagem,200,OK,Teste de Carga - 250 usuarios 1-53,text,true,,6719,420,250,250,https://www.blazedemo.com/purchase.php,234,0,0
1774386541155,299,1 - Acessar Home,200,OK,Teste de Carga - 250 usuarios 1-3,text,true,,4757,120,250,250,https://www.blazedemo.com/,284,0,0
1774386540126,1331,1 - Acessar Home,200,OK,Teste de Carga - 250 usuarios 1-224,text,true,,4757,120,250,250,https://www.blazedemo.com/,1319,0,0
1774386540971,493,2 - Escolher Voo,200,OK,Teste de Carga - 250 usuarios 1-79,text,true,,7381,250,250,250,https://www.blazedemo.com/reserve.php,473,0,0
1774386540480,992,2 - Escolher Voo,200,OK,Teste de Carga - 250 usuarios 1-99,text,true,,7381,250,250,250,https://www.blazedemo.com/reserve.php,972,0,0
1774386541054,419,2 - Escolher Voo,200,OK,Teste de Carga - 250 usuarios 1-47,text,true,,7381,250,250,250,https://www.blazedemo.com/reserve.php,398,0,0
1774386540676,802,3 - Comprar Passagem,200,OK,Teste de Carga - 250 usuarios 1-129,text,true,,6719,420,250,250,https://www.blazedemo.com/purchase.php,795,0,0
1774386541240,242,3 - Comprar Passagem,200,OK,Teste de Carga - 250 usuarios 1-73,text,true,,6719,420,250,250,https://www.blazedemo.com/purchase.php,231,0,0
1774386541225,261,3 - Comprar Passagem,200,OK,Teste de Carga - 250 usuarios 1-40,text,true,,6719,420,250,250,https://www.blazedemo.com/purchase.php,249,0,0
1774386541226,261,2 - Escolher Voo,200,OK,Teste de Carga - 250 usuarios 1-123,text,true,,7381,250,250,250,https://www.blazedemo.com/reserve.php,245,0,0
1774386541153,340,3 - Comprar Passagem,200,OK,Teste de Carga - 250 usuarios 1-24,text,true,,6719,420,250,250,https://www.blazedemo.com/purchase.php,328,0,0
1774386541205,290,1 - Acessar Home,200,OK,Teste de Carga - 250 usuarios 1-56,text,true,,4757,120,250,250,https://www.blazedemo.com/,278,0,0
1774386539956,1542,3 - Comprar Passagem,200,OK,Teste de Carga - 250 usuarios 1-11,text,true,,6719,420,250,250,https://www.blazedemo.com/purchase.php,1530,0,0
1774386538341,3166,3 - Comprar Passagem,200,OK,Teste de Carga - 250 usuarios 1-169,text,true,,6719,420,250,250,https://www.blazedemo.com/purchase.php,3154,0,0
1774386538054,3455,3 - Comprar Passagem,200,OK,Teste de Carga - 250 usuarios 1-84,text,true,,6719,420,250,250,https://www.blazedemo.com/purchase.php,3442,0,0
1774386540721,788,1 - Acessar Home,200,OK,Teste de Carga - 250 usuarios 1-147,text,true,,4757,120,250,250,https://www.blazedemo.com/,776,0,0
1774386541081,432,3 - Comprar Passagem,200,OK,Teste de Carga - 250 usuarios 1-17,text,true,,6719,420,250,250,https://www.blazedemo.com/purchase.php,420,0,0
1774386540968,548,3 - Comprar Passagem,200,OK,Teste de Carga - 250 usuarios 1-31,text,true,,6719,420,250,250,https://www.blazedemo.com/purchase.php,527,0,0
1774386541059,458,3 - Comprar Passagem,200,OK,Teste de Carga - 250 usuarios 1-9,text,true,,6719,420,250,250,https://www.blazedemo.com/purchase.php,446,0,0
1774386540749,768,3 - Comprar Passagem,200,OK,Teste de Carga - 250 usuarios 1-114,text,true,,6719,420,250,250,https://www.blazedemo.com/purchase.php,752,0,0
1774386541037,483,2 - Escolher Voo,200,OK,Teste de Carga - 250 usuarios 1-162,text,true,,7381,250,250,250,https://www.blazedemo.com/reserve.php,462,0,0
1774386541276,255,1 - Acessar Home,200,OK,Teste de Carga - 250 usuarios 1-128,text,true,,4757,120,250,250,https://www.blazedemo.com/,242,0,0
1774386541255,277,1 - Acessar Home,200,OK,Teste de Carga - 250 usuarios 1-248,text,true,,4757,120,250,250,https://www.blazedemo.com/,266,0,0
1774386537583,3951,3 - Comprar Passagem,200,OK,Teste de Carga - 250 usuarios 1-184,text,true,,6719,420,250,250,https://www.blazedemo.com/purchase.php,3939,0,0
1774386540904,630,1 - Acessar Home,200,OK,Teste de Carga - 250 usuarios 1-88,text,true,,4757,120,250,250,https://www.blazedemo.com/,618,0,0
1774386540693,843,3 - Comprar Passagem,200,OK,Teste de Carga - 250 usuarios 1-95,text,true,,6719,420,250,250,https://www.blazedemo.com/purchase.php,831,0,0
1774386541253,289,2 - Escolher Voo,200,OK,Teste de Carga - 250 usuarios 1-111,text,true,,7381,250,250,250,https://www.blazedemo.com/reserve.php,271,0,0
1774386541059,483,1 - Acessar Home,200,OK,Teste de Carga - 250 usuarios 1-164,text,true,,4757,120,250,250,https://www.blazedemo.com/,471,0,0
1774386541269,286,2 - Escolher Voo,200,OK,Teste de Carga - 250 usuarios 1-196,text,true,,7381,250,250,250,https://www.blazedemo.com/reserve.php,265,0,0
1774386541281,277,3 - Comprar Passagem,200,OK,Teste de Carga - 250 usuarios 1-243,text,true,,6719,420,250,250,https://www.blazedemo.com/purchase.php,265,0,0
1774386540853,707,2 - Escolher Voo,200,OK,Teste de Carga - 250 usuarios 1-32,text,true,,7381,250,250,250,https://www.blazedemo.com/reserve.php,687,0,0
1774386540293,1270,1 - Acessar Home,200,OK,Teste de Carga - 250 usuarios 1-215,text,true,,4757,120,250,250,https://www.blazedemo.com/,1259,0,0
1774386541308,258,2 - Escolher Voo,200,OK,Teste de Carga - 250 usuarios 1-154,text,true,,7381,250,250,250,https://www.blazedemo.com/reserve.php,238,0,0
1774386539955,1613,3 - Comprar Passagem,200,OK,Teste de Carga - 250 usuarios 1-70,text,true,,6719,420,250,250,https://www.blazedemo.com/purchase.php,1601,0,0
1774386538419,3150,3 - Comprar Passagem,200,OK,Teste de Carga - 250 usuarios 1-186,text,true,,6719,420,250,250,https://www.blazedemo.com/purchase.php,3138,0,0
1774386541316,256,1 - Acessar Home,200,OK,Teste de Carga - 250 usuarios 1-26,text,true,,4757,120,250,250,https://www.blazedemo.com/,245,0,0
1774386541287,293,1 - Acessar Home,200,OK,Teste de Carga - 250 usuarios 1-5,text,true,,4757,120,250,250,https://www.blazedemo.com/,281,0,0
1774386541025,557,3 - Comprar Passagem,200,OK,Teste de Carga - 250 usuarios 1-132,text,true,,6719,420,250,250,https://www.blazedemo.com/purchase.php,545,0,0
1774386541273,310,3 - Comprar Passagem,200,OK,Teste de Carga - 250 usuarios 1-130,text,true,,6719,420,250,250,https://www.blazedemo.com/purchase.php,298,0,0
1774386541051,540,3 - Comprar Passagem,200,OK,Teste de Carga - 250 usuarios 1-100,text,true,,6719,420,250,250,https://www.blazedemo.com/purchase.php,528,0,0
1774386541159,435,2 - Escolher Voo,200,OK,Teste de Carga - 250 usuarios 1-171,text,true,,7381,250,250,250,https://www.blazedemo.com/reserve.php,412,0,0
1774386538105,3500,3 - Comprar Passagem,200,OK,Teste de Carga - 250 usuarios 1-242,text,true,,6719,420,250,250,https://www.blazedemo.com/purchase.php,3483,0,0
1774386541316,291,2 - Escolher Voo,200,OK,Teste de Carga - 250 usuarios 1-133,text,true,,7381,250,250,250,https://www.blazedemo.com/reserve.php,272,0,0
1774386540713,901,1 - Acessar Home,200,OK,Teste de Carga - 250 usuarios 1-181,text,true,,4757,120,250,250,https://www.blazedemo.com/,889,0,0
1774386541154,460,2 - Escolher Voo,200,OK,Teste de Carga - 250 usuarios 1-206,text,true,,7381,250,250,250,https://www.blazedemo.com/reserve.php,440,0,0
1774386540396,1222,3 - Comprar Passagem,200,OK,Teste de Carga - 250 usuarios 1-45,text,true,,6719,420,250,250,https://www.blazedemo.com/purchase.php,1210,0,0
1774386541354,268,3 - Comprar Passagem,200,OK,Teste de Carga - 250 usuarios 1-125,text,true,,6719,420,250,250,https://www.blazedemo.com/purchase.php,252,0,0
1774386541144,479,2 - Escolher Voo,200,OK,Teste de Carga - 250 usuarios 1-74,text,true,,7381,250,250,250,https://www.blazedemo.com/reserve.php,460,0,0
1774386540188,1440,3 - Comprar Passagem,200,OK,Teste de Carga - 250 usuarios 1-75,text,true,,6719,420,250,250,https://www.blazedemo.com/purchase.php,1430,0,0
1774386541365,265,3 - Comprar Passagem,200,OK,Teste de Carga - 250 usuarios 1-228,text,true,,6719,420,250,250,https://www.blazedemo.com/purchase.php,253,0,0
1774386537878,3753,2 - Escolher Voo,200,OK,Teste de Carga - 250 usuarios 1-207,text,true,,7381,250,250,250,https://www.blazedemo.com/reserve.php,3733,0,0
1774386541306,330,2 - Escolher Voo,200,OK,Teste de Carga - 250 usuarios 1-131,text,true,,7381,250,250,250,https://www.blazedemo.com/reserve.php,310,0,0
1774386541369,276,2 - Escolher Voo,200,OK,Teste de Carga - 250 usuarios 1-176,text,true,,7381,250,250,250,https://www.blazedemo.com/reserve.php,255,0,0
1774386541330,320,2 - Escolher Voo,200,OK,Teste de Carga - 250 usuarios 1-173,text,true,,7381,250,250,250,https://www.blazedemo.com/reserve.php,299,0,0
1774386541400,255,1 - Acessar Home,200,OK,Teste de Carga - 250 usuarios 1-155,text,true,,4757,120,250,250,https://www.blazedemo.com/,243,0,0
1774386541339,318,1 - Acessar Home,200,OK,Teste de Carga - 250 usuarios 1-15,text,true,,4757,120,250,250,https://www.blazedemo.com/,306,0,0
1774386541157,505,2 - Escolher Voo,200,OK,Teste de Carga - 250 usuarios 1-83,text,true,,7381,250,250,250,https://www.blazedemo.com/reserve.php,487,0,0
1774386541003,666,3 - Comprar Passagem,200,OK,Teste de Carga - 250 usuarios 1-57,text,true,,6719,420,250,250,https://www.blazedemo.com/purchase.php,653,0,0
1774386541354,319,3 - Comprar Passagem,200,OK,Teste de Carga - 250 usuarios 1-77,text,true,,6719,420,250,250,https://www.blazedemo.com/purchase.php,307,0,0
1774386541096,581,3 - Comprar Passagem,200,OK,Teste de Carga - 250 usuarios 1-16,text,true,,6719,420,250,250,https://www.blazedemo.com/purchase.php,569,0,0
1774386541420,262,3 - Comprar Passagem,200,OK,Teste de Carga - 250 usuarios 1-250,text,true,,6719,420,250,250,https://www.blazedemo.com/purchase.php,250,0,0
1774386540278,1413,1 - Acessar Home,200,OK,Teste de Carga - 250 usuarios 1-65,text,true,,4757,120,250,250,https://www.blazedemo.com/,1401,0,0
1774386541417,276,1 - Acessar Home,200,OK,Teste de Carga - 250 usuarios 1-124,text,true,,4757,120,250,250,https://www.blazedemo.com/,264,0,0
1774386541319,374,3 - Comprar Passagem,200,OK,Teste de Carga - 250 usuarios 1-54,text,true,,6719,420,250,250,https://www.blazedemo.com/purchase.php,362,0,0
1774386541154,542,2 - Escolher Voo,200,OK,Teste de Carga - 250 usuarios 1-152,text,true,,7381,250,250,250,https://www.blazedemo.com/reserve.php,522,0,0
1774386538225,3473,2 - Escolher Voo,200,OK,Teste de Carga - 250 usuarios 1-232,text,true,,7381,250,250,250,https://www.blazedemo.com/reserve.php,3456,0,0
1774386541372,327,3 - Comprar Passagem,200,OK,Teste de Carga - 250 usuarios 1-105,text,true,,6719,420,250,250,https://www.blazedemo.com/purchase.php,315,0,0
1774386541388,312,1 - Acessar Home,200,OK,Teste de Carga - 250 usuarios 1-158,text,true,,4757,120,250,250,https://www.blazedemo.com/,300,0,0
1774386537870,3838,2 - Escolher Voo,200,OK,Teste de Carga - 250 usuarios 1-51,text,true,,7381,250,250,250,https://www.blazedemo.com/reserve.php,3817,0,0
1774386541424,286,3 - Comprar Passagem,200,OK,Teste de Carga - 250 usuarios 1-68,text,true,,6719,420,250,250,https://www.blazedemo.com/purchase.php,272,0,0
1774386541439,278,2 - Escolher Voo,200,OK,Teste de Carga - 250 usuarios 1-80,text,true,,7381,250,250,250,https://www.blazedemo.com/reserve.php,258,0,0
1774386537810,3910,1 - Acessar Home,200,OK,Teste de Carga - 250 usuarios 1-149,text,true,,4757,120,250,250,https://www.blazedemo.com/,3899,0,0
1774386541193,526,3 - Comprar Passagem,200,OK,Teste de Carga - 250 usuarios 1-180,text,true,,6719,420,250,250,https://www.blazedemo.com/purchase.php,514,0,0
1774386541138,581,1 - Acessar Home,200,OK,Teste de Carga - 250 usuarios 1-141,text,true,,4757,120,250,250,https://www.blazedemo.com/,570,0,0
1774386540493,1232,2 - Escolher Voo,200,OK,Teste de Carga - 250 usuarios 1-168,text,true,,7381,250,250,250,https://www.blazedemo.com/reserve.php,1212,0,0
1774386537905,3821,3 - Comprar Passagem,200,OK,Teste de Carga - 250 usuarios 1-163,text,true,,6719,420,250,250,https://www.blazedemo.com/purchase.php,3809,0,0
1774386541292,436,1 - Acessar Home,200,OK,Teste de Carga - 250 usuarios 1-166,text,true,,4757,120,250,250,https://www.blazedemo.com/,426,0,0
1774386541453,278,1 - Acessar Home,200,OK,Teste de Carga - 250 usuarios 1-53,text,true,,4757,120,250,250,https://www.blazedemo.com/,267,0,0
1774386541361,372,3 - Comprar Passagem,200,OK,Teste de Carga - 250 usuarios 1-174,text,true,,6719,420,250,250,https://www.blazedemo.com/purchase.php,362,0,0
1774386541399,335,2 - Escolher Voo,200,OK,Teste de Carga - 250 usuarios 1-238,text,true,,7381,250,250,250,https://www.blazedemo.com/reserve.php,314,0,0
1774386537735,4008,3 - Comprar Passagem,200,OK,Teste de Carga - 250 usuarios 1-159,text,true,,6719,420,250,250,https://www.blazedemo.com/purchase.php,3992,0,0
1774386541314,430,1 - Acessar Home,200,OK,Teste de Carga - 250 usuarios 1-237,text,true,,4757,120,250,250,https://www.blazedemo.com/,418,0,0
1774386540324,1429,1 - Acessar Home,200,OK,Teste de Carga - 250 usuarios 1-148,text,true,,4757,120,250,250,https://www.blazedemo.com/,1417,0,0
1774386541495,257,2 - Escolher Voo,200,OK,Teste de Carga - 250 usuarios 1-56,text,true,,7381,250,250,250,https://www.blazedemo.com/reserve.php,238,0,0
1774386541406,347,2 - Escolher Voo,200,OK,Teste de Carga - 250 usuarios 1-193,text,true,,7381,250,250,250,https://www.blazedemo.com/reserve.php,328,0,0
1774386541486,271,1 - Acessar Home,200,OK,Teste de Carga - 250 usuarios 1-40,text,true,,4757,120,250,250,https://www.blazedemo.com/,259,0,0
1774386541508,251,1 - Acessar Home,200,OK,Teste de Carga - 250 usuarios 1-84,text,true,,4757,120,250,250,https://www.blazedemo.com/,238,0,0
1774386541164,603,1 - Acessar Home,200,OK,Teste de Carga - 250 usuarios 1-217,text,true,,4757,120,250,250,https://www.blazedemo.com/,591,0,0
1774386541517,250,1 - Acessar Home,200,OK,Teste de Carga - 250 usuarios 1-114,text,true,,4757,120,250,250,https://www.blazedemo.com/,238,0,0
1774386537906,3864,3 - Comprar Passagem,200,OK,Teste de Carga - 250 usuarios 1-61,text,true,,6719,420,250,250,https://www.blazedemo.com/purchase.php,3847,0,0
1774386541520,256,3 - Comprar Passagem,200,OK,Teste de Carga - 250 usuarios 1-162,text,true,,6719,420,250,250,https://www.blazedemo.com/purchase.php,244,0,0
1774386541516,263,1 - Acessar Home,200,OK,Teste de Carga - 250 usuarios 1-31,text,true,,4757,120,250,250,https://www.blazedemo.com/,252,0,0
1774386541506,278,1 - Acessar Home,200,OK,Teste de Carga - 250 usuarios 1-169,text,true,,4757,120,250,250,https://www.blazedemo.com/,268,0,0
1774386541497,288,1 - Acessar Home,200,OK,Teste de Carga - 250 usuarios 1-11,text,true,,4757,120,250,250,https://www.blazedemo.com/,275,0,0
1774386538277,3509,2 - Escolher Voo,200,OK,Teste de Carga - 250 usuarios 1-177,text,true,,7381,250,250,250,https://www.blazedemo.com/reserve.php,3489,0,0
1774386541312,488,2 - Escolher Voo,200,OK,Teste de Carga - 250 usuarios 1-197,text,true,,7381,250,250,250,https://www.blazedemo.com/reserve.php,472,0,0
1774386540357,1450,2 - Escolher Voo,200,OK,Teste de Carga - 250 usuarios 1-8,text,true,,7381,250,250,250,https://www.blazedemo.com/reserve.php,1431,0,0
1774386541464,350,3 - Comprar Passagem,200,OK,Teste de Carga - 250 usuarios 1-79,text,true,,6719,420,250,250,https://www.blazedemo.com/purchase.php,338,0,0
1774386541534,283,2 - Escolher Voo,200,OK,Teste de Carga - 250 usuarios 1-88,text,true,,7381,250,250,250,https://www.blazedemo.com/reserve.php,262,0,0
1774386541180,639,3 - Comprar Passagem,200,OK,Teste de Carga - 250 usuarios 1-136,text,true,,6719,420,250,250,https://www.blazedemo.com/purchase.php,628,0,0
1774386541427,395,2 - Escolher Voo,200,OK,Teste de Carga - 250 usuarios 1-216,text,true,,7381,250,250,250,https://www.blazedemo.com/reserve.php,375,0,0
1774386541533,291,1 - Acessar Home,200,OK,Teste de Carga - 250 usuarios 1-184,text,true,,4757,120,250,250,https://www.blazedemo.com/,279,0,0
1774386541415,412,1 - Acessar Home,200,OK,Teste de Carga - 250 usuarios 1-240,text,true,,4757,120,250,250,https://www.blazedemo.com/,399,0,0
1774386541487,344,3 - Comprar Passagem,200,OK,Teste de Carga - 250 usuarios 1-123,text,true,,6719,420,250,250,https://www.blazedemo.com/purchase.php,333,0,0
1774386541517,315,1 - Acessar Home,200,OK,Teste de Carga - 250 usuarios 1-9,text,true,,4757,120,250,250,https://www.blazedemo.com/,305,0,0
1774386540703,1130,1 - Acessar Home,200,OK,Teste de Carga - 250 usuarios 1-36,text,true,,4757,120,250,250,https://www.blazedemo.com/,1119,0,0
1774386538064,3774,3 - Comprar Passagem,200,OK,Teste de Carga - 250 usuarios 1-189,text,true,,6719,420,250,250,https://www.blazedemo.com/purchase.php,3762,0,0
1774386540631,1208,2 - Escolher Voo,200,OK,Teste de Carga - 250 usuarios 1-107,text,true,,7381,250,250,250,https://www.blazedemo.com/reserve.php,1188,0,0
1774386541568,281,1 - Acessar Home,200,OK,Teste de Carga - 250 usuarios 1-186,text,true,,4757,120,250,250,https://www.blazedemo.com/,270,0,0
1774386541542,315,3 - Comprar Passagem,200,OK,Teste de Carga - 250 usuarios 1-111,text,true,,6719,420,250,250,https://www.blazedemo.com/purchase.php,298,0,0
1774386541607,255,3 - Comprar Passagem,200,OK,Teste de Carga - 250 usuarios 1-133,text,true,,6719,420,250,250,https://www.blazedemo.com/purchase.php,243,0,0
1774386541222,643,1 - Acessar Home,200,OK,Teste de Carga - 250 usuarios 1-50,text,true,,4757,120,250,250,https://www.blazedemo.com/,631,0,0
1774386541560,309,3 - Comprar Passagem,200,OK,Teste de Carga - 250 usuarios 1-32,text,true,,6719,420,250,250,https://www.blazedemo.com/purchase.php,296,0,0
1774386541555,319,3 - Comprar Passagem,200,OK,Teste de Carga - 250 usuarios 1-196,text,true,,6719,420,250,250,https://www.blazedemo.com/purchase.php,307,0,0
1774386541614,268,2 - Escolher Voo,200,OK,Teste de Carga - 250 usuarios 1-181,text,true,,7381,250,250,250,https://www.blazedemo.com/reserve.php,248,0,0
1774386538298,3586,2 - Escolher Voo,200,OK,Teste de Carga - 250 usuarios 1-117,text,true,,7381,250,250,250,https://www.blazedemo.com/reserve.php,3566,0,0
1774386541627,257,1 - Acessar Home,200,OK,Teste de Carga - 250 usuarios 1-75,text,true,,4757,120,250,250,https://www.blazedemo.com/,245,0,0
1774386541179,705,2 - Escolher Voo,200,OK,Teste de Carga - 250 usuarios 1-202,text,true,,7381,250,250,250,https://www.blazedemo.com/reserve.php,683,0,0
1774386541623,263,3 - Comprar Passagem,200,OK,Teste de Carga - 250 usuarios 1-74,text,true,,6719,420,250,250,https://www.blazedemo.com/purchase.php,251,0,0
1774386541532,355,2 - Escolher Voo,200,OK,Teste de Carga - 250 usuarios 1-248,text,true,,7381,250,250,250,https://www.blazedemo.com/reserve.php,335,0,0
1774386538607,3288,3 - Comprar Passagem,200,OK,Teste de Carga - 250 usuarios 1-208,text,true,,6719,420,250,250,https://www.blazedemo.com/purchase.php,3272,0,0
1774386541572,327,2 - Escolher Voo,200,OK,Teste de Carga - 250 usuarios 1-26,text,true,,7381,250,250,250,https://www.blazedemo.com/reserve.php,306,0,0
1774386541583,324,1 - Acessar Home,200,OK,Teste de Carga - 250 usuarios 1-130,text,true,,4757,120,250,250,https://www.blazedemo.com/,311,0,0
1774386541567,342,1 - Acessar Home,200,OK,Teste de Carga - 250 usuarios 1-70,text,true,,4757,120,250,250,https://www.blazedemo.com/,330,0,0
1774386538645,3270,1 - Acessar Home,200,OK,Teste de Carga - 250 usuarios 1-246,text,true,,4757,120,250,250,https://www.blazedemo.com/,3258,0,0
1774386541260,655,3 - Comprar Passagem,200,OK,Teste de Carga - 250 usuarios 1-190,text,true,,6719,420,250,250,https://www.blazedemo.com/purchase.php,643,0,0
1774386541591,329,1 - Acessar Home,200,OK,Teste de Carga - 250 usuarios 1-100,text,true,,4757,120,250,250,https://www.blazedemo.com/,318,0,0
1774386541580,346,2 - Escolher Voo,200,OK,Teste de Carga - 250 usuarios 1-5,text,true,,7381,250,250,250,https://www.blazedemo.com/reserve.php,326,0,0
1774386541389,537,3 - Comprar Passagem,200,OK,Teste de Carga - 250 usuarios 1-249,text,true,,6719,420,250,250,https://www.blazedemo.com/purchase.php,520,0,0
1774386541420,509,3 - Comprar Passagem,200,OK,Teste de Carga - 250 usuarios 1-146,text,true,,6719,420,250,250,https://www.blazedemo.com/purchase.php,497,0,0
1774386541559,379,1 - Acessar Home,200,OK,Teste de Carga - 250 usuarios 1-243,text,true,,4757,120,250,250,https://www.blazedemo.com/,366,0,0
1774386541483,457,1 - Acessar Home,200,OK,Teste de Carga - 250 usuarios 1-73,text,true,,4757,120,250,250,https://www.blazedemo.com/,446,0,0
1774386541566,377,3 - Comprar Passagem,200,OK,Teste de Carga - 250 usuarios 1-154,text,true,,6719,420,250,250,https://www.blazedemo.com/purchase.php,361,0,0
1774386541699,252,1 - Acessar Home,200,OK,Teste de Carga - 250 usuarios 1-105,text,true,,4757,120,250,250,https://www.blazedemo.com/,239,0,0
1774386540707,1244,2 - Escolher Voo,200,OK,Teste de Carga - 250 usuarios 1-233,text,true,,7381,250,250,250,https://www.blazedemo.com/reserve.php,1225,0,0
1774386541636,332,3 - Comprar Passagem,200,OK,Teste de Carga - 250 usuarios 1-131,text,true,,6719,420,250,250,https://www.blazedemo.com/purchase.php,320,0,0
1774386538114,3856,1 - Acessar Home,200,OK,Teste de Carga - 250 usuarios 1-39,text,true,,4757,120,250,250,https://www.blazedemo.com/,3844,0,0
1774386540730,1239,2 - Escolher Voo,200,OK,Teste de Carga - 250 usuarios 1-43,text,true,,7381,250,250,250,https://www.blazedemo.com/reserve.php,1217,0,0
1774386538926,3046,1 - Acessar Home,200,OK,Teste de Carga - 250 usuarios 1-78,text,true,,4757,120,250,250,https://www.blazedemo.com/,3034,0,0
1774386541630,345,1 - Acessar Home,200,OK,Teste de Carga - 250 usuarios 1-228,text,true,,4757,120,250,250,https://www.blazedemo.com/,333,0,0
1774386541657,319,2 - Escolher Voo,200,OK,Teste de Carga - 250 usuarios 1-15,text,true,,7381,250,250,250,https://www.blazedemo.com/reserve.php,297,0,0
1774386541662,323,3 - Comprar Passagem,200,OK,Teste de Carga - 250 usuarios 1-83,text,true,,6719,420,250,250,https://www.blazedemo.com/purchase.php,312,0,0
1774386541650,335,3 - Comprar Passagem,200,OK,Teste de Carga - 250 usuarios 1-173,text,true,,6719,420,250,250,https://www.blazedemo.com/purchase.php,323,0,0
1774386541542,445,2 - Escolher Voo,200,OK,Teste de Carga - 250 usuarios 1-164,text,true,,7381,250,250,250,https://www.blazedemo.com/reserve.php,425,0,0
1774386541275,713,3 - Comprar Passagem,200,OK,Teste de Carga - 250 usuarios 1-113,text,true,,6719,420,250,250,https://www.blazedemo.com/purchase.php,702,0,0
1774386541622,373,1 - Acessar Home,200,OK,Teste de Carga - 250 usuarios 1-125,text,true,,4757,120,250,250,https://www.blazedemo.com/,360,0,0
1774386541604,395,1 - Acessar Home,200,OK,Teste de Carga - 250 usuarios 1-242,text,true,,4757,120,250,250,https://www.blazedemo.com/,383,0,0
1774386538362,3640,1 - Acessar Home,200,OK,Teste de Carga - 250 usuarios 1-139,text,true,,4757,120,250,250,https://www.blazedemo.com/,3628,0,0
1774386541753,251,3 - Comprar Passagem,200,OK,Teste de Carga - 250 usuarios 1-193,text,true,,6719,420,250,250,https://www.blazedemo.com/purchase.php,239,0,0
1774386541655,360,2 - Escolher Voo,200,OK,Teste de Carga - 250 usuarios 1-155,text,true,,7381,250,250,250,https://www.blazedemo.com/reserve.php,340,0,0
1774386538180,3836,1 - Acessar Home,200,OK,Teste de Carga - 250 usuarios 1-218,text,true,,4757,120,250,250,https://www.blazedemo.com/,3825,0,0
1774386541630,388,3 - Comprar Passagem,200,OK,Teste de Carga - 250 usuarios 1-207,text,true,,6719,420,250,250,https://www.blazedemo.com/purchase.php,376,0,0
1774386541752,272,3 - Comprar Passagem,200,OK,Teste de Carga - 250 usuarios 1-56,text,true,,6719,420,250,250,https://www.blazedemo.com/purchase.php,260,0,0
1774386541707,318,3 - Comprar Passagem,200,OK,Teste de Carga - 250 usuarios 1-51,text,true,,6719,420,250,250,https://www.blazedemo.com/purchase.php,307,0,0
1774386541435,602,2 - Escolher Voo,200,OK,Teste de Carga - 250 usuarios 1-245,text,true,,7381,250,250,250,https://www.blazedemo.com/reserve.php,580,0,0
1774386541473,564,3 - Comprar Passagem,200,OK,Teste de Carga - 250 usuarios 1-47,text,true,,6719,420,250,250,https://www.blazedemo.com/purchase.php,552,0,0
1774386541614,427,3 - Comprar Passagem,200,OK,Teste de Carga - 250 usuarios 1-206,text,true,,6719,420,250,250,https://www.blazedemo.com/purchase.php,415,0,0
1774386541696,351,3 - Comprar Passagem,200,OK,Teste de Carga - 250 usuarios 1-152,text,true,,6719,420,250,250,https://www.blazedemo.com/purchase.php,339,0,0
1774386541313,737,2 - Escolher Voo,200,OK,Teste de Carga - 250 usuarios 1-67,text,true,,7381,250,250,250,https://www.blazedemo.com/reserve.php,716,0,0
1774386541700,352,2 - Escolher Voo,200,OK,Teste de Carga - 250 usuarios 1-158,text,true,,7381,250,250,250,https://www.blazedemo.com/reserve.php,335,0,0
1774386540832,1225,2 - Escolher Voo,200,OK,Teste de Carga - 250 usuarios 1-179,text,true,,7381,250,250,250,https://www.blazedemo.com/reserve.php,1206,0,0
1774386541742,321,1 - Acessar Home,200,OK,Teste de Carga - 250 usuarios 1-159,text,true,,4757,120,250,250,https://www.blazedemo.com/,309,0,0
1774386541693,373,1 - Acessar Home,200,OK,Teste de Carga - 250 usuarios 1-54,text,true,,4757,120,250,250,https://www.blazedemo.com/,362,0,0
1774386538197,3874,2 - Escolher Voo,200,OK,Teste de Carga - 250 usuarios 1-227,text,true,,7381,250,250,250,https://www.blazedemo.com/reserve.php,3854,0,0
1774386538428,3654,2 - Escolher Voo,200,OK,Teste de Carga - 250 usuarios 1-120,text,true,,7381,250,250,250,https://www.blazedemo.com/reserve.php,3634,0,0
1774386541109,974,1 - Acessar Home,200,OK,Teste de Carga - 250 usuarios 1-144,text,true,,4757,120,250,250,https://www.blazedemo.com/,962,0,0
1774386540905,1184,3 - Comprar Passagem,200,OK,Teste de Carga - 250 usuarios 1-90,text,true,,6719,420,250,250,https://www.blazedemo.com/purchase.php,1170,0,0
1774386538189,3904,1 - Acessar Home,200,OK,Teste de Carga - 250 usuarios 1-71,text,true,,4757,120,250,250,https://www.blazedemo.com/,3892,0,0
1774386541081,1015,1 - Acessar Home,200,OK,Teste de Carga - 250 usuarios 1-195,text,true,,4757,120,250,250,https://www.blazedemo.com/,1004,0,0
1774386541690,409,2 - Escolher Voo,200,OK,Teste de Carga - 250 usuarios 1-65,text,true,,7381,250,250,250,https://www.blazedemo.com/reserve.php,387,0,0
1774386541733,366,1 - Acessar Home,200,OK,Teste de Carga - 250 usuarios 1-174,text,true,,4757,120,250,250,https://www.blazedemo.com/,353,0,0
1774386538239,3862,1 - Acessar Home,200,OK,Teste de Carga - 250 usuarios 1-167,text,true,,4757,120,250,250,https://www.blazedemo.com/,3850,0,0
1774386541392,711,1 - Acessar Home,200,OK,Teste de Carga - 250 usuarios 1-58,text,true,,4757,120,250,250,https://www.blazedemo.com/,699,0,0
1774386541734,369,3 - Comprar Passagem,200,OK,Teste de Carga - 250 usuarios 1-238,text,true,,6719,420,250,250,https://www.blazedemo.com/purchase.php,356,0,0
1774386541849,262,2 - Escolher Voo,200,OK,Teste de Carga - 250 usuarios 1-186,text,true,,7381,250,250,250,https://www.blazedemo.com/reserve.php,241,0,0
1774386541645,466,3 - Comprar Passagem,200,OK,Teste de Carga - 250 usuarios 1-176,text,true,,6719,420,250,250,https://www.blazedemo.com/purchase.php,455,0,0
1774386541697,415,3 - Comprar Passagem,200,OK,Teste de Carga - 250 usuarios 1-232,text,true,,6719,420,250,250,https://www.blazedemo.com/purchase.php,395,0,0
1774386541682,431,1 - Acessar Home,200,OK,Teste de Carga - 250 usuarios 1-250,text,true,,4757,120,250,250,https://www.blazedemo.com/,420,0,0
1774386539178,2937,2 - Escolher Voo,200,OK,Teste de Carga - 250 usuarios 1-97,text,true,,7381,250,250,250,https://www.blazedemo.com/reserve.php,2915,0,0
1774386538976,3142,2 - Escolher Voo,200,OK,Teste de Carga - 250 usuarios 1-109,text,true,,7381,250,250,250,https://www.blazedemo.com/reserve.php,3121,0,0
1774386541711,412,1 - Acessar Home,200,OK,Teste de Carga - 250 usuarios 1-68,text,true,,4757,120,250,250,https://www.blazedemo.com/,397,0,0
1774386541531,599,2 - Escolher Voo,200,OK,Teste de Carga - 250 usuarios 1-128,text,true,,7381,250,250,250,https://www.blazedemo.com/reserve.php,577,0,0
1774386541874,257,1 - Acessar Home,200,OK,Teste de Carga - 250 usuarios 1-196,text,true,,4757,120,250,250,https://www.blazedemo.com/,245,0,0
1774386541724,412,3 - Comprar Passagem,200,OK,Teste de Carga - 250 usuarios 1-168,text,true,,6719,420,250,250,https://www.blazedemo.com/purchase.php,402,0,0
1774386541677,461,1 - Acessar Home,200,OK,Teste de Carga - 250 usuarios 1-16,text,true,,4757,120,250,250,https://www.blazedemo.com/,450,0,0
1774386541121,1017,1 - Acessar Home,200,OK,Teste de Carga - 250 usuarios 1-183,text,true,,4757,120,250,250,https://www.blazedemo.com/,1008,0,0
1774386541784,365,2 - Escolher Voo,200,OK,Teste de Carga - 250 usuarios 1-169,text,true,,7381,250,250,250,https://www.blazedemo.com/reserve.php,344,0,0
1774386541752,400,2 - Escolher Voo,200,OK,Teste de Carga - 250 usuarios 1-148,text,true,,7381,250,250,250,https://www.blazedemo.com/reserve.php,380,0,0
1774386541817,337,3 - Comprar Passagem,200,OK,Teste de Carga - 250 usuarios 1-88,text,true,,6719,420,250,250,https://www.blazedemo.com/purchase.php,324,0,0
1774386541827,335,2 - Escolher Voo,200,OK,Teste de Carga - 250 usuarios 1-240,text,true,,7381,250,250,250,https://www.blazedemo.com/reserve.php,314,0,0
1774386541562,604,2 - Escolher Voo,200,OK,Teste de Carga - 250 usuarios 1-215,text,true,,7381,250,250,250,https://www.blazedemo.com/reserve.php,583,0,0
1774386538462,3708,1 - Acessar Home,200,OK,Teste de Carga - 250 usuarios 1-81,text,true,,4757,120,250,250,https://www.blazedemo.com/,3696,0,0
1774386538555,3632,1 - Acessar Home,200,OK,Teste de Carga - 250 usuarios 1-66,text,true,,4757,120,250,250,https://www.blazedemo.com/,3620,0,0
1774386541769,420,1 - Acessar Home,200,OK,Teste de Carga - 250 usuarios 1-61,text,true,,4757,120,250,250,https://www.blazedemo.com/,408,0,0
1774386541884,308,2 - Escolher Voo,200,OK,Teste de Carga - 250 usuarios 1-75,text,true,,7381,250,250,250,https://www.blazedemo.com/reserve.php,288,0,0
1774386541938,255,2 - Escolher Voo,200,OK,Teste de Carga - 250 usuarios 1-243,text,true,,7381,250,250,250,https://www.blazedemo.com/reserve.php,239,0,0
1774386541776,423,1 - Acessar Home,200,OK,Teste de Carga - 250 usuarios 1-162,text,true,,4757,120,250,250,https://www.blazedemo.com/,410,0,0
1774386541744,456,2 - Escolher Voo,200,OK,Teste de Carga - 250 usuarios 1-237,text,true,,7381,250,250,250,https://www.blazedemo.com/reserve.php,436,0,0
1774386541779,425,2 - Escolher Voo,200,OK,Teste de Carga - 250 usuarios 1-31,text,true,,7381,250,250,250,https://www.blazedemo.com/reserve.php,405,0,0
1774386541819,391,1 - Acessar Home,200,OK,Teste de Carga - 250 usuarios 1-136,text,true,,4757,120,250,250,https://www.blazedemo.com/,380,0,0
1774386538348,3864,3 - Comprar Passagem,200,OK,Teste de Carga - 250 usuarios 1-231,text,true,,6719,420,250,250,https://www.blazedemo.com/purchase.php,3852,0,0
1774386541726,488,1 - Acessar Home,200,OK,Teste de Carga - 250 usuarios 1-163,text,true,,4757,120,250,250,https://www.blazedemo.com/,476,0,0
1774386541926,288,3 - Comprar Passagem,200,OK,Teste de Carga - 250 usuarios 1-5,text,true,,6719,420,250,250,https://www.blazedemo.com/purchase.php,276,0,0
1774386541985,231,1 - Acessar Home,200,OK,Teste de Carga - 250 usuarios 1-173,text,true,,4757,120,250,250,https://www.blazedemo.com/,219,0,0
1774386541617,602,1 - Acessar Home,200,OK,Teste de Carga - 250 usuarios 1-45,text,true,,4757,120,250,250,https://www.blazedemo.com/,590,0,0
1774386541857,366,1 - Acessar Home,200,OK,Teste de Carga - 250 usuarios 1-111,text,true,,4757,120,250,250,https://www.blazedemo.com/,354,0,0
1774386541785,439,3 - Comprar Passagem,200,OK,Teste de Carga - 250 usuarios 1-177,text,true,,6719,420,250,250,https://www.blazedemo.com/purchase.php,427,0,0
1774386541943,286,1 - Acessar Home,200,OK,Teste de Carga - 250 usuarios 1-154,text,true,,4757,120,250,250,https://www.blazedemo.com/,273,0,0
1774386541352,879,2 - Escolher Voo,200,OK,Teste de Carga - 250 usuarios 1-23,text,true,,7381,250,250,250,https://www.blazedemo.com/reserve.php,862,0,0
1774386541719,516,2 - Escolher Voo,200,OK,Teste de Carga - 250 usuarios 1-141,text,true,,7381,250,250,250,https://www.blazedemo.com/reserve.php,493,0,0
1774386541202,1037,1 - Acessar Home,200,OK,Teste de Carga - 250 usuarios 1-241,text,true,,4757,120,250,250,https://www.blazedemo.com/,1025,0,0
1774386538218,4025,3 - Comprar Passagem,200,OK,Teste de Carga - 250 usuarios 1-49,text,true,,6719,420,250,250,https://www.blazedemo.com/purchase.php,4013,0,0
1774386541907,339,2 - Escolher Voo,200,OK,Teste de Carga - 250 usuarios 1-130,text,true,,7381,250,250,250,https://www.blazedemo.com/reserve.php,319,0,0
1774386541969,282,3 - Comprar Passagem,200,OK,Teste de Carga - 250 usuarios 1-43,text,true,,6719,420,250,250,https://www.blazedemo.com/purchase.php,271,0,0
1774386541102,1150,3 - Comprar Passagem,200,OK,Teste de Carga - 250 usuarios 1-35,text,true,,6719,420,250,250,https://www.blazedemo.com/purchase.php,1137,0,0
1774386541865,388,2 - Escolher Voo,200,OK,Teste de Carga - 250 usuarios 1-50,text,true,,7381,250,250,250,https://www.blazedemo.com/reserve.php,367,0,0
1774386538395,3870,1 - Acessar Home,200,OK,Teste de Carga - 250 usuarios 1-18,text,true,,4757,120,250,250,https://www.blazedemo.com/,3859,0,0
1774386541886,381,1 - Acessar Home,200,OK,Teste de Carga - 250 usuarios 1-74,text,true,,4757,120,250,250,https://www.blazedemo.com/,368,0,0
1774386541951,320,2 - Escolher Voo,200,OK,Teste de Carga - 250 usuarios 1-105,text,true,,7381,250,250,250,https://www.blazedemo.com/reserve.php,300,0,0
1774386541165,1109,3 - Comprar Passagem,200,OK,Teste de Carga - 250 usuarios 1-101,text,true,,6719,420,250,250,https://www.blazedemo.com/purchase.php,1095,0,0
1774386541234,1041,3 - Comprar Passagem,200,OK,Teste de Carga - 250 usuarios 1-142,text,true,,6719,420,250,250,https://www.blazedemo.com/purchase.php,1025,0,0
1774386541976,302,3 - Comprar Passagem,200,OK,Teste de Carga - 250 usuarios 1-15,text,true,,6719,420,250,250,https://www.blazedemo.com/purchase.php,290,0,0
1774386541833,446,2 - Escolher Voo,200,OK,Teste de Carga - 250 usuarios 1-36,text,true,,7381,250,250,250,https://www.blazedemo.com/reserve.php,425,0,0
1774386541837,450,1 - Acessar Home,200,OK,Teste de Carga - 250 usuarios 1-189,text,true,,4757,120,250,250,https://www.blazedemo.com/,438,0,0
1774386541995,297,2 - Escolher Voo,200,OK,Teste de Carga - 250 usuarios 1-125,text,true,,7381,250,250,250,https://www.blazedemo.com/reserve.php,276,0,0
1774386542047,248,1 - Acessar Home,200,OK,Teste de Carga - 250 usuarios 1-152,text,true,,4757,120,250,250,https://www.blazedemo.com/,236,0,0
1774386538223,4073,1 - Acessar Home,200,OK,Teste de Carga - 250 usuarios 1-60,text,true,,4757,120,250,250,https://www.blazedemo.com/,4061,0,0
1774386542024,271,1 - Acessar Home,200,OK,Teste de Carga - 250 usuarios 1-56,text,true,,4757,120,250,250,https://www.blazedemo.com/,259,0,0
1774386538604,3695,3 - Comprar Passagem,200,OK,Teste de Carga - 250 usuarios 1-41,text,true,,6719,420,250,250,https://www.blazedemo.com/purchase.php,3684,0,0
1774386541883,417,3 - Comprar Passagem,200,OK,Teste de Carga - 250 usuarios 1-117,text,true,,6719,420,250,250,https://www.blazedemo.com/purchase.php,404,0,0
1774386541386,916,3 - Comprar Passagem,200,OK,Teste de Carga - 250 usuarios 1-115,text,true,,6719,420,250,250,https://www.blazedemo.com/purchase.php,905,0,0
1774386538563,3744,2 - Escolher Voo,200,OK,Teste de Carga - 250 usuarios 1-27,text,true,,7381,250,250,250,https://www.blazedemo.com/reserve.php,3724,0,0
1774386542001,309,2 - Escolher Voo,200,OK,Teste de Carga - 250 usuarios 1-139,text,true,,7381,250,250,250,https://www.blazedemo.com/reserve.php,287,0,0
1774386541929,384,1 - Acessar Home,200,OK,Teste de Carga - 250 usuarios 1-146,text,true,,4757,120,250,250,https://www.blazedemo.com/,372,0,0
1774386541757,560,2 - Escolher Voo,200,OK,Teste de Carga - 250 usuarios 1-40,text,true,,7381,250,250,250,https://www.blazedemo.com/reserve.php,540,0,0
1774386539233,3086,2 - Escolher Voo,200,OK,Teste de Carga - 250 usuarios 1-106,text,true,,7381,250,250,250,https://www.blazedemo.com/reserve.php,3064,0,0
1774386541869,451,1 - Acessar Home,200,OK,Teste de Carga - 250 usuarios 1-32,text,true,,4757,120,250,250,https://www.blazedemo.com/,439,0,0
1774386541814,506,1 - Acessar Home,200,OK,Teste de Carga - 250 usuarios 1-79,text,true,,4757,120,250,250,https://www.blazedemo.com/,496,0,0
1774386541999,326,2 - Escolher Voo,200,OK,Teste de Carga - 250 usuarios 1-242,text,true,,7381,250,250,250,https://www.blazedemo.com/reserve.php,305,0,0
1774386541926,402,1 - Acessar Home,200,OK,Teste de Carga - 250 usuarios 1-249,text,true,,4757,120,250,250,https://www.blazedemo.com/,391,0,0
1774386539279,3050,3 - Comprar Passagem,200,OK,Teste de Carga - 250 usuarios 1-219,text,true,,6719,420,250,250,https://www.blazedemo.com/purchase.php,3038,0,0
1774386541832,499,2 - Escolher Voo,200,OK,Teste de Carga - 250 usuarios 1-9,text,true,,7381,250,250,250,https://www.blazedemo.com/reserve.php,479,0,0
1774386541988,345,1 - Acessar Home,200,OK,Teste de Carga - 250 usuarios 1-113,text,true,,4757,120,250,250,https://www.blazedemo.com/,335,0,0
1774386541839,499,3 - Comprar Passagem,200,OK,Teste de Carga - 250 usuarios 1-107,text,true,,6719,420,250,250,https://www.blazedemo.com/purchase.php,487,0,0
1774386542082,264,3 - Comprar Passagem,200,OK,Teste de Carga - 250 usuarios 1-120,text,true,,6719,420,250,250,https://www.blazedemo.com/purchase.php,250,0,0
1774386542015,345,3 - Comprar Passagem,200,OK,Teste de Carga - 250 usuarios 1-155,text,true,,6719,420,250,250,https://www.blazedemo.com/purchase.php,331,0,0
1774386538239,4125,1 - Acessar Home,200,OK,Teste de Carga - 250 usuarios 1-236,text,true,,4757,120,250,250,https://www.blazedemo.com/,4112,0,0
1774386542050,318,3 - Comprar Passagem,200,OK,Teste de Carga - 250 usuarios 1-67,text,true,,6719,420,250,250,https://www.blazedemo.com/purchase.php,304,0,0
1774386542092,276,2 - Escolher Voo,200,OK,Teste de Carga - 250 usuarios 1-71,text,true,,7381,250,250,250,https://www.blazedemo.com/reserve.php,253,0,0
1774386541456,913,2 - Escolher Voo,200,OK,Teste de Carga - 250 usuarios 1-224,text,true,,7381,250,250,250,https://www.blazedemo.com/reserve.php,892,0,0
1774386542053,320,3 - Comprar Passagem,200,OK,Teste de Carga - 250 usuarios 1-158,text,true,,6719,420,250,250,https://www.blazedemo.com/purchase.php,308,0,0
1774386541916,464,1 - Acessar Home,200,OK,Teste de Carga - 250 usuarios 1-190,text,true,,4757,120,250,250,https://www.blazedemo.com/,453,0,0
1774386538475,3915,1 - Acessar Home,200,OK,Teste de Carga - 250 usuarios 1-38,text,true,,4757,120,250,250,https://www.blazedemo.com/,3903,0,0
1774386541513,880,1 - Acessar Home,200,OK,Teste de Carga - 250 usuarios 1-17,text,true,,4757,120,250,250,https://www.blazedemo.com/,868,0,0
1774386542018,376,1 - Acessar Home,200,OK,Teste de Carga - 250 usuarios 1-207,text,true,,4757,120,250,250,https://www.blazedemo.com/,362,0,0
1774386542063,331,2 - Escolher Voo,200,OK,Teste de Carga - 250 usuarios 1-159,text,true,,7381,250,250,250,https://www.blazedemo.com/reserve.php,311,0,0
1774386542103,293,2 - Escolher Voo,200,OK,Teste de Carga - 250 usuarios 1-58,text,true,,7381,250,250,250,https://www.blazedemo.com/reserve.php,273,0,0
1774386542037,359,3 - Comprar Passagem,200,OK,Teste de Carga - 250 usuarios 1-245,text,true,,6719,420,250,250,https://www.blazedemo.com/purchase.php,308,0,0
1774386541920,488,2 - Escolher Voo,200,OK,Teste de Carga - 250 usuarios 1-100,text,true,,7381,250,250,250,https://www.blazedemo.com/reserve.php,467,0,0
1774386538782,3628,1 - Acessar Home,200,OK,Teste de Carga - 250 usuarios 1-203,text,true,,4757,120,250,250,https://www.blazedemo.com/,3616,0,0
1774386538723,3689,2 - Escolher Voo,200,OK,Teste de Carga - 250 usuarios 1-103,text,true,,7381,250,250,250,https://www.blazedemo.com/reserve.php,3669,0,0
1774386538470,3946,1 - Acessar Home,200,OK,Teste de Carga - 250 usuarios 1-150,text,true,,4757,120,250,250,https://www.blazedemo.com/,3935,0,0
1774386541882,537,3 - Comprar Passagem,200,OK,Teste de Carga - 250 usuarios 1-181,text,true,,6719,420,250,250,https://www.blazedemo.com/purchase.php,524,0,0
1774386541323,1098,1 - Acessar Home,200,OK,Teste de Carga - 250 usuarios 1-69,text,true,,4757,120,250,250,https://www.blazedemo.com/,1087,0,0
1774386541286,1140,3 - Comprar Passagem,200,OK,Teste de Carga - 250 usuarios 1-14,text,true,,6719,420,250,250,https://www.blazedemo.com/purchase.php,1124,0,0
1774386542025,402,1 - Acessar Home,200,OK,Teste de Carga - 250 usuarios 1-51,text,true,,4757,120,250,250,https://www.blazedemo.com/,390,0,0
1774386542117,315,3 - Comprar Passagem,200,OK,Teste de Carga - 250 usuarios 1-109,text,true,,6719,420,250,250,https://www.blazedemo.com/purchase.php,303,0,0
1774386541887,545,3 - Comprar Passagem,200,OK,Teste de Carga - 250 usuarios 1-248,text,true,,6719,420,250,250,https://www.blazedemo.com/purchase.php,533,0,0
1774386538254,4182,1 - Acessar Home,200,OK,Teste de Carga - 250 usuarios 1-12,text,true,,4757,120,250,250,https://www.blazedemo.com/,4171,0,0
1774386541985,451,1 - Acessar Home,200,OK,Teste de Carga - 250 usuarios 1-83,text,true,,4757,120,250,250,https://www.blazedemo.com/,432,0,0
1774386542189,253,2 - Escolher Voo,200,OK,Teste de Carga - 250 usuarios 1-61,text,true,,7381,250,250,250,https://www.blazedemo.com/reserve.php,236,0,0
1774386541594,848,3 - Comprar Passagem,200,OK,Teste de Carga - 250 usuarios 1-171,text,true,,6719,420,250,250,https://www.blazedemo.com/purchase.php,836,0,0
1774386542057,393,3 - Comprar Passagem,200,OK,Teste de Carga - 250 usuarios 1-179,text,true,,6719,420,250,250,https://www.blazedemo.com/purchase.php,380,0,0
1774386542037,427,1 - Acessar Home,200,OK,Teste de Carga - 250 usuarios 1-47,text,true,,4757,120,250,250,https://www.blazedemo.com/,415,0,0
1774386542103,363,1 - Acessar Home,200,OK,Teste de Carga - 250 usuarios 1-238,text,true,,4757,120,250,250,https://www.blazedemo.com/,350,0,0
1774386541975,502,2 - Escolher Voo,200,OK,Teste de Carga - 250 usuarios 1-228,text,true,,7381,250,250,250,https://www.blazedemo.com/reserve.php,487,0,0
1774386542149,332,3 - Comprar Passagem,200,OK,Teste de Carga - 250 usuarios 1-169,text,true,,6719,420,250,250,https://www.blazedemo.com/purchase.php,315,0,0
1774386542211,274,1 - Acessar Home,200,OK,Teste de Carga - 250 usuarios 1-231,text,true,,4757,120,250,250,https://www.blazedemo.com/,263,0,0
1774386542066,421,2 - Escolher Voo,200,OK,Teste de Carga - 250 usuarios 1-54,text,true,,7381,250,250,250,https://www.blazedemo.com/reserve.php,401,0,0
1774386541673,817,1 - Acessar Home,200,OK,Teste de Carga - 250 usuarios 1-77,text,true,,4757,120,250,250,https://www.blazedemo.com/,806,0,0
1774386539532,2960,1 - Acessar Home,200,OK,Teste de Carga - 250 usuarios 1-48,text,true,,4757,120,250,250,https://www.blazedemo.com/,2950,0,0
1774386542153,341,3 - Comprar Passagem,200,OK,Teste de Carga - 250 usuarios 1-148,text,true,,6719,420,250,250,https://www.blazedemo.com/purchase.php,329,0,0
1774386542199,305,2 - Escolher Voo,200,OK,Teste de Carga - 250 usuarios 1-162,text,true,,7381,250,250,250,https://www.blazedemo.com/reserve.php,285,0,0
1774386542235,282,3 - Comprar Passagem,200,OK,Teste de Carga - 250 usuarios 1-141,text,true,,6719,420,250,250,https://www.blazedemo.com/purchase.php,265,0,0
1774386542138,386,2 - Escolher Voo,200,OK,Teste de Carga - 250 usuarios 1-16,text,true,,7381,250,250,250,https://www.blazedemo.com/reserve.php,366,0,0
1774386542138,391,2 - Escolher Voo,200,OK,Teste de Carga - 250 usuarios 1-183,text,true,,7381,250,250,250,https://www.blazedemo.com/reserve.php,370,0,0
1774386541987,544,3 - Comprar Passagem,200,OK,Teste de Carga - 250 usuarios 1-164,text,true,,6719,420,250,250,https://www.blazedemo.com/purchase.php,528,0,0
1774386542267,269,2 - Escolher Voo,200,OK,Teste de Carga - 250 usuarios 1-74,text,true,,7381,250,250,250,https://www.blazedemo.com/reserve.php,248,0,0
1774386542070,466,3 - Comprar Passagem,200,OK,Teste de Carga - 250 usuarios 1-227,text,true,,6719,420,250,250,https://www.blazedemo.com/purchase.php,450,0,0
1774386541971,565,2 - Escolher Voo,200,OK,Teste de Carga - 250 usuarios 1-78,text,true,,7381,250,250,250,https://www.blazedemo.com/reserve.php,545,0,0
1774386542131,409,2 - Escolher Voo,200,OK,Teste de Carga - 250 usuarios 1-196,text,true,,7381,250,250,250,https://www.blazedemo.com/reserve.php,388,0,0
1774386539579,2963,1 - Acessar Home,200,OK,Teste de Carga - 250 usuarios 1-226,text,true,,4757,120,250,250,https://www.blazedemo.com/,2951,0,0
1774386542083,460,2 - Escolher Voo,200,OK,Teste de Carga - 250 usuarios 1-144,text,true,,7381,250,250,250,https://www.blazedemo.com/reserve.php,443,0,0
1774386538955,3591,2 - Escolher Voo,200,OK,Teste de Carga - 250 usuarios 1-33,text,true,,7381,250,250,250,https://www.blazedemo.com/reserve.php,3570,0,0
1774386542279,280,3 - Comprar Passagem,200,OK,Teste de Carga - 250 usuarios 1-36,text,true,,6719,420,250,250,https://www.blazedemo.com/purchase.php,268,0,0
1774386538648,3914,2 - Escolher Voo,200,OK,Teste de Carga - 250 usuarios 1-220,text,true,,7381,250,250,250,https://www.blazedemo.com/reserve.php,3895,0,0
1774386542096,473,2 - Escolher Voo,200,OK,Teste de Carga - 250 usuarios 1-195,text,true,,7381,250,250,250,https://www.blazedemo.com/reserve.php,451,0,0
1774386541582,988,1 - Acessar Home,200,OK,Teste de Carga - 250 usuarios 1-132,text,true,,4757,120,250,250,https://www.blazedemo.com/,975,0,0
1774386542299,271,1 - Acessar Home,200,OK,Teste de Carga - 250 usuarios 1-41,text,true,,4757,120,250,250,https://www.blazedemo.com/,257,0,0
1774386542214,363,2 - Escolher Voo,200,OK,Teste de Carga - 250 usuarios 1-163,text,true,,7381,250,250,250,https://www.blazedemo.com/reserve.php,342,0,0
1774386542295,284,2 - Escolher Voo,200,OK,Teste de Carga - 250 usuarios 1-56,text,true,,7381,250,250,250,https://www.blazedemo.com/reserve.php,264,0,0
1774386542114,469,2 - Escolher Voo,200,OK,Teste de Carga - 250 usuarios 1-250,text,true,,7381,250,250,250,https://www.blazedemo.com/reserve.php,449,0,0
1774386538275,4309,1 - Acessar Home,200,OK,Teste de Carga - 250 usuarios 1-37,text,true,,4757,120,250,250,https://www.blazedemo.com/,4298,0,0
1774386542313,281,2 - Escolher Voo,200,OK,Teste de Carga - 250 usuarios 1-146,text,true,,7381,250,250,250,https://www.blazedemo.com/reserve.php,260,0,0
1774386542334,263,2 - Escolher Voo,200,OK,Teste de Carga - 250 usuarios 1-113,text,true,,7381,250,250,250,https://www.blazedemo.com/reserve.php,246,0,0
1774386542264,333,2 - Escolher Voo,200,OK,Teste de Carga - 250 usuarios 1-18,text,true,,7381,250,250,250,https://www.blazedemo.com/reserve.php,312,0,0
1774386541800,798,3 - Comprar Passagem,200,OK,Teste de Carga - 250 usuarios 1-197,text,true,,6719,420,250,250,https://www.blazedemo.com/purchase.php,786,0,0
1774386541767,841,2 - Escolher Voo,200,OK,Teste de Carga - 250 usuarios 1-217,text,true,,7381,250,250,250,https://www.blazedemo.com/reserve.php,820,0,0
1774386542278,335,1 - Acessar Home,200,OK,Teste de Carga - 250 usuarios 1-15,text,true,,4757,120,250,250,https://www.blazedemo.com/,322,0,0
1774386542186,430,2 - Escolher Voo,200,OK,Teste de Carga - 250 usuarios 1-66,text,true,,7381,250,250,250,https://www.blazedemo.com/reserve.php,409,0,0
1774386542338,282,1 - Acessar Home,200,OK,Teste de Carga - 250 usuarios 1-107,text,true,,4757,120,250,250,https://www.blazedemo.com/,271,0,0
1774386542112,508,1 - Acessar Home,200,OK,Teste de Carga - 250 usuarios 1-176,text,true,,4757,120,250,250,https://www.blazedemo.com/,478,0,0
1774386542192,432,3 - Comprar Passagem,200,OK,Teste de Carga - 250 usuarios 1-75,text,true,,6719,420,250,250,https://www.blazedemo.com/purchase.php,420,0,0
1774386542229,395,2 - Escolher Voo,200,OK,Teste de Carga - 250 usuarios 1-154,text,true,,7381,250,250,250,https://www.blazedemo.com/reserve.php,375,0,0
1774386542089,536,1 - Acessar Home,200,OK,Teste de Carga - 250 usuarios 1-90,text,true,,4757,120,250,250,https://www.blazedemo.com/,524,0,0
1774386542346,282,1 - Acessar Home,200,OK,Teste de Carga - 250 usuarios 1-120,text,true,,4757,120,250,250,https://www.blazedemo.com/,271,0,0
1774386541717,912,3 - Comprar Passagem,200,OK,Teste de Carga - 250 usuarios 1-80,text,true,,6719,420,250,250,https://www.blazedemo.com/purchase.php,900,0,0
1774386542231,402,3 - Comprar Passagem,200,OK,Teste de Carga - 250 usuarios 1-23,text,true,,6719,420,250,250,https://www.blazedemo.com/purchase.php,390,0,0
1774386542130,503,3 - Comprar Passagem,200,OK,Teste de Carga - 250 usuarios 1-128,text,true,,6719,420,250,250,https://www.blazedemo.com/purchase.php,491,0,0
1774386541831,802,1 - Acessar Home,200,OK,Teste de Carga - 250 usuarios 1-123,text,true,,4757,120,250,250,https://www.blazedemo.com/,792,0,0
1774386542306,332,3 - Comprar Passagem,200,OK,Teste de Carga - 250 usuarios 1-27,text,true,,6719,420,250,250,https://www.blazedemo.com/purchase.php,321,0,0
1774386542099,545,3 - Comprar Passagem,200,OK,Teste de Carga - 250 usuarios 1-65,text,true,,6719,420,250,250,https://www.blazedemo.com/purchase.php,533,0,0
1774386542369,276,3 - Comprar Passagem,200,OK,Teste de Carga - 250 usuarios 1-224,text,true,,6719,420,250,250,https://www.blazedemo.com/purchase.php,264,0,0
1774386538974,3682,2 - Escolher Voo,200,OK,Teste de Carga - 250 usuarios 1-59,text,true,,7381,250,250,250,https://www.blazedemo.com/reserve.php,3662,0,0
1774386539089,3570,2 - Escolher Voo,200,OK,Teste de Carga - 250 usuarios 1-2,text,true,,7381,250,250,250,https://www.blazedemo.com/reserve.php,3552,0,0
1774386542216,448,2 - Escolher Voo,200,OK,Teste de Carga - 250 usuarios 1-173,text,true,,7381,250,250,250,https://www.blazedemo.com/reserve.php,431,0,0
1774386542100,564,2 - Escolher Voo,200,OK,Teste de Carga - 250 usuarios 1-167,text,true,,7381,250,250,250,https://www.blazedemo.com/reserve.php,547,0,0
1774386542363,301,2 - Escolher Voo,200,OK,Teste de Carga - 250 usuarios 1-236,text,true,,7381,250,250,250,https://www.blazedemo.com/reserve.php,281,0,0
1774386539670,2996,1 - Acessar Home,200,OK,Teste de Carga - 250 usuarios 1-247,text,true,,4757,120,250,250,https://www.blazedemo.com/,2984,0,0
1774386541824,848,2 - Escolher Voo,200,OK,Teste de Carga - 250 usuarios 1-184,text,true,,7381,250,250,250,https://www.blazedemo.com/reserve.php,828,0,0
1774386539644,3035,1 - Acessar Home,200,OK,Teste de Carga - 250 usuarios 1-175,text,true,,4757,120,250,250,https://www.blazedemo.com/,3023,0,0
1774386542318,363,3 - Comprar Passagem,200,OK,Teste de Carga - 250 usuarios 1-106,text,true,,6719,420,250,250,https://www.blazedemo.com/purchase.php,351,0,0
1774386542214,476,1 - Acessar Home,200,OK,Teste de Carga - 250 usuarios 1-5,text,true,,4757,120,250,250,https://www.blazedemo.com/,463,0,0
1774386542396,296,3 - Comprar Passagem,200,OK,Teste de Carga - 250 usuarios 1-58,text,true,,6719,420,250,250,https://www.blazedemo.com/purchase.php,284,0,0
1774386542114,584,3 - Comprar Passagem,200,OK,Teste de Carga - 250 usuarios 1-97,text,true,,6719,420,250,250,https://www.blazedemo.com/purchase.php,572,0,0
1774386538715,3986,3 - Comprar Passagem,200,OK,Teste de Carga - 250 usuarios 1-201,text,true,,6719,420,250,250,https://www.blazedemo.com/purchase.php,3974,0,0
1774386542408,298,3 - Comprar Passagem,200,OK,Teste de Carga - 250 usuarios 1-100,text,true,,6719,420,250,250,https://www.blazedemo.com/purchase.php,286,0,0
1774386542432,279,1 - Acessar Home,200,OK,Teste de Carga - 250 usuarios 1-248,text,true,,4757,120,250,250,https://www.blazedemo.com/,267,0,0
1774386538400,4315,3 - Comprar Passagem,200,OK,Teste de Carga - 250 usuarios 1-145,text,true,,6719,420,250,250,https://www.blazedemo.com/purchase.php,4302,0,0
1774386542223,492,2 - Escolher Voo,200,OK,Teste de Carga - 250 usuarios 1-111,text,true,,7381,250,250,250,https://www.blazedemo.com/reserve.php,476,0,0
1774386542393,324,2 - Escolher Voo,200,OK,Teste de Carga - 250 usuarios 1-17,text,true,,7381,250,250,250,https://www.blazedemo.com/reserve.php,304,0,0
1774386542111,622,3 - Comprar Passagem,200,OK,Teste de Carga - 250 usuarios 1-186,text,true,,6719,420,250,250,https://www.blazedemo.com/purchase.php,610,0,0
1774386542210,523,2 - Escolher Voo,200,OK,Teste de Carga - 250 usuarios 1-136,text,true,,7381,250,250,250,https://www.blazedemo.com/reserve.php,503,0,0
1774386541863,878,1 - Acessar Home,200,OK,Teste de Carga - 250 usuarios 1-133,text,true,,4757,120,250,250,https://www.blazedemo.com/,866,0,0
1774386541894,849,1 - Acessar Home,200,OK,Teste de Carga - 250 usuarios 1-208,text,true,,4757,120,250,250,https://www.blazedemo.com/,837,0,0
1774386542271,473,3 - Comprar Passagem,200,OK,Teste de Carga - 250 usuarios 1-105,text,true,,6719,420,250,250,https://www.blazedemo.com/purchase.php,461,0,0
1774386542320,426,2 - Escolher Voo,200,OK,Teste de Carga - 250 usuarios 1-32,text,true,,7381,250,250,250,https://www.blazedemo.com/reserve.php,407,0,0
1774386542162,596,3 - Comprar Passagem,200,OK,Teste de Carga - 250 usuarios 1-240,text,true,,6719,420,250,250,https://www.blazedemo.com/purchase.php,580,0,0
1774386542487,272,3 - Comprar Passagem,200,OK,Teste de Carga - 250 usuarios 1-54,text,true,,6719,420,250,250,https://www.blazedemo.com/purchase.php,260,0,0
1774386542481,279,1 - Acessar Home,200,OK,Teste de Carga - 250 usuarios 1-169,text,true,,4757,120,250,250,https://www.blazedemo.com/,267,0,0
1774386539073,3699,3 - Comprar Passagem,200,OK,Teste de Carga - 250 usuarios 1-96,text,true,,6719,420,250,250,https://www.blazedemo.com/purchase.php,3687,0,0
1774386542295,476,2 - Escolher Voo,200,OK,Teste de Carga - 250 usuarios 1-60,text,true,,7381,250,250,250,https://www.blazedemo.com/reserve.php,455,0,0
1774386542253,519,3 - Comprar Passagem,200,OK,Teste de Carga - 250 usuarios 1-50,text,true,,6719,420,250,250,https://www.blazedemo.com/purchase.php,506,0,0
1774386539170,3614,1 - Acessar Home,200,OK,Teste de Carga - 250 usuarios 1-214,text,true,,4757,120,250,250,https://www.blazedemo.com/,3602,0,0
1774386542491,295,2 - Escolher Voo,200,OK,Teste de Carga - 250 usuarios 1-48,text,true,,7381,250,250,250,https://www.blazedemo.com/reserve.php,275,0,0
1774386541899,887,3 - Comprar Passagem,200,OK,Teste de Carga - 250 usuarios 1-26,text,true,,6719,420,250,250,https://www.blazedemo.com/purchase.php,874,0,0
1774386542224,566,1 - Acessar Home,200,OK,Teste de Carga - 250 usuarios 1-177,text,true,,4757,120,250,250,https://www.blazedemo.com/,554,0,0
1774386542409,383,2 - Escolher Voo,200,OK,Teste de Carga - 250 usuarios 1-203,text,true,,7381,250,250,250,https://www.blazedemo.com/reserve.php,366,0,0
1774386539677,3130,1 - Acessar Home,200,OK,Teste de Carga - 250 usuarios 1-92,text,true,,4757,120,250,250,https://www.blazedemo.com/,3118,0,0
1774386542559,251,1 - Acessar Home,200,OK,Teste de Carga - 250 usuarios 1-36,text,true,,4757,120,250,250,https://www.blazedemo.com/,237,0,0
1774386542251,560,1 - Acessar Home,200,OK,Teste de Carga - 250 usuarios 1-43,text,true,,4757,120,250,250,https://www.blazedemo.com/,548,0,0
1774386542427,387,2 - Escolher Voo,200,OK,Teste de Carga - 250 usuarios 1-51,text,true,,7381,250,250,250,https://www.blazedemo.com/reserve.php,367,0,0
1774386542536,287,3 - Comprar Passagem,200,OK,Teste de Carga - 250 usuarios 1-74,text,true,,6719,420,250,250,https://www.blazedemo.com/purchase.php,275,0,0
1774386542276,553,1 - Acessar Home,200,OK,Teste de Carga - 250 usuarios 1-142,text,true,,4757,120,250,250,https://www.blazedemo.com/,541,0,0
1774386541822,1011,3 - Comprar Passagem,200,OK,Teste de Carga - 250 usuarios 1-216,text,true,,6719,420,250,250,https://www.blazedemo.com/purchase.php,1000,0,0
1774386542450,384,1 - Acessar Home,200,OK,Teste de Carga - 250 usuarios 1-179,text,true,,4757,120,250,250,https://www.blazedemo.com/,372,0,0
1774386542570,265,2 - Escolher Voo,200,OK,Teste de Carga - 250 usuarios 1-41,text,true,,7381,250,250,250,https://www.blazedemo.com/reserve.php,245,0,0
1774386538785,4060,2 - Escolher Voo,200,OK,Teste de Carga - 250 usuarios 1-222,text,true,,7381,250,250,250,https://www.blazedemo.com/reserve.php,4041,0,0
1774386542239,608,2 - Escolher Voo,200,OK,Teste de Carga - 250 usuarios 1-241,text,true,,7381,250,250,250,https://www.blazedemo.com/reserve.php,588,0,0
1774386542368,484,3 - Comprar Passagem,200,OK,Teste de Carga - 250 usuarios 1-71,text,true,,6719,420,250,250,https://www.blazedemo.com/purchase.php,468,0,0
1774386542320,533,2 - Escolher Voo,200,OK,Teste de Carga - 250 usuarios 1-79,text,true,,7381,250,250,250,https://www.blazedemo.com/reserve.php,512,0,0
1774386542204,649,3 - Comprar Passagem,200,OK,Teste de Carga - 250 usuarios 1-31,text,true,,6719,420,250,250,https://www.blazedemo.com/purchase.php,637,0,0
1774386541940,914,2 - Escolher Voo,200,OK,Teste de Carga - 250 usuarios 1-73,text,true,,7381,250,250,250,https://www.blazedemo.com/reserve.php,894,0,0
1774386542219,643,2 - Escolher Voo,200,OK,Teste de Carga - 250 usuarios 1-45,text,true,,7381,250,250,250,https://www.blazedemo.com/reserve.php,628,0,0
1774386542536,330,1 - Acessar Home,200,OK,Teste de Carga - 250 usuarios 1-227,text,true,,4757,120,250,250,https://www.blazedemo.com/,317,0,0
1774386542540,331,3 - Comprar Passagem,200,OK,Teste de Carga - 250 usuarios 1-196,text,true,,6719,420,250,250,https://www.blazedemo.com/purchase.php,319,0,0
1774386542624,254,1 - Acessar Home,200,OK,Teste de Carga - 250 usuarios 1-75,text,true,,4757,120,250,250,https://www.blazedemo.com/,243,0,0
1774386538502,4378,2 - Escolher Voo,200,OK,Teste de Carga - 250 usuarios 1-93,text,true,,7381,250,250,250,https://www.blazedemo.com/reserve.php,4357,0,0
1774386542373,507,1 - Acessar Home,200,OK,Teste de Carga - 250 usuarios 1-158,text,true,,4757,120,250,250,https://www.blazedemo.com/,494,0,0
1774386539263,3618,1 - Acessar Home,200,OK,Teste de Carga - 250 usuarios 1-143,text,true,,4757,120,250,250,https://www.blazedemo.com/,3607,0,0
1774386542620,266,2 - Escolher Voo,200,OK,Teste de Carga - 250 usuarios 1-176,text,true,,7381,250,250,250,https://www.blazedemo.com/reserve.php,252,0,0
1774386542569,322,3 - Comprar Passagem,200,OK,Teste de Carga - 250 usuarios 1-195,text,true,,6719,420,250,250,https://www.blazedemo.com/purchase.php,311,0,0
1774386542246,647,3 - Comprar Passagem,200,OK,Teste de Carga - 250 usuarios 1-130,text,true,,6719,420,250,250,https://www.blazedemo.com/purchase.php,630,0,0
1774386542490,413,2 - Escolher Voo,200,OK,Teste de Carga - 250 usuarios 1-77,text,true,,7381,250,250,250,https://www.blazedemo.com/reserve.php,392,0,0
1774386542633,274,1 - Acessar Home,200,OK,Teste de Carga - 250 usuarios 1-23,text,true,,4757,120,250,250,https://www.blazedemo.com/,263,0,0
1774386542583,327,3 - Comprar Passagem,200,OK,Teste de Carga - 250 usuarios 1-250,text,true,,6719,420,250,250,https://www.blazedemo.com/purchase.php,312,0,0
1774386541969,946,2 - Escolher Voo,200,OK,Teste de Carga - 250 usuarios 1-39,text,true,,7381,250,250,250,https://www.blazedemo.com/reserve.php,926,0,0
1774386542613,308,2 - Escolher Voo,200,OK,Teste de Carga - 250 usuarios 1-15,text,true,,7381,250,250,250,https://www.blazedemo.com/reserve.php,287,0,0
1774386542435,491,2 - Escolher Voo,200,OK,Teste de Carga - 250 usuarios 1-12,text,true,,7381,250,250,250,https://www.blazedemo.com/reserve.php,471,0,0
1774386542644,284,1 - Acessar Home,200,OK,Teste de Carga - 250 usuarios 1-65,text,true,,4757,120,250,250,https://www.blazedemo.com/,273,0,0
1774386538591,4339,3 - Comprar Passagem,200,OK,Teste de Carga - 250 usuarios 1-7,text,true,,6719,420,250,250,https://www.blazedemo.com/purchase.php,4323,0,0
1774386542597,333,3 - Comprar Passagem,200,OK,Teste de Carga - 250 usuarios 1-113,text,true,,6719,420,250,250,https://www.blazedemo.com/purchase.php,321,0,0
1774386542626,306,2 - Escolher Voo,200,OK,Teste de Carga - 250 usuarios 1-90,text,true,,7381,250,250,250,https://www.blazedemo.com/reserve.php,286,0,0
1774386542678,262,2 - Escolher Voo,200,OK,Teste de Carga - 250 usuarios 1-175,text,true,,7381,250,250,250,https://www.blazedemo.com/reserve.php,242,0,0
1774386542242,698,1 - Acessar Home,200,OK,Teste de Carga - 250 usuarios 1-49,text,true,,4757,120,250,250,https://www.blazedemo.com/,686,0,0
1774386542041,908,1 - Acessar Home,200,OK,Teste de Carga - 250 usuarios 1-206,text,true,,4757,120,250,250,https://www.blazedemo.com/,897,0,0
1774386542633,318,1 - Acessar Home,200,OK,Teste de Carga - 250 usuarios 1-128,text,true,,4757,120,250,250,https://www.blazedemo.com/,307,0,0
1774386542394,562,2 - Escolher Voo,200,OK,Teste de Carga - 250 usuarios 1-207,text,true,,7381,250,250,250,https://www.blazedemo.com/reserve.php,542,0,0
1774386542524,433,3 - Comprar Passagem,200,OK,Teste de Carga - 250 usuarios 1-16,text,true,,6719,420,250,250,https://www.blazedemo.com/purchase.php,421,0,0
1774386542004,954,1 - Acessar Home,200,OK,Teste de Carga - 250 usuarios 1-193,text,true,,4757,120,250,250,https://www.blazedemo.com/,943,0,0
1774386542706,261,1 - Acessar Home,200,OK,Teste de Carga - 250 usuarios 1-100,text,true,,4757,120,250,250,https://www.blazedemo.com/,248,0,0
1774386542681,296,1 - Acessar Home,200,OK,Teste de Carga - 250 usuarios 1-106,text,true,,4757,120,250,250,https://www.blazedemo.com/,284,0,0
1774386542597,385,3 - Comprar Passagem,200,OK,Teste de Carga - 250 usuarios 1-18,text,true,,6719,420,250,250,https://www.blazedemo.com/purchase.php,372,0,0
1774386542154,837,1 - Acessar Home,200,OK,Teste de Carga - 250 usuarios 1-88,text,true,,4757,120,250,250,https://www.blazedemo.com/,825,0,0
1774386542616,375,3 - Comprar Passagem,200,OK,Teste de Carga - 250 usuarios 1-66,text,true,,6719,420,250,250,https://www.blazedemo.com/purchase.php,362,0,0
1774386539759,3237,2 - Escolher Voo,200,OK,Teste de Carga - 250 usuarios 1-198,text,true,,7381,250,250,250,https://www.blazedemo.com/reserve.php,3220,0,0
1774386542436,563,2 - Escolher Voo,200,OK,Teste de Carga - 250 usuarios 1-83,text,true,,7381,250,250,250,https://www.blazedemo.com/reserve.php,542,0,0
1774386542699,301,1 - Acessar Home,200,OK,Teste de Carga - 250 usuarios 1-97,text,true,,4757,120,250,250,https://www.blazedemo.com/,289,0,0
1774386542700,302,1 - Acessar Home,200,OK,Teste de Carga - 250 usuarios 1-201,text,true,,4757,120,250,250,https://www.blazedemo.com/,291,0,0
1774386542579,426,3 - Comprar Passagem,200,OK,Teste de Carga - 250 usuarios 1-56,text,true,,6719,420,250,250,https://www.blazedemo.com/purchase.php,412,0,0
1774386542620,394,2 - Escolher Voo,200,OK,Teste de Carga - 250 usuarios 1-107,text,true,,7381,250,250,250,https://www.blazedemo.com/reserve.php,374,0,0
1774386542772,244,1 - Acessar Home,200,OK,Teste de Carga - 250 usuarios 1-50,text,true,,4757,120,250,250,https://www.blazedemo.com/,232,0,0
1774386542664,361,3 - Comprar Passagem,200,OK,Teste de Carga - 250 usuarios 1-167,text,true,,6719,420,250,250,https://www.blazedemo.com/purchase.php,350,0,0
1774386542711,317,2 - Escolher Voo,200,OK,Teste de Carga - 250 usuarios 1-248,text,true,,7381,250,250,250,https://www.blazedemo.com/reserve.php,297,0,0
1774386542292,737,3 - Comprar Passagem,200,OK,Teste de Carga - 250 usuarios 1-125,text,true,,6719,420,250,250,https://www.blazedemo.com/purchase.php,725,0,0
1774386542274,759,1 - Acessar Home,200,OK,Teste de Carga - 250 usuarios 1-101,text,true,,4757,120,250,250,https://www.blazedemo.com/,748,0,0
1774386542295,746,2 - Escolher Voo,200,OK,Teste de Carga - 250 usuarios 1-152,text,true,,7381,250,250,250,https://www.blazedemo.com/reserve.php,729,0,0
1774386542772,276,3 - Comprar Passagem,200,OK,Teste de Carga - 250 usuarios 1-60,text,true,,6719,420,250,250,https://www.blazedemo.com/purchase.php,264,0,0
1774386542624,425,3 - Comprar Passagem,200,OK,Teste de Carga - 250 usuarios 1-154,text,true,,6719,420,250,250,https://www.blazedemo.com/purchase.php,406,0,0
1774386542328,731,2 - Escolher Voo,200,OK,Teste de Carga - 250 usuarios 1-249,text,true,,7381,250,250,250,https://www.blazedemo.com/reserve.php,711,0,0
1774386542658,404,3 - Comprar Passagem,200,OK,Teste de Carga - 250 usuarios 1-2,text,true,,6719,420,250,250,https://www.blazedemo.com/purchase.php,391,0,0
1774386542759,306,1 - Acessar Home,200,OK,Teste de Carga - 250 usuarios 1-54,text,true,,4757,120,250,250,https://www.blazedemo.com/,294,0,0
1774386542665,406,2 - Escolher Voo,200,OK,Teste de Carga - 250 usuarios 1-247,text,true,,7381,250,250,250,https://www.blazedemo.com/reserve.php,390,0,0
1774386542733,339,3 - Comprar Passagem,200,OK,Teste de Carga - 250 usuarios 1-136,text,true,,6719,420,250,250,https://www.blazedemo.com/purchase.php,327,0,0
1774386538777,4298,2 - Escolher Voo,200,OK,Teste de Carga - 250 usuarios 1-121,text,true,,7381,250,250,250,https://www.blazedemo.com/reserve.php,4278,0,0
1774386542733,349,1 - Acessar Home,200,OK,Teste de Carga - 250 usuarios 1-186,text,true,,4757,120,250,250,https://www.blazedemo.com/,336,0,0
1774386542634,451,2 - Escolher Voo,200,OK,Teste de Carga - 250 usuarios 1-123,text,true,,7381,250,250,250,https://www.blazedemo.com/reserve.php,430,0,0
1774386542847,249,3 - Comprar Passagem,200,OK,Teste de Carga - 250 usuarios 1-241,text,true,,6719,420,250,250,https://www.blazedemo.com/purchase.php,238,0,0
1774386542835,261,3 - Comprar Passagem,200,OK,Teste de Carga - 250 usuarios 1-41,text,true,,6719,420,250,250,https://www.blazedemo.com/purchase.php,250,0,0
1774386542790,307,2 - Escolher Voo,200,OK,Teste de Carga - 250 usuarios 1-177,text,true,,7381,250,250,250,https://www.blazedemo.com/reserve.php,287,0,0
1774386539997,3106,1 - Acessar Home,200,OK,Teste de Carga - 250 usuarios 1-1,text,true,,4757,120,250,250,https://www.blazedemo.com/,3095,0,0
1774386542783,319,2 - Escolher Voo,200,OK,Teste de Carga - 250 usuarios 1-214,text,true,,7381,250,250,250,https://www.blazedemo.com/reserve.php,298,0,0
1774386542442,664,1 - Acessar Home,200,OK,Teste de Carga - 250 usuarios 1-171,text,true,,4757,120,250,250,https://www.blazedemo.com/,652,0,0
1774386542866,240,2 - Escolher Voo,200,OK,Teste de Carga - 250 usuarios 1-227,text,true,,7381,250,250,250,https://www.blazedemo.com/reserve.php,223,0,0
1774386539727,3390,2 - Escolher Voo,200,OK,Teste de Carga - 250 usuarios 1-28,text,true,,7381,250,250,250,https://www.blazedemo.com/reserve.php,3369,0,0
1774386542814,304,3 - Comprar Passagem,200,OK,Teste de Carga - 250 usuarios 1-51,text,true,,6719,420,250,250,https://www.blazedemo.com/purchase.php,289,0,0
1774386542169,952,2 - Escolher Voo,200,OK,Teste de Carga - 250 usuarios 1-81,text,true,,7381,250,250,250,https://www.blazedemo.com/reserve.php,931,0,0
1774386542325,799,3 - Comprar Passagem,200,OK,Teste de Carga - 250 usuarios 1-242,text,true,,6719,420,250,250,https://www.blazedemo.com/purchase.php,787,0,0
1774386542577,549,3 - Comprar Passagem,200,OK,Teste de Carga - 250 usuarios 1-163,text,true,,6719,420,250,250,https://www.blazedemo.com/purchase.php,533,0,0
1774386542743,384,2 - Escolher Voo,200,OK,Teste de Carga - 250 usuarios 1-208,text,true,,7381,250,250,250,https://www.blazedemo.com/reserve.php,363,0,0
1774386542200,940,3 - Comprar Passagem,200,OK,Teste de Carga - 250 usuarios 1-237,text,true,,6719,420,250,250,https://www.blazedemo.com/purchase.php,927,0,0
1774386540064,3077,1 - Acessar Home,200,OK,Teste de Carga - 250 usuarios 1-182,text,true,,4757,120,250,250,https://www.blazedemo.com/,3063,0,0
1774386542806,339,2 - Escolher Voo,200,OK,Teste de Carga - 250 usuarios 1-92,text,true,,7381,250,250,250,https://www.blazedemo.com/reserve.php,319,0,0
1774386542464,683,2 - Escolher Voo,200,OK,Teste de Carga - 250 usuarios 1-47,text,true,,7381,250,250,250,https://www.blazedemo.com/reserve.php,661,0,0
1774386542853,298,3 - Comprar Passagem,200,OK,Teste de Carga - 250 usuarios 1-79,text,true,,6719,420,250,250,https://www.blazedemo.com/purchase.php,286,0,0
1774386542690,465,2 - Escolher Voo,200,OK,Teste de Carga - 250 usuarios 1-5,text,true,,7381,250,250,250,https://www.blazedemo.com/reserve.php,445,0,0
1774386542926,236,3 - Comprar Passagem,200,OK,Teste de Carga - 250 usuarios 1-12,text,true,,6719,420,250,250,https://www.blazedemo.com/purchase.php,224,0,0
1774386542880,283,2 - Escolher Voo,200,OK,Teste de Carga - 250 usuarios 1-158,text,true,,7381,250,250,250,https://www.blazedemo.com/reserve.php,263,0,0
1774386542811,355,2 - Escolher Voo,200,OK,Teste de Carga - 250 usuarios 1-43,text,true,,7381,250,250,250,https://www.blazedemo.com/reserve.php,339,0,0
1774386542880,288,2 - Escolher Voo,200,OK,Teste de Carga - 250 usuarios 1-143,text,true,,7381,250,250,250,https://www.blazedemo.com/reserve.php,265,0,0
1774386542915,262,3 - Comprar Passagem,200,OK,Teste de Carga - 250 usuarios 1-39,text,true,,6719,420,250,250,https://www.blazedemo.com/purchase.php,250,0,0
1774386542746,436,3 - Comprar Passagem,200,OK,Teste de Carga - 250 usuarios 1-32,text,true,,6719,420,250,250,https://www.blazedemo.com/purchase.php,425,0,0
1774386542852,332,1 - Acessar Home,200,OK,Teste de Carga - 250 usuarios 1-71,text,true,,4757,120,250,250,https://www.blazedemo.com/,322,0,0
1774386542758,427,1 - Acessar Home,200,OK,Teste de Carga - 250 usuarios 1-240,text,true,,4757,120,250,250,https://www.blazedemo.com/,415,0,0
1774386542833,359,1 - Acessar Home,200,OK,Teste de Carga - 250 usuarios 1-216,text,true,,4757,120,250,250,https://www.blazedemo.com/,347,0,0
1774386539802,3400,2 - Escolher Voo,200,OK,Teste de Carga - 250 usuarios 1-87,text,true,,7381,250,250,250,https://www.blazedemo.com/reserve.php,3383,0,0
1774386542598,606,1 - Acessar Home,200,OK,Teste de Carga - 250 usuarios 1-197,text,true,,4757,120,250,250,https://www.blazedemo.com/,594,0,0
1774386542466,740,2 - Escolher Voo,200,OK,Teste de Carga - 250 usuarios 1-238,text,true,,7381,250,250,250,https://www.blazedemo.com/reserve.php,720,0,0
1774386542477,738,3 - Comprar Passagem,200,OK,Teste de Carga - 250 usuarios 1-228,text,true,,6719,420,250,250,https://www.blazedemo.com/purchase.php,725,0,0
1774386538894,4324,1 - Acessar Home,200,OK,Teste de Carga - 250 usuarios 1-86,text,true,,4757,120,250,250,https://www.blazedemo.com/,4312,0,0
1774386542786,435,1 - Acessar Home,200,OK,Teste de Carga - 250 usuarios 1-26,text,true,,4757,120,250,250,https://www.blazedemo.com/,423,0,0
1774386542541,681,2 - Escolher Voo,200,OK,Teste de Carga - 250 usuarios 1-226,text,true,,7381,250,250,250,https://www.blazedemo.com/reserve.php,661,0,0
1774386542930,293,1 - Acessar Home,200,OK,Teste de Carga - 250 usuarios 1-113,text,true,,4757,120,250,250,https://www.blazedemo.com/,282,0,0
1774386542940,288,2 - Escolher Voo,200,OK,Teste de Carga - 250 usuarios 1-49,text,true,,7381,250,250,250,https://www.blazedemo.com/reserve.php,271,0,0
1774386542929,299,1 - Acessar Home,200,OK,Teste de Carga - 250 usuarios 1-7,text,true,,4757,120,250,250,https://www.blazedemo.com/,287,0,0
1774386542543,692,3 - Comprar Passagem,200,OK,Teste de Carga - 250 usuarios 1-144,text,true,,6719,420,250,250,https://www.blazedemo.com/purchase.php,680,0,0
1774386542922,316,3 - Comprar Passagem,200,OK,Teste de Carga - 250 usuarios 1-15,text,true,,6719,420,250,250,https://www.blazedemo.com/purchase.php,304,0,0
1774386542928,313,2 - Escolher Voo,200,OK,Teste de Carga - 250 usuarios 1-65,text,true,,7381,250,250,250,https://www.blazedemo.com/reserve.php,293,0,0
1774386542982,265,1 - Acessar Home,200,OK,Teste de Carga - 250 usuarios 1-18,text,true,,4757,120,250,250,https://www.blazedemo.com/,253,0,0
1774386542834,415,2 - Escolher Voo,200,OK,Teste de Carga - 250 usuarios 1-179,text,true,,7381,250,250,250,https://www.blazedemo.com/reserve.php,394,0,0
1774386542903,347,3 - Comprar Passagem,200,OK,Teste de Carga - 250 usuarios 1-77,text,true,,6719,420,250,250,https://www.blazedemo.com/purchase.php,335,0,0
1774386542999,266,3 - Comprar Passagem,200,OK,Teste de Carga - 250 usuarios 1-83,text,true,,6719,420,250,250,https://www.blazedemo.com/purchase.php,253,0,0
1774386540087,3185,2 - Escolher Voo,200,OK,Teste de Carga - 250 usuarios 1-230,text,true,,7381,250,250,250,https://www.blazedemo.com/reserve.php,3154,0,0
1774386543014,258,3 - Comprar Passagem,200,OK,Teste de Carga - 250 usuarios 1-107,text,true,,6719,420,250,250,https://www.blazedemo.com/purchase.php,245,0,0
1774386542952,325,2 - Escolher Voo,200,OK,Teste de Carga - 250 usuarios 1-128,text,true,,7381,250,250,250,https://www.blazedemo.com/reserve.php,304,0,0
1774386542300,979,1 - Acessar Home,200,OK,Teste de Carga - 250 usuarios 1-117,text,true,,4757,120,250,250,https://www.blazedemo.com/,967,0,0
1774386542360,920,1 - Acessar Home,200,OK,Teste de Carga - 250 usuarios 1-155,text,true,,4757,120,250,250,https://www.blazedemo.com/,907,0,0
1774386542629,655,1 - Acessar Home,200,OK,Teste de Carga - 250 usuarios 1-80,text,true,,4757,120,250,250,https://www.blazedemo.com/,643,0,0
1774386542991,295,1 - Acessar Home,200,OK,Teste de Carga - 250 usuarios 1-66,text,true,,4757,120,250,250,https://www.blazedemo.com/,281,0,0
1774386543005,281,1 - Acessar Home,200,OK,Teste de Carga - 250 usuarios 1-56,text,true,,4757,120,250,250,https://www.blazedemo.com/,269,0,0
1774386542771,527,1 - Acessar Home,200,OK,Teste de Carga - 250 usuarios 1-96,text,true,,4757,120,250,250,https://www.blazedemo.com/,514,0,0
1774386542692,613,1 - Acessar Home,200,OK,Teste de Carga - 250 usuarios 1-58,text,true,,4757,120,250,250,https://www.blazedemo.com/,601,0,0
1774386543002,303,2 - Escolher Voo,200,OK,Teste de Carga - 250 usuarios 1-201,text,true,,7381,250,250,250,https://www.blazedemo.com/reserve.php,282,0,0
1774386542932,373,3 - Comprar Passagem,200,OK,Teste de Carga - 250 usuarios 1-90,text,true,,6719,420,250,250,https://www.blazedemo.com/purchase.php,362,0,0
1774386539218,4088,2 - Escolher Voo,200,OK,Teste de Carga - 250 usuarios 1-161,text,true,,7381,250,250,250,https://www.blazedemo.com/reserve.php,4072,0,0
1774386542893,412,1 - Acessar Home,200,OK,Teste de Carga - 250 usuarios 1-130,text,true,,4757,120,250,250,https://www.blazedemo.com/,400,0,0
1774386543029,288,1 - Acessar Home,200,OK,Teste de Carga - 250 usuarios 1-125,text,true,,4757,120,250,250,https://www.blazedemo.com/,277,0,0
1774386543041,281,3 - Comprar Passagem,200,OK,Teste de Carga - 250 usuarios 1-152,text,true,,6719,420,250,250,https://www.blazedemo.com/purchase.php,269,0,0
1774386542878,446,2 - Escolher Voo,200,OK,Teste de Carga - 250 usuarios 1-75,text,true,,7381,250,250,250,https://www.blazedemo.com/reserve.php,426,0,0
1774386543048,284,1 - Acessar Home,200,OK,Teste de Carga - 250 usuarios 1-60,text,true,,4757,120,250,250,https://www.blazedemo.com/,272,0,0
1774386542741,593,2 - Escolher Voo,200,OK,Teste de Carga - 250 usuarios 1-133,text,true,,7381,250,250,250,https://www.blazedemo.com/reserve.php,573,0,0
1774386543082,260,2 - Escolher Voo,200,OK,Teste de Carga - 250 usuarios 1-186,text,true,,7381,250,250,250,https://www.blazedemo.com/reserve.php,240,0,0
1774386543062,285,1 - Acessar Home,200,OK,Teste de Carga - 250 usuarios 1-2,text,true,,4757,120,250,250,https://www.blazedemo.com/,273,0,0
1774386540161,3190,3 - Comprar Passagem,200,OK,Teste de Carga - 250 usuarios 1-134,text,true,,6719,420,250,250,https://www.blazedemo.com/purchase.php,3174,0,0
1774386543072,281,1 - Acessar Home,200,OK,Teste de Carga - 250 usuarios 1-136,text,true,,4757,120,250,250,https://www.blazedemo.com/,270,0,0
1774386542977,377,2 - Escolher Voo,200,OK,Teste de Carga - 250 usuarios 1-106,text,true,,7381,250,250,250,https://www.blazedemo.com/reserve.php,360,0,0
1774386543097,263,1 - Acessar Home,200,OK,Teste de Carga - 250 usuarios 1-241,text,true,,4757,120,250,250,https://www.blazedemo.com/,252,0,0
1774386539481,3883,3 - Comprar Passagem,200,OK,Teste de Carga - 250 usuarios 1-10,text,true,,6719,420,250,250,https://www.blazedemo.com/purchase.php,3867,0,0
1774386542672,695,3 - Comprar Passagem,200,OK,Teste de Carga - 250 usuarios 1-184,text,true,,6719,420,250,250,https://www.blazedemo.com/purchase.php,683,0,0
1774386542829,543,2 - Escolher Voo,200,OK,Teste de Carga - 250 usuarios 1-142,text,true,,7381,250,250,250,https://www.blazedemo.com/reserve.php,526,0,0
1774386542715,663,3 - Comprar Passagem,200,OK,Teste de Carga - 250 usuarios 1-111,text,true,,6719,420,250,250,https://www.blazedemo.com/purchase.php,651,0,0
1774386542485,893,2 - Escolher Voo,200,OK,Teste de Carga - 250 usuarios 1-231,text,true,,7381,250,250,250,https://www.blazedemo.com/reserve.php,874,0,0
1774386543074,306,3 - Comprar Passagem,200,OK,Teste de Carga - 250 usuarios 1-121,text,true,,6719,420,250,250,https://www.blazedemo.com/purchase.php,293,0,0
1774386543106,275,2 - Escolher Voo,200,OK,Teste de Carga - 250 usuarios 1-171,text,true,,7381,250,250,250,https://www.blazedemo.com/reserve.php,254,0,0
1774386542949,443,2 - Escolher Voo,200,OK,Teste de Carga - 250 usuarios 1-206,text,true,,7381,250,250,250,https://www.blazedemo.com/reserve.php,422,0,0
1774386543121,283,3 - Comprar Passagem,200,OK,Teste de Carga - 250 usuarios 1-81,text,true,,6719,420,250,250,https://www.blazedemo.com/purchase.php,269,0,0
1774386539906,3502,1 - Acessar Home,200,OK,Teste de Carga - 250 usuarios 1-165,text,true,,4757,120,250,250,https://www.blazedemo.com/,3489,0,0
1774386543140,269,1 - Acessar Home,200,OK,Teste de Carga - 250 usuarios 1-237,text,true,,4757,120,250,250,https://www.blazedemo.com/,255,0,0
1774386542426,983,1 - Acessar Home,200,OK,Teste de Carga - 250 usuarios 1-14,text,true,,4757,120,250,250,https://www.blazedemo.com/,971,0,0
1774386543116,293,3 - Comprar Passagem,200,OK,Teste de Carga - 250 usuarios 1-28,text,true,,6719,420,250,250,https://www.blazedemo.com/purchase.php,281,0,0
1774386542517,896,1 - Acessar Home,200,OK,Teste de Carga - 250 usuarios 1-141,text,true,,4757,120,250,250,https://www.blazedemo.com/,887,0,0
1774386543065,352,2 - Escolher Voo,200,OK,Teste de Carga - 250 usuarios 1-54,text,true,,7381,250,250,250,https://www.blazedemo.com/reserve.php,332,0,0
1774386543140,281,2 - Escolher Voo,200,OK,Teste de Carga - 250 usuarios 1-182,text,true,,7381,250,250,250,https://www.blazedemo.com/reserve.php,264,0,0
1774386542956,467,3 - Comprar Passagem,200,OK,Teste de Carga - 250 usuarios 1-207,text,true,,6719,420,250,250,https://www.blazedemo.com/purchase.php,454,0,0
1774386542862,562,3 - Comprar Passagem,200,OK,Teste de Carga - 250 usuarios 1-45,text,true,,6719,420,250,250,https://www.blazedemo.com/purchase.php,546,0,0
1774386539296,4135,3 - Comprar Passagem,200,OK,Teste de Carga - 250 usuarios 1-118,text,true,,6719,420,250,250,https://www.blazedemo.com/purchase.php,4122,0,0
1774386543182,249,1 - Acessar Home,200,OK,Teste de Carga - 250 usuarios 1-32,text,true,,4757,120,250,250,https://www.blazedemo.com/,237,0,0
1774386543151,285,1 - Acessar Home,200,OK,Teste de Carga - 250 usuarios 1-79,text,true,,4757,120,250,250,https://www.blazedemo.com/,273,0,0
1774386543162,280,1 - Acessar Home,200,OK,Teste de Carga - 250 usuarios 1-12,text,true,,4757,120,250,250,https://www.blazedemo.com/,269,0,0
1774386542494,948,1 - Acessar Home,200,OK,Teste de Carga - 250 usuarios 1-148,text,true,,4757,120,250,250,https://www.blazedemo.com/,935,0,0
1774386543184,259,2 - Escolher Voo,200,OK,Teste de Carga - 250 usuarios 1-71,text,true,,7381,250,250,250,https://www.blazedemo.com/reserve.php,239,0,0
1774386542957,494,1 - Acessar Home,200,OK,Teste de Carga - 250 usuarios 1-16,text,true,,4757,120,250,250,https://www.blazedemo.com/,483,0,0
1774386543177,276,1 - Acessar Home,200,OK,Teste de Carga - 250 usuarios 1-39,text,true,,4761,120,250,250,https://www.blazedemo.com/,265,0,0
1774386543097,358,1 - Acessar Home,200,OK,Teste de Carga - 250 usuarios 1-41,text,true,,4757,120,250,250,https://www.blazedemo.com/,346,0,0
1774386543106,352,3 - Comprar Passagem,200,OK,Teste de Carga - 250 usuarios 1-227,text,true,,6719,420,250,250,https://www.blazedemo.com/purchase.php,340,0,0
1774386543206,253,3 - Comprar Passagem,200,OK,Teste de Carga - 250 usuarios 1-238,text,true,,6719,420,250,250,https://www.blazedemo.com/purchase.php,241,0,0
1774386543185,276,2 - Escolher Voo,200,OK,Teste de Carga - 250 usuarios 1-240,text,true,,7381,250,250,250,https://www.blazedemo.com/reserve.php,256,0,0
1774386540191,3279,2 - Escolher Voo,200,OK,Teste de Carga - 250 usuarios 1-194,text,true,,7381,250,250,250,https://www.blazedemo.com/reserve.php,3258,0,0
1774386542714,762,1 - Acessar Home,200,OK,Teste de Carga - 250 usuarios 1-145,text,true,,4757,120,250,250,https://www.blazedemo.com/,751,0,0
1774386543155,323,3 - Comprar Passagem,200,OK,Teste de Carga - 250 usuarios 1-5,text,true,,6719,420,250,250,https://www.blazedemo.com/purchase.php,311,0,0
1774386539503,3983,2 - Escolher Voo,200,OK,Teste de Carga - 250 usuarios 1-210,text,true,,7381,250,250,250,https://www.blazedemo.com/reserve.php,3967,0,0
1774386542744,742,1 - Acessar Home,200,OK,Teste de Carga - 250 usuarios 1-105,text,true,,4757,120,250,250,https://www.blazedemo.com/,731,0,0
1774386543028,458,3 - Comprar Passagem,200,OK,Teste de Carga - 250 usuarios 1-248,text,true,,6719,420,250,250,https://www.blazedemo.com/purchase.php,448,0,0
1774386543201,286,3 - Comprar Passagem,200,OK,Teste de Carga - 250 usuarios 1-87,text,true,,6719,420,250,250,https://www.blazedemo.com/purchase.php,275,0,0
1774386542760,735,2 - Escolher Voo,200,OK,Teste de Carga - 250 usuarios 1-169,text,true,,7381,250,250,250,https://www.blazedemo.com/reserve.php,714,0,0
1774386539506,3995,2 - Escolher Voo,200,OK,Teste de Carga - 250 usuarios 1-156,text,true,,7381,250,250,250,https://www.blazedemo.com/reserve.php,3975,0,0
1774386543127,379,3 - Comprar Passagem,200,OK,Teste de Carga - 250 usuarios 1-208,text,true,,6719,420,250,250,https://www.blazedemo.com/purchase.php,363,0,0
1774386542879,629,3 - Comprar Passagem,200,OK,Teste de Carga - 250 usuarios 1-93,text,true,,6719,420,250,250,https://www.blazedemo.com/purchase.php,617,0,0
1774386543228,286,2 - Escolher Voo,200,OK,Teste de Carga - 250 usuarios 1-7,text,true,,7381,250,250,250,https://www.blazedemo.com/reserve.php,265,0,0
1774386542531,988,1 - Acessar Home,200,OK,Teste de Carga - 250 usuarios 1-164,text,true,,4757,120,250,250,https://www.blazedemo.com/,976,0,0
1774386543228,292,3 - Comprar Passagem,200,OK,Teste de Carga - 250 usuarios 1-49,text,true,,6719,420,250,250,https://www.blazedemo.com/purchase.php,279,0,0
1774386542561,964,3 - Comprar Passagem,200,OK,Teste de Carga - 250 usuarios 1-220,text,true,,6719,420,250,250,https://www.blazedemo.com/purchase.php,952,0,0
1774386543239,295,1 - Acessar Home,200,OK,Teste de Carga - 250 usuarios 1-15,text,true,,4757,120,250,250,https://www.blazedemo.com/,283,0,0
1774386543016,518,2 - Escolher Voo,200,OK,Teste de Carga - 250 usuarios 1-50,text,true,,7381,250,250,250,https://www.blazedemo.com/reserve.php,497,0,0
1774386543241,295,3 - Comprar Passagem,200,OK,Teste de Carga - 250 usuarios 1-65,text,true,,6719,420,250,250,https://www.blazedemo.com/purchase.php,283,0,0
1774386542958,578,2 - Escolher Voo,200,OK,Teste de Carga - 250 usuarios 1-193,text,true,,7381,250,250,250,https://www.blazedemo.com/reserve.php,557,0,0
1774386543284,258,2 - Escolher Voo,200,OK,Teste de Carga - 250 usuarios 1-80,text,true,,7381,250,250,250,https://www.blazedemo.com/reserve.php,238,0,0
1774386539334,4211,1 - Acessar Home,200,OK,Teste de Carga - 250 usuarios 1-187,text,true,,4757,120,250,250,https://www.blazedemo.com/,4199,0,0
1774386543071,475,3 - Comprar Passagem,200,OK,Teste de Carga - 250 usuarios 1-247,text,true,,6719,420,250,250,https://www.blazedemo.com/purchase.php,459,0,0
1774386543102,446,2 - Escolher Voo,200,OK,Teste de Carga - 250 usuarios 1-1,text,true,,7381,250,250,250,https://www.blazedemo.com/reserve.php,429,0,0
1774386543277,271,3 - Comprar Passagem,200,OK,Teste de Carga - 250 usuarios 1-128,text,true,,6719,420,250,250,https://www.blazedemo.com/purchase.php,259,0,0
1774386543298,253,2 - Escolher Voo,200,OK,Teste de Carga - 250 usuarios 1-96,text,true,,7381,250,250,250,https://www.blazedemo.com/reserve.php,234,0,0
1774386543223,336,2 - Escolher Voo,200,OK,Teste de Carga - 250 usuarios 1-113,text,true,,7381,250,250,250,https://www.blazedemo.com/reserve.php,315,0,0
1774386543221,339,2 - Escolher Voo,200,OK,Teste de Carga - 250 usuarios 1-26,text,true,,7381,250,250,250,https://www.blazedemo.com/reserve.php,318,0,0
1774386543280,286,2 - Escolher Voo,200,OK,Teste de Carga - 250 usuarios 1-155,text,true,,7381,250,250,250,https://www.blazedemo.com/reserve.php,265,0,0
1774386540438,3135,2 - Escolher Voo,200,OK,Teste de Carga - 250 usuarios 1-72,text,true,,7381,250,250,250,https://www.blazedemo.com/reserve.php,3118,0,0
1774386543147,438,3 - Comprar Passagem,200,OK,Teste de Carga - 250 usuarios 1-47,text,true,,6719,420,250,250,https://www.blazedemo.com/purchase.php,425,0,0
1774386543305,283,3 - Comprar Passagem,200,OK,Teste de Carga - 250 usuarios 1-201,text,true,,6719,420,250,250,https://www.blazedemo.com/purchase.php,271,0,0
1774386543324,264,3 - Comprar Passagem,200,OK,Teste de Carga - 250 usuarios 1-75,text,true,,6719,420,250,250,https://www.blazedemo.com/purchase.php,252,0,0
1774386543247,352,2 - Escolher Voo,200,OK,Teste de Carga - 250 usuarios 1-18,text,true,,7381,250,250,250,https://www.blazedemo.com/reserve.php,331,0,0
1774386543287,313,2 - Escolher Voo,200,OK,Teste de Carga - 250 usuarios 1-56,text,true,,7381,250,250,250,https://www.blazedemo.com/reserve.php,293,0,0
1774386539519,4086,3 - Comprar Passagem,200,OK,Teste de Carga - 250 usuarios 1-235,text,true,,6719,420,250,250,https://www.blazedemo.com/purchase.php,4074,0,0
1774386543235,369,1 - Acessar Home,200,OK,Teste de Carga - 250 usuarios 1-144,text,true,,4757,120,250,250,https://www.blazedemo.com/,357,0,0
1774386543167,440,3 - Comprar Passagem,200,OK,Teste de Carga - 250 usuarios 1-43,text,true,,6719,420,250,250,https://www.blazedemo.com/purchase.php,424,0,0
1774386542907,713,2 - Escolher Voo,200,OK,Teste de Carga - 250 usuarios 1-23,text,true,,7381,250,250,250,https://www.blazedemo.com/reserve.php,692,0,0
1774386543271,351,3 - Comprar Passagem,200,OK,Teste de Carga - 250 usuarios 1-230,text,true,,6719,420,250,250,https://www.blazedemo.com/purchase.php,341,0,0
1774386543102,520,3 - Comprar Passagem,200,OK,Teste de Carga - 250 usuarios 1-214,text,true,,6719,420,250,250,https://www.blazedemo.com/purchase.php,508,0,0
1774386543334,292,3 - Comprar Passagem,200,OK,Teste de Carga - 250 usuarios 1-133,text,true,,6719,420,250,250,https://www.blazedemo.com/purchase.php,280,0,0
1774386543392,235,3 - Comprar Passagem,200,OK,Teste de Carga - 250 usuarios 1-206,text,true,,6719,420,250,250,https://www.blazedemo.com/purchase.php,221,0,0
1774386542995,633,3 - Comprar Passagem,200,OK,Teste de Carga - 250 usuarios 1-198,text,true,,6719,420,250,250,https://www.blazedemo.com/purchase.php,619,0,0
1774386542608,1023,3 - Comprar Passagem,200,OK,Teste de Carga - 250 usuarios 1-217,text,true,,6719,420,250,250,https://www.blazedemo.com/purchase.php,1005,0,0
1774386543306,328,1 - Acessar Home,200,OK,Teste de Carga - 250 usuarios 1-90,text,true,,4757,120,250,250,https://www.blazedemo.com/,316,0,0
1774386542645,990,1 - Acessar Home,200,OK,Teste de Carga - 250 usuarios 1-224,text,true,,4757,120,250,250,https://www.blazedemo.com/,979,0,0
1774386543372,266,3 - Comprar Passagem,200,OK,Teste de Carga - 250 usuarios 1-142,text,true,,6719,420,250,250,https://www.blazedemo.com/purchase.php,254,0,0
1774386543378,260,3 - Comprar Passagem,200,OK,Teste de Carga - 250 usuarios 1-231,text,true,,6719,420,250,250,https://www.blazedemo.com/purchase.php,248,0,0
1774386543342,300,3 - Comprar Passagem,200,OK,Teste de Carga - 250 usuarios 1-186,text,true,,6719,420,250,250,https://www.blazedemo.com/purchase.php,288,0,0
1774386543332,310,2 - Escolher Voo,200,OK,Teste de Carga - 250 usuarios 1-60,text,true,,7381,250,250,250,https://www.blazedemo.com/reserve.php,290,0,0
1774386543306,338,3 - Comprar Passagem,200,OK,Teste de Carga - 250 usuarios 1-161,text,true,,6719,420,250,250,https://www.blazedemo.com/purchase.php,325,0,0
1774386543360,287,2 - Escolher Voo,200,OK,Teste de Carga - 250 usuarios 1-241,text,true,,7381,250,250,250,https://www.blazedemo.com/reserve.php,267,0,0
1774386540648,3016,1 - Acessar Home,200,OK,Teste de Carga - 250 usuarios 1-127,text,true,,4757,120,250,250,https://www.blazedemo.com/,3004,0,0
1774386543378,286,1 - Acessar Home,200,OK,Teste de Carga - 250 usuarios 1-111,text,true,,4757,120,250,250,https://www.blazedemo.com/,275,0,0
1774386543367,299,1 - Acessar Home,200,OK,Teste de Carga - 250 usuarios 1-184,text,true,,4757,120,250,250,https://www.blazedemo.com/,287,0,0
1774386543407,266,2 - Escolher Voo,200,OK,Teste de Carga - 250 usuarios 1-165,text,true,,7381,250,250,250,https://www.blazedemo.com/reserve.php,246,0,0
1774386543350,329,1 - Acessar Home,200,OK,Teste de Carga - 250 usuarios 1-134,text,true,,4757,120,250,250,https://www.blazedemo.com/,317,0,0
1774386543404,286,1 - Acessar Home,200,OK,Teste de Carga - 250 usuarios 1-81,text,true,,4757,120,250,250,https://www.blazedemo.com/,273,0,0
1774386543354,338,3 - Comprar Passagem,200,OK,Teste de Carga - 250 usuarios 1-106,text,true,,6719,420,250,250,https://www.blazedemo.com/purchase.php,325,0,0
1774386543249,444,3 - Comprar Passagem,200,OK,Teste de Carga - 250 usuarios 1-179,text,true,,6719,420,250,250,https://www.blazedemo.com/purchase.php,433,0,0
1774386543317,378,2 - Escolher Voo,200,OK,Teste de Carga - 250 usuarios 1-125,text,true,,7381,250,250,250,https://www.blazedemo.com/reserve.php,357,0,0
1774386543026,671,1 - Acessar Home,200,OK,Teste de Carga - 250 usuarios 1-167,text,true,,4757,120,250,250,https://www.blazedemo.com/,658,0,0
1774386543424,274,1 - Acessar Home,200,OK,Teste de Carga - 250 usuarios 1-45,text,true,,4757,120,250,250,https://www.blazedemo.com/,263,0,0
1774386543363,345,1 - Acessar Home,200,OK,Teste de Carga - 250 usuarios 1-10,text,true,,4757,120,250,250,https://www.blazedemo.com/,331,0,0
1774386540112,3601,1 - Acessar Home,200,OK,Teste de Carga - 250 usuarios 1-200,text,true,,4757,120,250,250,https://www.blazedemo.com/,3589,0,0
1774386543306,407,2 - Escolher Voo,200,OK,Teste de Carga - 250 usuarios 1-130,text,true,,7381,250,250,250,https://www.blazedemo.com/reserve.php,385,0,0
1774386543459,260,1 - Acessar Home,200,OK,Teste de Carga - 250 usuarios 1-238,text,true,,4757,120,250,250,https://www.blazedemo.com/,249,0,0
1774386543430,291,1 - Acessar Home,200,OK,Teste de Carga - 250 usuarios 1-118,text,true,,4757,120,250,250,https://www.blazedemo.com/,278,0,0
1774386543442,279,2 - Escolher Voo,200,OK,Teste de Carga - 250 usuarios 1-12,text,true,,7381,250,250,250,https://www.blazedemo.com/reserve.php,258,0,0
1774386543085,646,3 - Comprar Passagem,200,OK,Teste de Carga - 250 usuarios 1-123,text,true,,6719,420,250,250,https://www.blazedemo.com/purchase.php,633,0,0
1774386542628,1110,2 - Escolher Voo,200,OK,Teste de Carga - 250 usuarios 1-120,text,true,,7381,250,250,250,https://www.blazedemo.com/reserve.php,1089,0,0
1774386543500,238,3 - Comprar Passagem,200,OK,Teste de Carga - 250 usuarios 1-156,text,true,,6719,420,250,250,https://www.blazedemo.com/purchase.php,227,0,0
1774386543478,265,1 - Acessar Home,200,OK,Teste de Carga - 250 usuarios 1-5,text,true,,4757,120,250,250,https://www.blazedemo.com/,253,0,0
1774386543453,295,2 - Escolher Voo,200,OK,Teste de Carga - 250 usuarios 1-39,text,true,,7381,250,250,250,https://www.blazedemo.com/reserve.php,275,0,0
1774386543476,278,2 - Escolher Voo,200,OK,Teste de Carga - 250 usuarios 1-145,text,true,,7381,250,250,250,https://www.blazedemo.com/reserve.php,258,0,0
1774386543486,272,1 - Acessar Home,200,OK,Teste de Carga - 250 usuarios 1-248,text,true,,4757,120,250,250,https://www.blazedemo.com/,260,0,0
1774386543487,277,1 - Acessar Home,200,OK,Teste de Carga - 250 usuarios 1-87,text,true,,4757,120,250,250,https://www.blazedemo.com/,265,0,0
1774386543421,345,3 - Comprar Passagem,200,OK,Teste de Carga - 250 usuarios 1-182,text,true,,6719,420,250,250,https://www.blazedemo.com/purchase.php,333,0,0
1774386543485,290,3 - Comprar Passagem,200,OK,Teste de Carga - 250 usuarios 1-210,text,true,,6719,420,250,250,https://www.blazedemo.com/purchase.php,274,0,0
1774386542664,1114,3 - Comprar Passagem,200,OK,Teste de Carga - 250 usuarios 1-173,text,true,,6719,420,250,250,https://www.blazedemo.com/purchase.php,1102,0,0
1774386543409,370,2 - Escolher Voo,200,OK,Teste de Carga - 250 usuarios 1-237,text,true,,7381,250,250,250,https://www.blazedemo.com/reserve.php,350,0,0
1774386543347,433,2 - Escolher Voo,200,OK,Teste de Carga - 250 usuarios 1-2,text,true,,7381,250,250,250,https://www.blazedemo.com/reserve.php,413,0,0
1774386543546,237,1 - Acessar Home,200,OK,Teste de Carga - 250 usuarios 1-247,text,true,,4757,120,250,250,https://www.blazedemo.com/,225,0,0
1774386543118,665,1 - Acessar Home,200,OK,Teste de Carga - 250 usuarios 1-51,text,true,,4757,120,250,250,https://www.blazedemo.com/,652,0,0
1774386540753,3034,1 - Acessar Home,200,OK,Teste de Carga - 250 usuarios 1-122,text,true,,4757,120,250,250,https://www.blazedemo.com/,3022,0,0
1774386543443,345,3 - Comprar Passagem,200,OK,Teste de Carga - 250 usuarios 1-71,text,true,,6719,420,250,250,https://www.blazedemo.com/purchase.php,332,0,0
1774386543534,265,2 - Escolher Voo,200,OK,Teste de Carga - 250 usuarios 1-15,text,true,,7381,250,250,250,https://www.blazedemo.com/reserve.php,243,0,0
1774386540233,3569,2 - Escolher Voo,200,OK,Teste de Carga - 250 usuarios 1-229,text,true,,7381,250,250,250,https://www.blazedemo.com/reserve.php,3548,0,0
1774386543507,294,1 - Acessar Home,200,OK,Teste de Carga - 250 usuarios 1-208,text,true,,4757,120,250,250,https://www.blazedemo.com/,282,0,0
1774386543520,282,1 - Acessar Home,200,OK,Teste de Carga - 250 usuarios 1-49,text,true,,4757,120,250,250,https://www.blazedemo.com/,270,0,0
1774386543536,269,1 - Acessar Home,200,OK,Teste de Carga - 250 usuarios 1-65,text,true,,4757,120,250,250,https://www.blazedemo.com/,262,0,0
1774386543542,263,3 - Comprar Passagem,200,OK,Teste de Carga - 250 usuarios 1-80,text,true,,6719,420,250,250,https://www.blazedemo.com/purchase.php,250,0,0
1774386539657,4151,1 - Acessar Home,200,OK,Teste de Carga - 250 usuarios 1-82,text,true,,4757,120,250,250,https://www.blazedemo.com/,4139,0,0
1774386543559,256,3 - Comprar Passagem,200,OK,Teste de Carga - 250 usuarios 1-113,text,true,,6719,420,250,250,https://www.blazedemo.com/purchase.php,244,0,0
1774386543508,308,1 - Acessar Home,200,OK,Teste de Carga - 250 usuarios 1-93,text,true,,4757,120,250,250,https://www.blazedemo.com/,298,0,0
1774386543519,298,2 - Escolher Voo,200,OK,Teste de Carga - 250 usuarios 1-164,text,true,,7381,250,250,250,https://www.blazedemo.com/reserve.php,277,0,0
1774386543585,246,1 - Acessar Home,200,OK,Teste de Carga - 250 usuarios 1-47,text,true,,4757,120,250,250,https://www.blazedemo.com/,233,0,0
1774386543461,372,3 - Comprar Passagem,200,OK,Teste de Carga - 250 usuarios 1-240,text,true,,6719,420,250,250,https://www.blazedemo.com/purchase.php,360,0,0
1774386543204,639,2 - Escolher Voo,200,OK,Teste de Carga - 250 usuarios 1-197,text,true,,7381,250,250,250,https://www.blazedemo.com/reserve.php,619,0,0
1774386543572,272,3 - Comprar Passagem,200,OK,Teste de Carga - 250 usuarios 1-72,text,true,,6719,420,250,250,https://www.blazedemo.com/purchase.php,259,0,0
1774386543544,303,2 - Escolher Voo,200,OK,Teste de Carga - 250 usuarios 1-187,text,true,,7381,250,250,250,https://www.blazedemo.com/reserve.php,283,0,0
1774386543534,316,3 - Comprar Passagem,200,OK,Teste de Carga - 250 usuarios 1-50,text,true,,6719,420,250,250,https://www.blazedemo.com/purchase.php,304,0,0
1774386542638,1213,1 - Acessar Home,200,OK,Teste de Carga - 250 usuarios 1-27,text,true,,4757,120,250,250,https://www.blazedemo.com/,1201,0,0
1774386543548,304,1 - Acessar Home,200,OK,Teste de Carga - 250 usuarios 1-128,text,true,,4757,120,250,250,https://www.blazedemo.com/,292,0,0
1774386543514,343,3 - Comprar Passagem,200,OK,Teste de Carga - 250 usuarios 1-7,text,true,,6719,420,250,250,https://www.blazedemo.com/purchase.php,331,0,0
1774386543566,292,3 - Comprar Passagem,200,OK,Teste de Carga - 250 usuarios 1-155,text,true,,6719,420,250,250,https://www.blazedemo.com/purchase.php,280,0,0
1774386543604,257,1 - Acessar Home,200,OK,Teste de Carga - 250 usuarios 1-235,text,true,,4757,120,250,250,https://www.blazedemo.com/,245,0,0
1774386543548,321,3 - Comprar Passagem,200,OK,Teste de Carga - 250 usuarios 1-1,text,true,,6719,420,250,250,https://www.blazedemo.com/purchase.php,309,0,0
1774386539606,4266,1 - Acessar Home,200,OK,Teste de Carga - 250 usuarios 1-225,text,true,,4757,120,250,250,https://www.blazedemo.com/,4254,0,0
1774386543126,747,1 - Acessar Home,200,OK,Teste de Carga - 250 usuarios 1-163,text,true,,4757,120,250,250,https://www.blazedemo.com/,735,0,0
1774386542823,1053,1 - Acessar Home,200,OK,Teste de Carga - 250 usuarios 1-74,text,true,,4757,120,250,250,https://www.blazedemo.com/,1041,0,0
1774386540374,3504,1 - Acessar Home,200,OK,Teste de Carga - 250 usuarios 1-157,text,true,,4757,120,250,250,https://www.blazedemo.com/,3493,0,0
1774386543635,249,2 - Escolher Voo,200,OK,Teste de Carga - 250 usuarios 1-90,text,true,,7381,250,250,250,https://www.blazedemo.com/reserve.php,228,0,0
1774386543588,302,1 - Acessar Home,200,OK,Teste de Carga - 250 usuarios 1-201,text,true,,4757,120,250,250,https://www.blazedemo.com/,291,0,0
1774386543631,268,1 - Acessar Home,200,OK,Teste de Carga - 250 usuarios 1-217,text,true,,4757,120,250,250,https://www.blazedemo.com/,256,0,0
1774386543620,290,3 - Comprar Passagem,200,OK,Teste de Carga - 250 usuarios 1-23,text,true,,6719,420,250,250,https://www.blazedemo.com/purchase.php,273,0,0
1774386543588,326,1 - Acessar Home,200,OK,Teste de Carga - 250 usuarios 1-75,text,true,,4757,120,250,250,https://www.blazedemo.com/,315,0,0
1774386543622,296,1 - Acessar Home,200,OK,Teste de Carga - 250 usuarios 1-230,text,true,,4757,120,250,250,https://www.blazedemo.com/,286,0,0
1774386543642,276,1 - Acessar Home,200,OK,Teste de Carga - 250 usuarios 1-186,text,true,,4757,120,250,250,https://www.blazedemo.com/,265,0,0
1774386543664,256,2 - Escolher Voo,200,OK,Teste de Carga - 250 usuarios 1-127,text,true,,7381,250,250,250,https://www.blazedemo.com/reserve.php,235,0,0
1774386543643,284,3 - Comprar Passagem,200,OK,Teste de Carga - 250 usuarios 1-60,text,true,,6719,420,250,250,https://www.blazedemo.com/purchase.php,272,0,0
1774386543666,263,2 - Escolher Voo,200,OK,Teste de Carga - 250 usuarios 1-184,text,true,,7381,250,250,250,https://www.blazedemo.com/reserve.php,243,0,0
1774386543608,321,1 - Acessar Home,200,OK,Teste de Carga - 250 usuarios 1-43,text,true,,4757,120,250,250,https://www.blazedemo.com/,309,0,0
1774386543644,288,1 - Acessar Home,200,OK,Teste de Carga - 250 usuarios 1-161,text,true,,4757,120,250,250,https://www.blazedemo.com/,276,0,0
1774386541076,2856,2 - Escolher Voo,200,OK,Teste de Carga - 250 usuarios 1-4,text,true,,7381,250,250,250,https://www.blazedemo.com/reserve.php,2836,0,0
1774386543626,308,1 - Acessar Home,200,OK,Teste de Carga - 250 usuarios 1-133,text,true,,4757,120,250,250,https://www.blazedemo.com/,296,0,0
1774386543695,241,3 - Comprar Passagem,200,OK,Teste de Carga - 250 usuarios 1-125,text,true,,6719,420,250,250,https://www.blazedemo.com/purchase.php,229,0,0
1774386543694,242,1 - Acessar Home,200,OK,Teste de Carga - 250 usuarios 1-179,text,true,,4757,120,250,250,https://www.blazedemo.com/,230,0,0
1774386543604,336,2 - Escolher Voo,200,OK,Teste de Carga - 250 usuarios 1-144,text,true,,7381,250,250,250,https://www.blazedemo.com/reserve.php,320,0,0
1774386543251,697,1 - Acessar Home,200,OK,Teste de Carga - 250 usuarios 1-77,text,true,,4757,120,250,250,https://www.blazedemo.com/,685,0,0
1774386543638,313,1 - Acessar Home,200,OK,Teste de Carga - 250 usuarios 1-231,text,true,,4757,120,250,250,https://www.blazedemo.com/,300,0,0
1774386543600,351,3 - Comprar Passagem,200,OK,Teste de Carga - 250 usuarios 1-56,text,true,,6719,420,250,250,https://www.blazedemo.com/purchase.php,339,0,0
1774386543627,327,1 - Acessar Home,200,OK,Teste de Carga - 250 usuarios 1-206,text,true,,4757,120,250,250,https://www.blazedemo.com/,315,0,0
1774386543664,291,2 - Escolher Voo,200,OK,Teste de Carga - 250 usuarios 1-111,text,true,,7381,250,250,250,https://www.blazedemo.com/reserve.php,270,0,0
1774386543272,686,1 - Acessar Home,200,OK,Teste de Carga - 250 usuarios 1-107,text,true,,4757,120,250,250,https://www.blazedemo.com/,673,0,0
1774386539612,4349,1 - Acessar Home,200,OK,Teste de Carga - 250 usuarios 1-135,text,true,,4757,120,250,250,https://www.blazedemo.com/,4337,0,0
1774386543690,276,2 - Escolher Voo,200,OK,Teste de Carga - 250 usuarios 1-81,text,true,,7381,250,250,250,https://www.blazedemo.com/reserve.php,256,0,0
1774386539647,4323,3 - Comprar Passagem,200,OK,Teste de Carga - 250 usuarios 1-6,text,true,,6719,420,250,250,https://www.blazedemo.com/purchase.php,4311,0,0
1774386543719,257,2 - Escolher Voo,200,OK,Teste de Carga - 250 usuarios 1-238,text,true,,7381,250,250,250,https://www.blazedemo.com/reserve.php,235,0,0
1774386542656,1327,3 - Comprar Passagem,200,OK,Teste de Carga - 250 usuarios 1-59,text,true,,6719,420,250,250,https://www.blazedemo.com/purchase.php,1315,0,0
1774386543697,296,2 - Escolher Voo,200,OK,Teste de Carga - 250 usuarios 1-167,text,true,,7381,250,250,250,https://www.blazedemo.com/reserve.php,275,0,0
1774386540451,3543,2 - Escolher Voo,200,OK,Teste de Carga - 250 usuarios 1-108,text,true,,7381,250,250,250,https://www.blazedemo.com/reserve.php,3522,0,0
1774386543713,282,3 - Comprar Passagem,200,OK,Teste de Carga - 250 usuarios 1-130,text,true,,6719,420,250,250,https://www.blazedemo.com/purchase.php,268,0,0
1774386543708,294,2 - Escolher Voo,200,OK,Teste de Carga - 250 usuarios 1-10,text,true,,7381,250,250,250,https://www.blazedemo.com/reserve.php,274,0,0
1774386543699,310,2 - Escolher Voo,200,OK,Teste de Carga - 250 usuarios 1-45,text,true,,7381,250,250,250,https://www.blazedemo.com/reserve.php,290,0,0
1774386543647,365,3 - Comprar Passagem,200,OK,Teste de Carga - 250 usuarios 1-241,text,true,,6719,420,250,250,https://www.blazedemo.com/purchase.php,348,0,0
1774386543778,239,1 - Acessar Home,200,OK,Teste de Carga - 250 usuarios 1-173,text,true,,4757,120,250,250,https://www.blazedemo.com/,227,0,0
1774386543732,285,1 - Acessar Home,200,OK,Teste de Carga - 250 usuarios 1-123,text,true,,4757,120,250,250,https://www.blazedemo.com/,273,0,0
1774386543748,272,3 - Comprar Passagem,200,OK,Teste de Carga - 250 usuarios 1-39,text,true,,6719,420,250,250,https://www.blazedemo.com/purchase.php,260,0,0
1774386543738,284,1 - Acessar Home,200,OK,Teste de Carga - 250 usuarios 1-156,text,true,,4757,120,250,250,https://www.blazedemo.com/,272,0,0
1774386543638,384,1 - Acessar Home,200,OK,Teste de Carga - 250 usuarios 1-142,text,true,,4757,120,250,250,https://www.blazedemo.com/,372,0,0
1774386542854,1180,1 - Acessar Home,200,OK,Teste de Carga - 250 usuarios 1-31,text,true,,4757,120,250,250,https://www.blazedemo.com/,1168,0,0
1774386543764,275,2 - Escolher Voo,200,OK,Teste de Carga - 250 usuarios 1-87,text,true,,7381,250,250,250,https://www.blazedemo.com/reserve.php,257,0,0
1774386543673,366,3 - Comprar Passagem,200,OK,Teste de Carga - 250 usuarios 1-165,text,true,,6719,420,250,250,https://www.blazedemo.com/purchase.php,353,0,0
1774386543801,242,3 - Comprar Passagem,200,OK,Teste de Carga - 250 usuarios 1-229,text,true,,6719,420,250,250,https://www.blazedemo.com/purchase.php,225,0,0
1774386543286,762,2 - Escolher Voo,200,OK,Teste de Carga - 250 usuarios 1-66,text,true,,7381,250,250,250,https://www.blazedemo.com/reserve.php,742,0,0
1774386543775,279,1 - Acessar Home,200,OK,Teste de Carga - 250 usuarios 1-210,text,true,,4757,120,250,250,https://www.blazedemo.com/,268,0,0
1774386543766,290,1 - Acessar Home,200,OK,Teste de Carga - 250 usuarios 1-182,text,true,,4757,120,250,250,https://www.blazedemo.com/,276,0,0
1774386542786,1271,3 - Comprar Passagem,200,OK,Teste de Carga - 250 usuarios 1-48,text,true,,6719,420,250,250,https://www.blazedemo.com/purchase.php,1260,0,0
1774386541143,2915,2 - Escolher Voo,200,OK,Teste de Carga - 250 usuarios 1-191,text,true,,7381,250,250,250,https://www.blazedemo.com/reserve.php,2895,0,0
1774386543803,258,2 - Escolher Voo,200,OK,Teste de Carga - 250 usuarios 1-49,text,true,,7381,250,250,250,https://www.blazedemo.com/reserve.php,238,0,0
1774386543817,244,2 - Escolher Voo,200,OK,Teste de Carga - 250 usuarios 1-93,text,true,,7381,250,250,250,https://www.blazedemo.com/reserve.php,224,0,0
1774386539724,4342,3 - Comprar Passagem,200,OK,Teste de Carga - 250 usuarios 1-188,text,true,,6719,420,250,250,https://www.blazedemo.com/purchase.php,4326,0,0
1774386543721,346,3 - Comprar Passagem,200,OK,Teste de Carga - 250 usuarios 1-12,text,true,,6719,420,250,250,https://www.blazedemo.com/purchase.php,335,0,0
1774386543417,658,3 - Comprar Passagem,200,OK,Teste de Carga - 250 usuarios 1-54,text,true,,6719,420,250,250,https://www.blazedemo.com/purchase.php,645,0,0
1774386543780,298,3 - Comprar Passagem,200,OK,Teste de Carga - 250 usuarios 1-2,text,true,,6719,420,250,250,https://www.blazedemo.com/purchase.php,285,0,0
1774386542991,1094,2 - Escolher Voo,200,OK,Teste de Carga - 250 usuarios 1-88,text,true,,7381,250,250,250,https://www.blazedemo.com/reserve.php,1074,0,0
1774386543817,269,3 - Comprar Passagem,200,OK,Teste de Carga - 250 usuarios 1-164,text,true,,6719,420,250,250,https://www.blazedemo.com/purchase.php,258,0,0
1774386543743,347,2 - Escolher Voo,200,OK,Teste de Carga - 250 usuarios 1-5,text,true,,7381,250,250,250,https://www.blazedemo.com/reserve.php,328,0,0
1774386543787,313,2 - Escolher Voo,200,OK,Teste de Carga - 250 usuarios 1-122,text,true,,7381,250,250,250,https://www.blazedemo.com/reserve.php,293,0,0
1774386543758,342,2 - Escolher Voo,200,OK,Teste de Carga - 250 usuarios 1-248,text,true,,7381,250,250,250,https://www.blazedemo.com/reserve.php,326,0,0
1774386543844,261,1 - Acessar Home,200,OK,Teste de Carga - 250 usuarios 1-72,text,true,,4757,120,250,250,https://www.blazedemo.com/,249,0,0
1774386543857,248,1 - Acessar Home,200,OK,Teste de Carga - 250 usuarios 1-7,text,true,,4757,120,250,250,https://www.blazedemo.com/,236,0,0
1774386543807,300,2 - Escolher Voo,200,OK,Teste de Carga - 250 usuarios 1-82,text,true,,7381,250,250,250,https://www.blazedemo.com/reserve.php,283,0,0
1774386542871,1239,1 - Acessar Home,200,OK,Teste de Carga - 250 usuarios 1-196,text,true,,4757,120,250,250,https://www.blazedemo.com/,1228,0,0
1774386543442,669,2 - Escolher Voo,200,OK,Teste de Carga - 250 usuarios 1-148,text,true,,7381,250,250,250,https://www.blazedemo.com/reserve.php,649,0,0
1774386543852,263,2 - Escolher Voo,200,OK,Teste de Carga - 250 usuarios 1-128,text,true,,7381,250,250,250,https://www.blazedemo.com/reserve.php,243,0,0
1774386539661,4457,3 - Comprar Passagem,200,OK,Teste de Carga - 250 usuarios 1-153,text,true,,6719,420,250,250,https://www.blazedemo.com/purchase.php,4444,0,0
1774386543850,271,1 - Acessar Home,200,OK,Teste de Carga - 250 usuarios 1-50,text,true,,4757,120,250,250,https://www.blazedemo.com/,258,0,0
1774386543779,342,3 - Comprar Passagem,200,OK,Teste de Carga - 250 usuarios 1-237,text,true,,6719,420,250,250,https://www.blazedemo.com/purchase.php,330,0,0
1774386543679,445,2 - Escolher Voo,200,OK,Teste de Carga - 250 usuarios 1-134,text,true,,7381,250,250,250,https://www.blazedemo.com/reserve.php,424,0,0
1774386543885,239,3 - Comprar Passagem,200,OK,Teste de Carga - 250 usuarios 1-90,text,true,,6719,420,250,250,https://www.blazedemo.com/purchase.php,227,0,0
1774386543413,718,2 - Escolher Voo,200,OK,Teste de Carga - 250 usuarios 1-141,text,true,,7381,250,250,250,https://www.blazedemo.com/reserve.php,698,0,0
1774386543877,255,2 - Escolher Voo,200,OK,Teste de Carga - 250 usuarios 1-157,text,true,,7381,250,250,250,https://www.blazedemo.com/reserve.php,234,0,0
1774386543847,289,3 - Comprar Passagem,200,OK,Teste de Carga - 250 usuarios 1-187,text,true,,6719,420,250,250,https://www.blazedemo.com/purchase.php,277,0,0
1774386543910,232,1 - Acessar Home,200,OK,Teste de Carga - 250 usuarios 1-23,text,true,,4757,120,250,250,https://www.blazedemo.com/,221,0,0
1774386543799,349,3 - Comprar Passagem,200,OK,Teste de Carga - 250 usuarios 1-15,text,true,,6719,420,250,250,https://www.blazedemo.com/purchase.php,332,0,0
1774386543783,369,2 - Escolher Voo,200,OK,Teste de Carga - 250 usuarios 1-51,text,true,,7381,250,250,250,https://www.blazedemo.com/reserve.php,349,0,0
1774386539948,4209,3 - Comprar Passagem,200,OK,Teste de Carga - 250 usuarios 1-29,text,true,,6719,420,250,250,https://www.blazedemo.com/purchase.php,4197,0,0
1774386541231,2927,1 - Acessar Home,200,OK,Teste de Carga - 250 usuarios 1-199,text,true,,4757,120,250,250,https://www.blazedemo.com/,2913,0,0
1774386543869,290,1 - Acessar Home,200,OK,Teste de Carga - 250 usuarios 1-1,text,true,,4757,120,250,250,https://www.blazedemo.com/,278,0,0
1774386543891,274,2 - Escolher Voo,200,OK,Teste de Carga - 250 usuarios 1-201,text,true,,7381,250,250,250,https://www.blazedemo.com/reserve.php,254,0,0
1774386543525,642,1 - Acessar Home,200,OK,Teste de Carga - 250 usuarios 1-220,text,true,,4757,120,250,250,https://www.blazedemo.com/,631,0,0
1774386543049,1120,1 - Acessar Home,200,OK,Teste de Carga - 250 usuarios 1-154,text,true,,4757,120,250,250,https://www.blazedemo.com/,1109,0,0
1774386540575,3596,3 - Comprar Passagem,200,OK,Teste de Carga - 250 usuarios 1-221,text,true,,6719,420,250,250,https://www.blazedemo.com/purchase.php,3584,0,0
1774386543936,240,1 - Acessar Home,200,OK,Teste de Carga - 250 usuarios 1-125,text,true,,4757,120,250,250,https://www.blazedemo.com/,228,0,0
1774386543279,904,2 - Escolher Voo,200,OK,Teste de Carga - 250 usuarios 1-117,text,true,,7381,250,250,250,https://www.blazedemo.com/reserve.php,884,0,0
1774386543815,370,1 - Acessar Home,200,OK,Teste de Carga - 250 usuarios 1-113,text,true,,4757,120,250,250,https://www.blazedemo.com/,358,0,0
1774386543805,383,2 - Escolher Voo,200,OK,Teste de Carga - 250 usuarios 1-65,text,true,,7381,250,250,250,https://www.blazedemo.com/reserve.php,364,0,0
1774386543918,273,2 - Escolher Voo,200,OK,Teste de Carga - 250 usuarios 1-230,text,true,,7381,250,250,250,https://www.blazedemo.com/reserve.php,253,0,0
1774386543801,395,2 - Escolher Voo,200,OK,Teste de Carga - 250 usuarios 1-208,text,true,,7381,250,250,250,https://www.blazedemo.com/reserve.php,375,0,0
1774386543934,263,2 - Escolher Voo,200,OK,Teste de Carga - 250 usuarios 1-133,text,true,,7381,250,250,250,https://www.blazedemo.com/reserve.php,243,0,0
1774386543932,268,2 - Escolher Voo,200,OK,Teste de Carga - 250 usuarios 1-161,text,true,,7381,250,250,250,https://www.blazedemo.com/reserve.php,247,0,0
1774386543861,340,2 - Escolher Voo,200,OK,Teste de Carga - 250 usuarios 1-235,text,true,,7381,250,250,250,https://www.blazedemo.com/reserve.php,319,0,0
1774386543788,417,1 - Acessar Home,200,OK,Teste de Carga - 250 usuarios 1-71,text,true,,4757,120,250,250,https://www.blazedemo.com/,405,0,0
1774386543536,677,3 - Comprar Passagem,200,OK,Teste de Carga - 250 usuarios 1-193,text,true,,6719,420,250,250,https://www.blazedemo.com/purchase.php,665,0,0
1774386543948,275,2 - Escolher Voo,200,OK,Teste de Carga - 250 usuarios 1-77,text,true,,7381,250,250,250,https://www.blazedemo.com/reserve.php,259,0,0
1774386543920,303,3 - Comprar Passagem,200,OK,Teste de Carga - 250 usuarios 1-127,text,true,,6719,420,250,250,https://www.blazedemo.com/purchase.php,292,0,0
1774386543899,326,2 - Escolher Voo,200,OK,Teste de Carga - 250 usuarios 1-217,text,true,,7381,250,250,250,https://www.blazedemo.com/reserve.php,305,0,0
1774386543851,374,2 - Escolher Voo,200,OK,Teste de Carga - 250 usuarios 1-27,text,true,,7381,250,250,250,https://www.blazedemo.com/reserve.php,353,0,0
1774386543929,296,2 - Escolher Voo,200,OK,Teste de Carga - 250 usuarios 1-43,text,true,,7385,250,250,250,https://www.blazedemo.com/reserve.php,276,0,0
1774386543932,293,3 - Comprar Passagem,200,OK,Teste de Carga - 250 usuarios 1-4,text,true,,6719,420,250,250,https://www.blazedemo.com/purchase.php,281,0,0
1774386543431,800,2 - Escolher Voo,200,OK,Teste de Carga - 250 usuarios 1-32,text,true,,7381,250,250,250,https://www.blazedemo.com/reserve.php,780,0,0
1774386543951,280,1 - Acessar Home,200,OK,Teste de Carga - 250 usuarios 1-56,text,true,,4757,120,250,250,https://www.blazedemo.com/,269,0,0
1774386539719,4522,3 - Comprar Passagem,200,OK,Teste de Carga - 250 usuarios 1-64,text,true,,6719,420,250,250,https://www.blazedemo.com/purchase.php,4510,0,0
1774386543995,248,1 - Acessar Home,200,OK,Teste de Carga - 250 usuarios 1-130,text,true,,4757,120,250,250,https://www.blazedemo.com/,236,0,0
1774386543993,251,3 - Comprar Passagem,200,OK,Teste de Carga - 250 usuarios 1-108,text,true,,6719,420,250,250,https://www.blazedemo.com/purchase.php,239,0,0
1774386543955,289,3 - Comprar Passagem,200,OK,Teste de Carga - 250 usuarios 1-111,text,true,,6719,420,250,250,https://www.blazedemo.com/purchase.php,273,0,0
1774386543914,332,2 - Escolher Voo,200,OK,Teste de Carga - 250 usuarios 1-75,text,true,,7381,250,250,250,https://www.blazedemo.com/reserve.php,311,0,0
1774386543983,263,1 - Acessar Home,200,OK,Teste de Carga - 250 usuarios 1-59,text,true,,4757,120,250,250,https://www.blazedemo.com/,251,0,0
1774386543993,254,3 - Comprar Passagem,200,OK,Teste de Carga - 250 usuarios 1-167,text,true,,6719,420,250,250,https://www.blazedemo.com/purchase.php,242,0,0
1774386543124,1128,1 - Acessar Home,200,OK,Teste de Carga - 250 usuarios 1-242,text,true,,4757,120,250,250,https://www.blazedemo.com/,1116,0,0
1774386540039,4217,2 - Escolher Voo,200,OK,Teste de Carga - 250 usuarios 1-234,text,true,,7381,250,250,250,https://www.blazedemo.com/reserve.php,4200,0,0
1774386543858,403,1 - Acessar Home,200,OK,Teste de Carga - 250 usuarios 1-155,text,true,,4757,120,250,250,https://www.blazedemo.com/,393,0,0
1774386543954,308,2 - Escolher Voo,200,OK,Teste de Carga - 250 usuarios 1-206,text,true,,7381,250,250,250,https://www.blazedemo.com/reserve.php,287,0,0
1774386543628,642,1 - Acessar Home,200,OK,Teste de Carga - 250 usuarios 1-198,text,true,,4757,120,250,250,https://www.blazedemo.com/,630,0,0
1774386544017,255,2 - Escolher Voo,200,OK,Teste de Carga - 250 usuarios 1-123,text,true,,7381,250,250,250,https://www.blazedemo.com/reserve.php,235,0,0
1774386544012,262,1 - Acessar Home,200,OK,Teste de Carga - 250 usuarios 1-241,text,true,,4757,120,250,250,https://www.blazedemo.com/,251,0,0
1774386543970,309,1 - Acessar Home,200,OK,Teste de Carga - 250 usuarios 1-6,text,true,,4757,120,250,250,https://www.blazedemo.com/,297,0,0
1774386541264,3016,3 - Comprar Passagem,200,OK,Teste de Carga - 250 usuarios 1-110,text,true,,6719,420,250,250,https://www.blazedemo.com/purchase.php,3004,0,0
1774386543469,812,3 - Comprar Passagem,200,OK,Teste de Carga - 250 usuarios 1-194,text,true,,6719,420,250,250,https://www.blazedemo.com/purchase.php,799,0,0
1774386543958,331,2 - Escolher Voo,200,OK,Teste de Carga - 250 usuarios 1-107,text,true,,7381,250,250,250,https://www.blazedemo.com/reserve.php,311,0,0
1774386544022,268,2 - Escolher Voo,200,OK,Teste de Carga - 250 usuarios 1-156,text,true,,7381,250,250,250,https://www.blazedemo.com/reserve.php,248,0,0
1774386544021,272,1 - Acessar Home,200,OK,Teste de Carga - 250 usuarios 1-39,text,true,,4757,120,250,250,https://www.blazedemo.com/,260,0,0
1774386543951,348,2 - Escolher Voo,200,OK,Teste de Carga - 250 usuarios 1-231,text,true,,7381,250,250,250,https://www.blazedemo.com/reserve.php,328,0,0
1774386544039,261,1 - Acessar Home,200,OK,Teste de Carga - 250 usuarios 1-165,text,true,,4757,120,250,250,https://www.blazedemo.com/,249,0,0
1774386544061,244,3 - Comprar Passagem,200,OK,Teste de Carga - 250 usuarios 1-93,text,true,,6719,420,250,250,https://www.blazedemo.com/purchase.php,233,0,0
1774386543929,385,3 - Comprar Passagem,200,OK,Teste de Carga - 250 usuarios 1-184,text,true,,6719,420,250,250,https://www.blazedemo.com/purchase.php,372,0,0
1774386544009,313,3 - Comprar Passagem,200,OK,Teste de Carga - 250 usuarios 1-45,text,true,,6719,420,250,250,https://www.blazedemo.com/purchase.php,301,0,0
1774386544058,264,3 - Comprar Passagem,200,OK,Teste de Carga - 250 usuarios 1-191,text,true,,6719,420,250,250,https://www.blazedemo.com/purchase.php,252,0,0
1774386543940,389,3 - Comprar Passagem,200,OK,Teste de Carga - 250 usuarios 1-144,text,true,,6719,420,250,250,https://www.blazedemo.com/purchase.php,376,0,0
1774386543754,576,3 - Comprar Passagem,200,OK,Teste de Carga - 250 usuarios 1-145,text,true,,6719,420,250,250,https://www.blazedemo.com/purchase.php,560,0,0
1774386544065,266,1 - Acessar Home,200,OK,Teste de Carga - 250 usuarios 1-188,text,true,,4757,120,250,250,https://www.blazedemo.com/,254,0,0
1774386544090,241,3 - Comprar Passagem,200,OK,Teste de Carga - 250 usuarios 1-5,text,true,,6719,420,250,250,https://www.blazedemo.com/purchase.php,229,0,0
1774386544048,284,3 - Comprar Passagem,200,OK,Teste de Carga - 250 usuarios 1-66,text,true,,6719,420,250,250,https://www.blazedemo.com/purchase.php,268,0,0
1774386544017,317,2 - Escolher Voo,200,OK,Teste de Carga - 250 usuarios 1-173,text,true,,7381,250,250,250,https://www.blazedemo.com/reserve.php,297,0,0
1774386544043,293,1 - Acessar Home,200,OK,Teste de Carga - 250 usuarios 1-229,text,true,,4757,120,250,250,https://www.blazedemo.com/,281,0,0
1774386544061,276,3 - Comprar Passagem,200,OK,Teste de Carga - 250 usuarios 1-49,text,true,,6719,420,250,250,https://www.blazedemo.com/purchase.php,264,0,0
1774386544054,286,2 - Escolher Voo,200,OK,Teste de Carga - 250 usuarios 1-210,text,true,,7381,250,250,250,https://www.blazedemo.com/reserve.php,270,0,0
1774386543163,1186,3 - Comprar Passagem,200,OK,Teste de Carga - 250 usuarios 1-158,text,true,,6719,420,250,250,https://www.blazedemo.com/purchase.php,1174,0,0
1774386543495,854,3 - Comprar Passagem,200,OK,Teste de Carga - 250 usuarios 1-169,text,true,,6719,420,250,250,https://www.blazedemo.com/purchase.php,843,0,0
1774386541061,3296,1 - Acessar Home,200,OK,Teste de Carga - 250 usuarios 1-204,text,true,,4757,120,250,250,https://www.blazedemo.com/,3284,0,0
1774386543871,487,2 - Escolher Voo,200,OK,Teste de Carga - 250 usuarios 1-225,text,true,,7381,250,250,250,https://www.blazedemo.com/reserve.php,470,0,0
1774386544107,255,3 - Comprar Passagem,200,OK,Teste de Carga - 250 usuarios 1-82,text,true,,6719,420,250,250,https://www.blazedemo.com/purchase.php,241,0,0
1774386544039,324,3 - Comprar Passagem,200,OK,Teste de Carga - 250 usuarios 1-87,text,true,,6719,420,250,250,https://www.blazedemo.com/purchase.php,312,0,0
1774386543805,567,1 - Acessar Home,200,OK,Teste de Carga - 250 usuarios 1-80,text,true,,4757,120,250,250,https://www.blazedemo.com/,555,0,0
1774386544124,252,1 - Acessar Home,200,OK,Teste de Carga - 250 usuarios 1-90,text,true,,4757,120,250,250,https://www.blazedemo.com/,240,0,0
1774386544115,261,3 - Comprar Passagem,200,OK,Teste de Carga - 250 usuarios 1-128,text,true,,6719,420,250,250,https://www.blazedemo.com/purchase.php,249,0,0
1774386540249,4128,2 - Escolher Voo,200,OK,Teste de Carga - 250 usuarios 1-46,text,true,,7381,250,250,250,https://www.blazedemo.com/reserve.php,4108,0,0
1774386544105,274,2 - Escolher Voo,200,OK,Teste de Carga - 250 usuarios 1-72,text,true,,7381,250,250,250,https://www.blazedemo.com/reserve.php,253,0,0
1774386544078,302,1 - Acessar Home,200,OK,Teste de Carga - 250 usuarios 1-2,text,true,,4757,120,250,250,https://www.blazedemo.com/,290,0,0
1774386544101,300,3 - Comprar Passagem,200,OK,Teste de Carga - 250 usuarios 1-122,text,true,,6719,420,250,250,https://www.blazedemo.com/purchase.php,288,0,0
1774386544132,273,3 - Comprar Passagem,200,OK,Teste de Carga - 250 usuarios 1-157,text,true,,6719,420,250,250,https://www.blazedemo.com/purchase.php,256,0,0
1774386544136,272,1 - Acessar Home,200,OK,Teste de Carga - 250 usuarios 1-187,text,true,,4757,120,250,250,https://www.blazedemo.com/,260,0,0
1774386541275,3133,2 - Escolher Voo,200,OK,Teste de Carga - 250 usuarios 1-13,text,true,,7381,250,250,250,https://www.blazedemo.com/reserve.php,3113,0,0
1774386544152,257,3 - Comprar Passagem,200,OK,Teste de Carga - 250 usuarios 1-51,text,true,,6719,420,250,250,https://www.blazedemo.com/purchase.php,245,0,0
1774386543966,445,3 - Comprar Passagem,200,OK,Teste de Carga - 250 usuarios 1-81,text,true,,6719,420,250,250,https://www.blazedemo.com/purchase.php,429,0,0
1774386544171,245,1 - Acessar Home,200,OK,Teste de Carga - 250 usuarios 1-221,text,true,,4757,120,250,250,https://www.blazedemo.com/,234,0,0
1774386544121,303,2 - Escolher Voo,200,OK,Teste de Carga - 250 usuarios 1-50,text,true,,7381,250,250,250,https://www.blazedemo.com/reserve.php,283,0,0
1774386544117,310,1 - Acessar Home,200,OK,Teste de Carga - 250 usuarios 1-153,text,true,,4757,120,250,250,https://www.blazedemo.com/,297,0,0
1774386544158,269,2 - Escolher Voo,200,OK,Teste de Carga - 250 usuarios 1-199,text,true,,7381,250,250,250,https://www.blazedemo.com/reserve.php,249,0,0
1774386544022,409,2 - Escolher Voo,200,OK,Teste de Carga - 250 usuarios 1-142,text,true,,7381,250,250,250,https://www.blazedemo.com/reserve.php,389,0,0
1774386544185,248,2 - Escolher Voo,200,OK,Teste de Carga - 250 usuarios 1-113,text,true,,7381,250,250,250,https://www.blazedemo.com/reserve.php,228,0,0
1774386544068,368,1 - Acessar Home,200,OK,Teste de Carga - 250 usuarios 1-12,text,true,,4757,120,250,250,https://www.blazedemo.com/,356,0,0
1774386544148,290,1 - Acessar Home,200,OK,Teste de Carga - 250 usuarios 1-15,text,true,,4757,120,250,250,https://www.blazedemo.com/,278,0,0
1774386544105,335,2 - Escolher Voo,200,OK,Teste de Carga - 250 usuarios 1-7,text,true,,7381,250,250,250,https://www.blazedemo.com/reserve.php,311,0,0
1774386541147,3299,2 - Escolher Voo,200,OK,Teste de Carga - 250 usuarios 1-192,text,true,,7381,250,250,250,https://www.blazedemo.com/reserve.php,3278,0,0
1774386544167,282,2 - Escolher Voo,200,OK,Teste de Carga - 250 usuarios 1-220,text,true,,7381,250,250,250,https://www.blazedemo.com/reserve.php,262,0,0
1774386544111,338,3 - Comprar Passagem,200,OK,Teste de Carga - 250 usuarios 1-148,text,true,,6719,420,250,250,https://www.blazedemo.com/purchase.php,326,0,0
1774386543961,493,2 - Escolher Voo,200,OK,Teste de Carga - 250 usuarios 1-135,text,true,,7381,250,250,250,https://www.blazedemo.com/reserve.php,475,0,0
1774386544176,285,2 - Escolher Voo,200,OK,Teste de Carga - 250 usuarios 1-125,text,true,,7381,250,250,250,https://www.blazedemo.com/reserve.php,265,0,0
1774386544159,302,2 - Escolher Voo,200,OK,Teste de Carga - 250 usuarios 1-1,text,true,,7381,250,250,250,https://www.blazedemo.com/reserve.php,282,0,0
1774386543192,1270,2 - Escolher Voo,200,OK,Teste de Carga - 250 usuarios 1-216,text,true,,7381,250,250,250,https://www.blazedemo.com/reserve.php,1252,0,0
1774386544087,378,1 - Acessar Home,200,OK,Teste de Carga - 250 usuarios 1-164,text,true,,4757,120,250,250,https://www.blazedemo.com/,369,0,0
1774386544124,345,3 - Comprar Passagem,200,OK,Teste de Carga - 250 usuarios 1-134,text,true,,6719,420,250,250,https://www.blazedemo.com/purchase.php,332,0,0
1774386543551,919,3 - Comprar Passagem,200,OK,Teste de Carga - 250 usuarios 1-96,text,true,,6719,420,250,250,https://www.blazedemo.com/purchase.php,907,0,0
1774386544201,271,3 - Comprar Passagem,200,OK,Teste de Carga - 250 usuarios 1-161,text,true,,6719,420,250,250,https://www.blazedemo.com/purchase.php,259,0,0
1774386543843,630,3 - Comprar Passagem,200,OK,Teste de Carga - 250 usuarios 1-197,text,true,,6719,420,250,250,https://www.blazedemo.com/purchase.php,619,0,0
1774386544003,474,3 - Comprar Passagem,200,OK,Teste de Carga - 250 usuarios 1-10,text,true,,6719,420,250,250,https://www.blazedemo.com/purchase.php,462,0,0
1774386544169,330,2 - Escolher Voo,200,OK,Teste de Carga - 250 usuarios 1-154,text,true,,7381,250,250,250,https://www.blazedemo.com/reserve.php,314,0,0
1774386544205,298,2 - Escolher Voo,200,OK,Teste de Carga - 250 usuarios 1-71,text,true,,7381,250,250,250,https://www.blazedemo.com/reserve.php,277,0,0
1774386544231,275,2 - Escolher Voo,200,OK,Teste de Carga - 250 usuarios 1-56,text,true,,7381,250,250,250,https://www.blazedemo.com/reserve.php,258,0,0
1774386541377,3132,1 - Acessar Home,200,OK,Teste de Carga - 250 usuarios 1-98,text,true,,4757,120,250,250,https://www.blazedemo.com/,3120,0,0
1774386541155,3360,3 - Comprar Passagem,200,OK,Teste de Carga - 250 usuarios 1-52,text,true,,6719,420,250,250,https://www.blazedemo.com/purchase.php,3347,0,0
1774386543599,920,3 - Comprar Passagem,200,OK,Teste de Carga - 250 usuarios 1-18,text,true,,6719,420,250,250,https://www.blazedemo.com/purchase.php,908,0,0
1774386544201,322,3 - Comprar Passagem,200,OK,Teste de Carga - 250 usuarios 1-235,text,true,,6719,420,250,250,https://www.blazedemo.com/purchase.php,310,0,0
1774386544246,277,3 - Comprar Passagem,200,OK,Teste de Carga - 250 usuarios 1-75,text,true,,6719,420,250,250,https://www.blazedemo.com/purchase.php,261,0,0
1774386544165,362,3 - Comprar Passagem,200,OK,Teste de Carga - 250 usuarios 1-201,text,true,,6719,420,250,250,https://www.blazedemo.com/purchase.php,350,0,0
1774386544183,344,3 - Comprar Passagem,200,OK,Teste de Carga - 250 usuarios 1-117,text,true,,6719,420,250,250,https://www.blazedemo.com/purchase.php,327,0,0
1774386544121,409,1 - Acessar Home,200,OK,Teste de Carga - 250 usuarios 1-237,text,true,,4757,120,250,250,https://www.blazedemo.com/,397,0,0
1774386544225,310,3 - Comprar Passagem,200,OK,Teste de Carga - 250 usuarios 1-27,text,true,,6719,420,250,250,https://www.blazedemo.com/purchase.php,298,0,0
1774386544231,304,3 - Comprar Passagem,200,OK,Teste de Carga - 250 usuarios 1-32,text,true,,6719,420,250,250,https://www.blazedemo.com/purchase.php,291,0,0
1774386544279,258,2 - Escolher Voo,200,OK,Teste de Carga - 250 usuarios 1-6,text,true,,7381,250,250,250,https://www.blazedemo.com/reserve.php,238,0,0
1774386544131,411,3 - Comprar Passagem,200,OK,Teste de Carga - 250 usuarios 1-141,text,true,,6719,420,250,250,https://www.blazedemo.com/purchase.php,398,0,0
1774386544224,322,1 - Acessar Home,200,OK,Teste de Carga - 250 usuarios 1-127,text,true,,4757,120,250,250,https://www.blazedemo.com/,310,0,0
1774386544256,291,3 - Comprar Passagem,200,OK,Teste de Carga - 250 usuarios 1-234,text,true,,6719,420,250,250,https://www.blazedemo.com/purchase.php,278,0,0
1774386544244,303,1 - Acessar Home,200,OK,Teste de Carga - 250 usuarios 1-111,text,true,,4757,120,250,250,https://www.blazedemo.com/,291,0,0
1774386544191,360,3 - Comprar Passagem,200,OK,Teste de Carga - 250 usuarios 1-230,text,true,,6719,420,250,250,https://www.blazedemo.com/purchase.php,345,0,0
1774386543322,1231,1 - Acessar Home,200,OK,Teste de Carga - 250 usuarios 1-152,text,true,,4757,120,250,250,https://www.blazedemo.com/,1219,0,0
1774386540283,4277,1 - Acessar Home,200,OK,Teste de Carga - 250 usuarios 1-76,text,true,,4757,120,250,250,https://www.blazedemo.com/,4266,0,0
1774386544290,269,3 - Comprar Passagem,200,OK,Teste de Carga - 250 usuarios 1-156,text,true,,6719,420,250,250,https://www.blazedemo.com/purchase.php,258,0,0
1774386544322,239,1 - Acessar Home,200,OK,Teste de Carga - 250 usuarios 1-45,text,true,,4757,120,250,250,https://www.blazedemo.com/,228,0,0
1774386544244,318,1 - Acessar Home,200,OK,Teste de Carga - 250 usuarios 1-108,text,true,,4757,120,250,250,https://www.blazedemo.com/,307,0,0
1774386544262,302,3 - Comprar Passagem,200,OK,Teste de Carga - 250 usuarios 1-206,text,true,,6719,420,250,250,https://www.blazedemo.com/purchase.php,290,0,0
1774386544196,371,3 - Comprar Passagem,200,OK,Teste de Carga - 250 usuarios 1-208,text,true,,6719,420,250,250,https://www.blazedemo.com/purchase.php,355,0,0
1774386544157,412,1 - Acessar Home,200,OK,Teste de Carga - 250 usuarios 1-29,text,true,,4757,120,250,250,https://www.blazedemo.com/,401,0,0
1774386544225,350,3 - Comprar Passagem,200,OK,Teste de Carga - 250 usuarios 1-43,text,true,,6719,420,250,250,https://www.blazedemo.com/purchase.php,338,0,0
1774386544293,286,2 - Escolher Voo,200,OK,Teste de Carga - 250 usuarios 1-39,text,true,,7381,250,250,250,https://www.blazedemo.com/reserve.php,266,0,0
1774386544305,291,1 - Acessar Home,200,OK,Teste de Carga - 250 usuarios 1-93,text,true,,4757,120,250,250,https://www.blazedemo.com/,278,0,0
1774386544334,262,3 - Comprar Passagem,200,OK,Teste de Carga - 250 usuarios 1-173,text,true,,6719,420,250,250,https://www.blazedemo.com/purchase.php,250,0,0
1774386544331,269,2 - Escolher Voo,200,OK,Teste de Carga - 250 usuarios 1-188,text,true,,7381,250,250,250,https://www.blazedemo.com/reserve.php,252,0,0
1774386544300,300,2 - Escolher Voo,200,OK,Teste de Carga - 250 usuarios 1-165,text,true,,7381,250,250,250,https://www.blazedemo.com/reserve.php,283,0,0
1774386541177,3423,3 - Comprar Passagem,200,OK,Teste de Carga - 250 usuarios 1-213,text,true,,6719,420,250,250,https://www.blazedemo.com/purchase.php,3410,0,0
1774386544225,380,1 - Acessar Home,200,OK,Teste de Carga - 250 usuarios 1-4,text,true,,4757,120,250,250,https://www.blazedemo.com/,368,0,0
1774386544252,364,2 - Escolher Voo,200,OK,Teste de Carga - 250 usuarios 1-242,text,true,,7381,250,250,250,https://www.blazedemo.com/reserve.php,344,0,0
1774386544270,350,2 - Escolher Voo,200,OK,Teste de Carga - 250 usuarios 1-198,text,true,,7381,250,250,250,https://www.blazedemo.com/reserve.php,330,0,0
1774386544358,265,3 - Comprar Passagem,200,OK,Teste de Carga - 250 usuarios 1-225,text,true,,6719,420,250,250,https://www.blazedemo.com/purchase.php,253,0,0
1774386544280,344,1 - Acessar Home,200,OK,Teste de Carga - 250 usuarios 1-110,text,true,,4757,120,250,250,https://www.blazedemo.com/,331,0,0
1774386544261,363,2 - Escolher Voo,200,OK,Teste de Carga - 250 usuarios 1-155,text,true,,7381,250,250,250,https://www.blazedemo.com/reserve.php,340,0,0
1774386544289,335,3 - Comprar Passagem,200,OK,Teste de Carga - 250 usuarios 1-107,text,true,,6719,420,250,250,https://www.blazedemo.com/purchase.php,322,0,0
1774386544332,293,1 - Acessar Home,200,OK,Teste de Carga - 250 usuarios 1-5,text,true,,4757,120,250,250,https://www.blazedemo.com/,281,0,0
1774386544274,351,2 - Escolher Voo,200,OK,Teste de Carga - 250 usuarios 1-241,text,true,,7381,250,250,250,https://www.blazedemo.com/reserve.php,331,0,0
1774386544314,312,1 - Acessar Home,200,OK,Teste de Carga - 250 usuarios 1-184,text,true,,4757,120,250,250,https://www.blazedemo.com/,300,0,0
1774386544332,304,1 - Acessar Home,200,OK,Teste de Carga - 250 usuarios 1-66,text,true,,4757,120,250,250,https://www.blazedemo.com/,292,0,0
1774386541368,3271,3 - Comprar Passagem,200,OK,Teste de Carga - 250 usuarios 1-102,text,true,,6719,420,250,250,https://www.blazedemo.com/purchase.php,3260,0,0
1774386544349,297,1 - Acessar Home,200,OK,Teste de Carga - 250 usuarios 1-158,text,true,,4757,120,250,250,https://www.blazedemo.com/,285,0,0
1774386544412,238,1 - Acessar Home,200,OK,Teste de Carga - 250 usuarios 1-81,text,true,,4761,120,250,250,https://www.blazedemo.com/,226,0,0
1774386544247,403,1 - Acessar Home,200,OK,Teste de Carga - 250 usuarios 1-167,text,true,,4757,120,250,250,https://www.blazedemo.com/,392,0,0
1774386539848,4811,3 - Comprar Passagem,200,OK,Teste de Carga - 250 usuarios 1-21,text,true,,6719,420,250,250,https://www.blazedemo.com/purchase.php,4798,0,0
1774386544336,322,2 - Escolher Voo,200,OK,Teste de Carga - 250 usuarios 1-229,text,true,,7381,250,250,250,https://www.blazedemo.com/reserve.php,305,0,0
1774386544349,314,1 - Acessar Home,200,OK,Teste de Carga - 250 usuarios 1-169,text,true,,4757,120,250,250,https://www.blazedemo.com/,302,0,0
1774386544225,439,3 - Comprar Passagem,200,OK,Teste de Carga - 250 usuarios 1-217,text,true,,6719,420,250,250,https://www.blazedemo.com/purchase.php,425,0,0
1774386544408,258,2 - Escolher Voo,200,OK,Teste de Carga - 250 usuarios 1-187,text,true,,7381,250,250,250,https://www.blazedemo.com/reserve.php,238,0,0
1774386543353,1314,2 - Escolher Voo,200,OK,Teste de Carga - 250 usuarios 1-136,text,true,,7381,250,250,250,https://www.blazedemo.com/reserve.php,1297,0,0
1774386544340,332,3 - Comprar Passagem,200,OK,Teste de Carga - 250 usuarios 1-210,text,true,,6719,420,250,250,https://www.blazedemo.com/purchase.php,320,0,0
1774386540420,4255,2 - Escolher Voo,200,OK,Teste de Carga - 250 usuarios 1-119,text,true,,7381,250,250,250,https://www.blazedemo.com/reserve.php,4235,0,0
1774386544427,247,3 - Comprar Passagem,200,OK,Teste de Carga - 250 usuarios 1-199,text,true,,6719,420,250,250,https://www.blazedemo.com/purchase.php,235,0,0
1774386544322,361,1 - Acessar Home,200,OK,Teste de Carga - 250 usuarios 1-191,text,true,,4757,120,250,250,https://www.blazedemo.com/,350,0,0
1774386544409,276,1 - Acessar Home,200,OK,Teste de Carga - 250 usuarios 1-51,text,true,,4757,120,250,250,https://www.blazedemo.com/,263,0,0
1774386544376,309,1 - Acessar Home,200,OK,Teste de Carga - 250 usuarios 1-128,text,true,,4757,120,250,250,https://www.blazedemo.com/,296,0,0
1774386541401,3290,3 - Comprar Passagem,200,OK,Teste de Carga - 250 usuarios 1-91,text,true,,6719,420,250,250,https://www.blazedemo.com/purchase.php,3278,0,0
1774386544362,331,1 - Acessar Home,200,OK,Teste de Carga - 250 usuarios 1-82,text,true,,4757,120,250,250,https://www.blazedemo.com/,319,0,0
1774386544377,316,3 - Comprar Passagem,200,OK,Teste de Carga - 250 usuarios 1-46,text,true,,6719,420,250,250,https://www.blazedemo.com/purchase.php,300,0,0
1774386544436,260,2 - Escolher Voo,200,OK,Teste de Carga - 250 usuarios 1-12,text,true,,7381,250,250,250,https://www.blazedemo.com/reserve.php,240,0,0
1774386544330,375,1 - Acessar Home,200,OK,Teste de Carga - 250 usuarios 1-145,text,true,,4757,120,250,250,https://www.blazedemo.com/,365,0,0
1774386544427,288,2 - Escolher Voo,200,OK,Teste de Carga - 250 usuarios 1-153,text,true,,7381,250,250,250,https://www.blazedemo.com/reserve.php,267,0,0
1774386544357,358,2 - Escolher Voo,200,OK,Teste de Carga - 250 usuarios 1-204,text,true,,7381,250,250,250,https://www.blazedemo.com/reserve.php,337,0,0
1774386544372,351,2 - Escolher Voo,200,OK,Teste de Carga - 250 usuarios 1-80,text,true,,7381,250,250,250,https://www.blazedemo.com/reserve.php,331,0,0
1774386544473,253,1 - Acessar Home,200,OK,Teste de Carga - 250 usuarios 1-197,text,true,,4757,120,250,250,https://www.blazedemo.com/,241,0,0
1774386544363,370,1 - Acessar Home,200,OK,Teste de Carga - 250 usuarios 1-87,text,true,,4757,120,250,250,https://www.blazedemo.com/,359,0,0
1774386544379,354,3 - Comprar Passagem,200,OK,Teste de Carga - 250 usuarios 1-72,text,true,,6719,420,250,250,https://www.blazedemo.com/purchase.php,340,0,0
1774386544376,359,2 - Escolher Voo,200,OK,Teste de Carga - 250 usuarios 1-90,text,true,,7381,250,250,250,https://www.blazedemo.com/reserve.php,342,0,0
1774386544472,263,1 - Acessar Home,200,OK,Teste de Carga - 250 usuarios 1-161,text,true,,4757,120,250,250,https://www.blazedemo.com/,251,0,0
1774386544461,282,3 - Comprar Passagem,200,OK,Teste de Carga - 250 usuarios 1-125,text,true,,6719,420,250,250,https://www.blazedemo.com/purchase.php,270,0,0
1774386544462,282,3 - Comprar Passagem,200,OK,Teste de Carga - 250 usuarios 1-216,text,true,,6719,420,250,250,https://www.blazedemo.com/purchase.php,270,0,0
1774386544440,304,3 - Comprar Passagem,200,OK,Teste de Carga - 250 usuarios 1-7,text,true,,6719,420,250,250,https://www.blazedemo.com/purchase.php,291,0,0
1774386544408,344,3 - Comprar Passagem,200,OK,Teste de Carga - 250 usuarios 1-13,text,true,,6719,420,250,250,https://www.blazedemo.com/purchase.php,332,0,0
1774386544449,307,3 - Comprar Passagem,200,OK,Teste de Carga - 250 usuarios 1-220,text,true,,6719,420,250,250,https://www.blazedemo.com/purchase.php,295,0,0
1774386540466,4292,3 - Comprar Passagem,200,OK,Teste de Carga - 250 usuarios 1-116,text,true,,6719,420,250,250,https://www.blazedemo.com/purchase.php,4279,0,0
1774386544449,316,1 - Acessar Home,200,OK,Teste de Carga - 250 usuarios 1-148,text,true,,4757,120,250,250,https://www.blazedemo.com/,305,0,0
1774386539912,4855,2 - Escolher Voo,200,OK,Teste de Carga - 250 usuarios 1-137,text,true,,7381,250,250,250,https://www.blazedemo.com/reserve.php,4834,0,0
1774386544470,298,1 - Acessar Home,200,OK,Teste de Carga - 250 usuarios 1-96,text,true,,4757,120,250,250,https://www.blazedemo.com/,285,0,0
1774386544547,225,1 - Acessar Home,200,OK,Teste de Carga - 250 usuarios 1-234,text,true,,4757,120,250,250,https://www.blazedemo.com/,214,0,0
1774386543381,1398,3 - Comprar Passagem,200,OK,Teste de Carga - 250 usuarios 1-171,text,true,,6719,420,250,250,https://www.blazedemo.com/purchase.php,1388,0,0
1774386544424,355,3 - Comprar Passagem,200,OK,Teste de Carga - 250 usuarios 1-50,text,true,,6719,420,250,250,https://www.blazedemo.com/purchase.php,345,0,0
1774386544401,378,1 - Acessar Home,200,OK,Teste de Carga - 250 usuarios 1-122,text,true,,4757,120,250,250,https://www.blazedemo.com/,368,0,0
1774386541409,3373,3 - Comprar Passagem,200,OK,Teste de Carga - 250 usuarios 1-22,text,true,,6719,420,250,250,https://www.blazedemo.com/purchase.php,3361,0,0
1774386541413,3372,3 - Comprar Passagem,200,OK,Teste de Carga - 250 usuarios 1-185,text,true,,6719,420,250,250,https://www.blazedemo.com/purchase.php,3359,0,0
1774386544509,278,2 - Escolher Voo,200,OK,Teste de Carga - 250 usuarios 1-98,text,true,,7381,250,250,250,https://www.blazedemo.com/reserve.php,260,0,0
1774386544503,285,3 - Comprar Passagem,200,OK,Teste de Carga - 250 usuarios 1-71,text,true,,6719,420,250,250,https://www.blazedemo.com/purchase.php,274,0,0
1774386544416,378,2 - Escolher Voo,200,OK,Teste de Carga - 250 usuarios 1-221,text,true,,7381,250,250,250,https://www.blazedemo.com/reserve.php,356,0,0
1774386544569,235,2 - Escolher Voo,200,OK,Teste de Carga - 250 usuarios 1-29,text,true,,7381,250,250,250,https://www.blazedemo.com/reserve.php,216,0,0
1774386544523,284,1 - Acessar Home,200,OK,Teste de Carga - 250 usuarios 1-235,text,true,,4757,120,250,250,https://www.blazedemo.com/,272,0,0
1774386544431,381,3 - Comprar Passagem,200,OK,Teste de Carga - 250 usuarios 1-142,text,true,,6719,420,250,250,https://www.blazedemo.com/purchase.php,368,0,0
1774386544477,337,1 - Acessar Home,200,OK,Teste de Carga - 250 usuarios 1-10,text,true,,4757,120,250,250,https://www.blazedemo.com/,325,0,0
1774386544535,281,1 - Acessar Home,200,OK,Teste de Carga - 250 usuarios 1-27,text,true,,4757,120,250,250,https://www.blazedemo.com/,270,0,0
1774386544465,361,2 - Escolher Voo,200,OK,Teste de Carga - 250 usuarios 1-164,text,true,,7381,250,250,250,https://www.blazedemo.com/reserve.php,341,0,0
1774386544542,288,1 - Acessar Home,200,OK,Teste de Carga - 250 usuarios 1-141,text,true,,4757,120,250,250,https://www.blazedemo.com/,276,0,0
1774386544446,389,3 - Comprar Passagem,200,OK,Teste de Carga - 250 usuarios 1-192,text,true,,6719,420,250,250,https://www.blazedemo.com/purchase.php,376,0,0
1774386544560,278,1 - Acessar Home,200,OK,Teste de Carga - 250 usuarios 1-156,text,true,,4757,120,250,250,https://www.blazedemo.com/,266,0,0
1774386544527,313,1 - Acessar Home,200,OK,Teste de Carga - 250 usuarios 1-117,text,true,,4757,120,250,250,https://www.blazedemo.com/,301,0,0
1774386544527,317,1 - Acessar Home,200,OK,Teste de Carga - 250 usuarios 1-201,text,true,,4757,120,250,250,https://www.blazedemo.com/,304,0,0
1774386544530,317,2 - Escolher Voo,200,OK,Teste de Carga - 250 usuarios 1-237,text,true,,7381,250,250,250,https://www.blazedemo.com/reserve.php,296,0,0
1774386544600,254,3 - Comprar Passagem,200,OK,Teste de Carga - 250 usuarios 1-188,text,true,,6719,420,250,250,https://www.blazedemo.com/purchase.php,240,0,0
1774386544560,294,2 - Escolher Voo,200,OK,Teste de Carga - 250 usuarios 1-76,text,true,,7381,250,250,250,https://www.blazedemo.com/reserve.php,278,0,0
1774386544554,301,2 - Escolher Voo,200,OK,Teste de Carga - 250 usuarios 1-152,text,true,,7381,250,250,250,https://www.blazedemo.com/reserve.php,283,0,0
1774386544515,341,1 - Acessar Home,200,OK,Teste de Carga - 250 usuarios 1-52,text,true,,4757,120,250,250,https://www.blazedemo.com/,329,0,0
1774386544547,311,2 - Escolher Voo,200,OK,Teste de Carga - 250 usuarios 1-111,text,true,,7381,250,250,250,https://www.blazedemo.com/reserve.php,291,0,0
1774386544506,359,3 - Comprar Passagem,200,OK,Teste de Carga - 250 usuarios 1-56,text,true,,6719,420,250,250,https://www.blazedemo.com/purchase.php,347,0,0
1774386544575,294,1 - Acessar Home,200,OK,Teste de Carga - 250 usuarios 1-43,text,true,,4757,120,250,250,https://www.blazedemo.com/,281,0,0
1774386544600,271,3 - Comprar Passagem,200,OK,Teste de Carga - 250 usuarios 1-165,text,true,,6719,420,250,250,https://www.blazedemo.com/purchase.php,258,0,0
1774386541669,3203,1 - Acessar Home,200,OK,Teste de Carga - 250 usuarios 1-57,text,true,,4757,120,250,250,https://www.blazedemo.com/,3191,0,0
1774386543380,1492,1 - Acessar Home,200,OK,Teste de Carga - 250 usuarios 1-121,text,true,,4757,120,250,250,https://www.blazedemo.com/,1480,0,0
1774386544596,280,2 - Escolher Voo,200,OK,Teste de Carga - 250 usuarios 1-93,text,true,,7381,250,250,250,https://www.blazedemo.com/reserve.php,259,0,0
1774386544537,342,3 - Comprar Passagem,200,OK,Teste de Carga - 250 usuarios 1-6,text,true,,6719,420,250,250,https://www.blazedemo.com/purchase.php,330,0,0
1774386544499,381,3 - Comprar Passagem,200,OK,Teste de Carga - 250 usuarios 1-154,text,true,,6719,420,250,250,https://www.blazedemo.com/purchase.php,364,0,0
1774386544620,271,3 - Comprar Passagem,200,OK,Teste de Carga - 250 usuarios 1-198,text,true,,6719,420,250,250,https://www.blazedemo.com/purchase.php,259,0,0
1774386544596,301,1 - Acessar Home,200,OK,Teste de Carga - 250 usuarios 1-173,text,true,,4757,120,250,250,https://www.blazedemo.com/,288,0,0
1774386544616,287,3 - Comprar Passagem,200,OK,Teste de Carga - 250 usuarios 1-242,text,true,,6719,420,250,250,https://www.blazedemo.com/purchase.php,276,0,0
1774386544567,338,1 - Acessar Home,200,OK,Teste de Carga - 250 usuarios 1-208,text,true,,4757,120,250,250,https://www.blazedemo.com/,326,0,0
1774386541420,3486,3 - Comprar Passagem,200,OK,Teste de Carga - 250 usuarios 1-211,text,true,,6719,420,250,250,https://www.blazedemo.com/purchase.php,3474,0,0
1774386544663,252,2 - Escolher Voo,200,OK,Teste de Carga - 250 usuarios 1-169,text,true,,7381,250,250,250,https://www.blazedemo.com/reserve.php,231,0,0
1774386544624,291,1 - Acessar Home,200,OK,Teste de Carga - 250 usuarios 1-107,text,true,,4757,120,250,250,https://www.blazedemo.com/,279,0,0
1774386540058,4859,2 - Escolher Voo,200,OK,Teste de Carga - 250 usuarios 1-85,text,true,,7381,250,250,250,https://www.blazedemo.com/reserve.php,4840,0,0
1774386544535,383,1 - Acessar Home,200,OK,Teste de Carga - 250 usuarios 1-32,text,true,,4757,120,250,250,https://www.blazedemo.com/,371,0,0
1774386544658,261,3 - Comprar Passagem,200,OK,Teste de Carga - 250 usuarios 1-229,text,true,,6719,420,250,250,https://www.blazedemo.com/purchase.php,249,0,0
1774386544658,268,1 - Acessar Home,200,OK,Teste de Carga - 250 usuarios 1-21,text,true,,4757,120,250,250,https://www.blazedemo.com/,256,0,0
1774386544600,334,1 - Acessar Home,200,OK,Teste de Carga - 250 usuarios 1-213,text,true,,4757,120,250,250,https://www.blazedemo.com/,325,0,0
1774386544469,466,1 - Acessar Home,200,OK,Teste de Carga - 250 usuarios 1-134,text,true,,4757,120,250,250,https://www.blazedemo.com/,456,0,0
1774386544625,315,3 - Comprar Passagem,200,OK,Teste de Carga - 250 usuarios 1-241,text,true,,6719,420,250,250,https://www.blazedemo.com/purchase.php,303,0,0
1774386544639,303,1 - Acessar Home,200,OK,Teste de Carga - 250 usuarios 1-102,text,true,,4757,120,250,250,https://www.blazedemo.com/,293,0,0
1774386544664,279,1 - Acessar Home,200,OK,Teste de Carga - 250 usuarios 1-217,text,true,,4757,120,250,250,https://www.blazedemo.com/,268,0,0
1774386544561,382,2 - Escolher Voo,200,OK,Teste de Carga - 250 usuarios 1-45,text,true,,7381,250,250,250,https://www.blazedemo.com/reserve.php,364,0,0
1774386544650,303,2 - Escolher Voo,200,OK,Teste de Carga - 250 usuarios 1-81,text,true,,7381,250,250,250,https://www.blazedemo.com/reserve.php,283,0,0
1774386544624,338,3 - Comprar Passagem,200,OK,Teste de Carga - 250 usuarios 1-155,text,true,,6719,420,250,250,https://www.blazedemo.com/purchase.php,325,0,0
1774386544605,357,2 - Escolher Voo,200,OK,Teste de Carga - 250 usuarios 1-4,text,true,,7381,250,250,250,https://www.blazedemo.com/reserve.php,337,0,0
1774386544524,439,1 - Acessar Home,200,OK,Teste de Carga - 250 usuarios 1-75,text,true,,4757,120,250,250,https://www.blazedemo.com/,427,0,0
1774386544623,343,1 - Acessar Home,200,OK,Teste de Carga - 250 usuarios 1-225,text,true,,4757,120,250,250,https://www.blazedemo.com/,331,0,0
1774386544674,294,3 - Comprar Passagem,200,OK,Teste de Carga - 250 usuarios 1-119,text,true,,6719,420,250,250,https://www.blazedemo.com/purchase.php,282,0,0
1774386544672,300,1 - Acessar Home,200,OK,Teste de Carga - 250 usuarios 1-210,text,true,,4757,120,250,250,https://www.blazedemo.com/,288,0,0
1774386541759,3217,2 - Escolher Voo,200,OK,Teste de Carga - 250 usuarios 1-84,text,true,,7381,250,250,250,https://www.blazedemo.com/reserve.php,3194,0,0
1774386544683,296,2 - Escolher Voo,200,OK,Teste de Carga - 250 usuarios 1-191,text,true,,7381,250,250,250,https://www.blazedemo.com/reserve.php,275,0,0
1774386544705,280,2 - Escolher Voo,200,OK,Teste de Carga - 250 usuarios 1-145,text,true,,7381,250,250,250,https://www.blazedemo.com/reserve.php,260,0,0
1774386540125,4868,1 - Acessar Home,200,OK,Teste de Carga - 250 usuarios 1-19,text,true,,4757,120,250,250,https://www.blazedemo.com/,4855,0,0
1774386544551,443,1 - Acessar Home,200,OK,Teste de Carga - 250 usuarios 1-230,text,true,,4757,120,250,250,https://www.blazedemo.com/,430,0,0
1774386544693,306,1 - Acessar Home,200,OK,Teste de Carga - 250 usuarios 1-46,text,true,,4757,120,250,250,https://www.blazedemo.com/,293,0,0
1774386543738,1266,3 - Comprar Passagem,200,OK,Teste de Carga - 250 usuarios 1-120,text,true,,6719,420,250,250,https://www.blazedemo.com/purchase.php,1254,0,0
1774386544735,275,2 - Escolher Voo,200,OK,Teste de Carga - 250 usuarios 1-161,text,true,,7381,250,250,250,https://www.blazedemo.com/reserve.php,255,0,0
1774386544674,341,1 - Acessar Home,200,OK,Teste de Carga - 250 usuarios 1-199,text,true,,4757,120,250,250,https://www.blazedemo.com/,329,0,0
1774386544726,294,2 - Escolher Voo,200,OK,Teste de Carga - 250 usuarios 1-197,text,true,,7381,250,250,250,https://www.blazedemo.com/reserve.php,274,0,0
1774386544744,284,1 - Acessar Home,200,OK,Teste de Carga - 250 usuarios 1-216,text,true,,4757,120,250,250,https://www.blazedemo.com/,271,0,0
1774386541454,3574,2 - Escolher Voo,200,OK,Teste de Carga - 250 usuarios 1-3,text,true,,7381,250,250,250,https://www.blazedemo.com/reserve.php,3554,0,0
1774386544735,294,3 - Comprar Passagem,200,OK,Teste de Carga - 250 usuarios 1-90,text,true,,6719,420,250,250,https://www.blazedemo.com/purchase.php,282,0,0
1774386544715,316,3 - Comprar Passagem,200,OK,Teste de Carga - 250 usuarios 1-204,text,true,,6719,420,250,250,https://www.blazedemo.com/purchase.php,304,0,0
1774386544696,339,3 - Comprar Passagem,200,OK,Teste de Carga - 250 usuarios 1-12,text,true,,6719,420,250,250,https://www.blazedemo.com/purchase.php,326,0,0
1774386544691,344,1 - Acessar Home,200,OK,Teste de Carga - 250 usuarios 1-91,text,true,,4757,120,250,250,https://www.blazedemo.com/,331,0,0
1774386544624,411,2 - Escolher Voo,200,OK,Teste de Carga - 250 usuarios 1-110,text,true,,7381,250,250,250,https://www.blazedemo.com/reserve.php,391,0,0
1774386544685,350,2 - Escolher Voo,200,OK,Teste de Carga - 250 usuarios 1-128,text,true,,7381,250,250,250,https://www.blazedemo.com/reserve.php,330,0,0
1774386544773,265,2 - Escolher Voo,200,OK,Teste de Carga - 250 usuarios 1-234,text,true,,7381,250,250,250,https://www.blazedemo.com/reserve.php,245,0,0
1774386544715,327,3 - Comprar Passagem,200,OK,Teste de Carga - 250 usuarios 1-153,text,true,,6719,420,250,250,https://www.blazedemo.com/purchase.php,315,0,0
1774386544693,360,2 - Escolher Voo,200,OK,Teste de Carga - 250 usuarios 1-82,text,true,,7381,250,250,250,https://www.blazedemo.com/reserve.php,339,0,0
1774386544685,368,2 - Escolher Voo,200,OK,Teste de Carga - 250 usuarios 1-51,text,true,,7381,250,250,250,https://www.blazedemo.com/reserve.php,349,0,0
1774386544766,294,3 - Comprar Passagem,200,OK,Teste de Carga - 250 usuarios 1-137,text,true,,6719,420,250,250,https://www.blazedemo.com/purchase.php,282,0,0
1774386544779,283,2 - Escolher Voo,200,OK,Teste de Carga - 250 usuarios 1-122,text,true,,7381,250,250,250,https://www.blazedemo.com/reserve.php,264,0,0
1774386544733,332,2 - Escolher Voo,200,OK,Teste de Carga - 250 usuarios 1-87,text,true,,7381,250,250,250,https://www.blazedemo.com/reserve.php,312,0,0
1774386544779,288,1 - Acessar Home,200,OK,Teste de Carga - 250 usuarios 1-171,text,true,,4757,120,250,250,https://www.blazedemo.com/,276,0,0
1774386544723,347,3 - Comprar Passagem,200,OK,Teste de Carga - 250 usuarios 1-80,text,true,,6719,420,250,250,https://www.blazedemo.com/purchase.php,334,0,0
1774386544769,305,2 - Escolher Voo,200,OK,Teste de Carga - 250 usuarios 1-96,text,true,,7381,250,250,250,https://www.blazedemo.com/reserve.php,284,0,0
1774386544579,496,3 - Comprar Passagem,200,OK,Teste de Carga - 250 usuarios 1-39,text,true,,6719,420,250,250,https://www.blazedemo.com/purchase.php,483,0,0
1774386544782,296,1 - Acessar Home,200,OK,Teste de Carga - 250 usuarios 1-22,text,true,,4757,120,250,250,https://www.blazedemo.com/,285,0,0
1774386544744,336,1 - Acessar Home,200,OK,Teste de Carga - 250 usuarios 1-7,text,true,,4757,120,250,250,https://www.blazedemo.com/,324,0,0
1774386541767,3314,2 - Escolher Voo,200,OK,Teste de Carga - 250 usuarios 1-114,text,true,,7381,250,250,250,https://www.blazedemo.com/reserve.php,3293,0,0
1774386544743,348,1 - Acessar Home,200,OK,Teste de Carga - 250 usuarios 1-125,text,true,,4757,120,250,250,https://www.blazedemo.com/,336,0,0
1774386544788,306,1 - Acessar Home,200,OK,Teste de Carga - 250 usuarios 1-71,text,true,,4757,120,250,250,https://www.blazedemo.com/,294,0,0
1774386544804,293,3 - Comprar Passagem,200,OK,Teste de Carga - 250 usuarios 1-29,text,true,,6719,420,250,250,https://www.blazedemo.com/purchase.php,281,0,0
1774386544794,307,3 - Comprar Passagem,200,OK,Teste de Carga - 250 usuarios 1-221,text,true,,6719,420,250,250,https://www.blazedemo.com/purchase.php,295,0,0
1774386544625,479,2 - Escolher Voo,200,OK,Teste de Carga - 250 usuarios 1-5,text,true,,7381,250,250,250,https://www.blazedemo.com/reserve.php,459,0,0
1774386544858,252,3 - Comprar Passagem,200,OK,Teste de Carga - 250 usuarios 1-111,text,true,,6719,420,250,250,https://www.blazedemo.com/purchase.php,235,0,0
1774386544779,332,1 - Acessar Home,200,OK,Teste de Carga - 250 usuarios 1-50,text,true,,4757,120,250,250,https://www.blazedemo.com/,319,0,0
1774386543833,1279,1 - Acessar Home,200,OK,Teste de Carga - 250 usuarios 1-240,text,true,,4757,120,250,250,https://www.blazedemo.com/,1266,0,0
1774386544838,282,2 - Escolher Voo,200,OK,Teste de Carga - 250 usuarios 1-156,text,true,,7381,250,250,250,https://www.blazedemo.com/reserve.php,261,0,0
1774386544766,364,2 - Escolher Voo,200,OK,Teste de Carga - 250 usuarios 1-148,text,true,,7381,250,250,250,https://www.blazedemo.com/reserve.php,342,0,0
1774386540189,4949,1 - Acessar Home,200,OK,Teste de Carga - 250 usuarios 1-239,text,true,,4757,120,250,250,https://www.blazedemo.com/,4937,0,0
1774386544865,275,1 - Acessar Home,200,OK,Teste de Carga - 250 usuarios 1-56,text,true,,4757,120,250,250,https://www.blazedemo.com/,263,0,0
1774386544855,286,3 - Comprar Passagem,200,OK,Teste de Carga - 250 usuarios 1-152,text,true,,6719,420,250,250,https://www.blazedemo.com/purchase.php,274,0,0
1774386544666,480,3 - Comprar Passagem,200,OK,Teste de Carga - 250 usuarios 1-187,text,true,,6719,420,250,250,https://www.blazedemo.com/purchase.php,468,0,0
1774386544835,312,1 - Acessar Home,200,OK,Teste de Carga - 250 usuarios 1-192,text,true,,4757,120,250,250,https://www.blazedemo.com/,300,0,0
1774386544816,331,2 - Escolher Voo,200,OK,Teste de Carga - 250 usuarios 1-27,text,true,,7381,250,250,250,https://www.blazedemo.com/reserve.php,310,0,0
1774386540901,4246,2 - Escolher Voo,200,OK,Teste de Carga - 250 usuarios 1-205,text,true,,7381,250,250,250,https://www.blazedemo.com/reserve.php,4226,0,0
1774386544872,287,2 - Escolher Voo,200,OK,Teste de Carga - 250 usuarios 1-121,text,true,,7381,250,250,250,https://www.blazedemo.com/reserve.php,268,0,0
1774386544830,329,2 - Escolher Voo,200,OK,Teste de Carga - 250 usuarios 1-141,text,true,,7381,250,250,250,https://www.blazedemo.com/reserve.php,309,0,0
1774386544752,408,1 - Acessar Home,200,OK,Teste de Carga - 250 usuarios 1-13,text,true,,4757,120,250,250,https://www.blazedemo.com/,396,0,0
1774386544785,377,1 - Acessar Home,200,OK,Teste de Carga - 250 usuarios 1-185,text,true,,4757,120,250,250,https://www.blazedemo.com/,365,0,0
1774386544812,350,1 - Acessar Home,200,OK,Teste de Carga - 250 usuarios 1-142,text,true,,4757,120,250,250,https://www.blazedemo.com/,338,0,0
1774386544871,291,1 - Acessar Home,200,OK,Teste de Carga - 250 usuarios 1-165,text,true,,4757,120,250,250,https://www.blazedemo.com/,280,0,0
1774386541471,3696,3 - Comprar Passagem,200,OK,Teste de Carga - 250 usuarios 1-99,text,true,,6719,420,250,250,https://www.blazedemo.com/purchase.php,3684,0,0
1774386544808,362,2 - Escolher Voo,200,OK,Teste de Carga - 250 usuarios 1-235,text,true,,7381,250,250,250,https://www.blazedemo.com/reserve.php,343,0,0
1774386544891,286,1 - Acessar Home,200,OK,Teste de Carga - 250 usuarios 1-198,text,true,,4757,120,250,250,https://www.blazedemo.com/,274,0,0
1774386541785,3393,2 - Escolher Voo,200,OK,Teste de Carga - 250 usuarios 1-11,text,true,,7381,250,250,250,https://www.blazedemo.com/reserve.php,3377,0,0
1774386544880,304,1 - Acessar Home,200,OK,Teste de Carga - 250 usuarios 1-154,text,true,,4757,120,250,250,https://www.blazedemo.com/,292,0,0
1774386544826,359,3 - Comprar Passagem,200,OK,Teste de Carga - 250 usuarios 1-164,text,true,,6719,420,250,250,https://www.blazedemo.com/purchase.php,347,0,0
1774386544879,307,1 - Acessar Home,200,OK,Teste de Carga - 250 usuarios 1-6,text,true,,4757,120,250,250,https://www.blazedemo.com/,295,0,0
1774386544915,271,2 - Escolher Voo,200,OK,Teste de Carga - 250 usuarios 1-107,text,true,,7381,250,250,250,https://www.blazedemo.com/reserve.php,251,0,0
1774386544905,289,2 - Escolher Voo,200,OK,Teste de Carga - 250 usuarios 1-208,text,true,,7381,250,250,250,https://www.blazedemo.com/reserve.php,273,0,0
1774386544903,291,1 - Acessar Home,200,OK,Teste de Carga - 250 usuarios 1-242,text,true,,4757,120,250,250,https://www.blazedemo.com/,279,0,0
1774386541806,3391,3 - Comprar Passagem,200,OK,Teste de Carga - 250 usuarios 1-8,text,true,,6719,420,250,250,https://www.blazedemo.com/purchase.php,3379,0,0
1774386544919,278,1 - Acessar Home,200,OK,Teste de Carga - 250 usuarios 1-229,text,true,,4757,120,250,250,https://www.blazedemo.com/,267,0,0
1774386544840,359,2 - Escolher Voo,200,OK,Teste de Carga - 250 usuarios 1-117,text,true,,7381,250,250,250,https://www.blazedemo.com/reserve.php,339,0,0
1774386544915,293,3 - Comprar Passagem,200,OK,Teste de Carga - 250 usuarios 1-169,text,true,,6719,420,250,250,https://www.blazedemo.com/purchase.php,282,0,0
1774386544940,272,1 - Acessar Home,200,OK,Teste de Carga - 250 usuarios 1-241,text,true,,4757,120,250,250,https://www.blazedemo.com/,262,0,0
1774386544847,368,3 - Comprar Passagem,200,OK,Teste de Carga - 250 usuarios 1-237,text,true,,6719,420,250,250,https://www.blazedemo.com/purchase.php,356,0,0
1774386544872,349,2 - Escolher Voo,200,OK,Teste de Carga - 250 usuarios 1-57,text,true,,7381,250,250,250,https://www.blazedemo.com/reserve.php,328,0,0
1774386540198,5025,1 - Acessar Home,200,OK,Teste de Carga - 250 usuarios 1-42,text,true,,4757,120,250,250,https://www.blazedemo.com/,5013,0,0
1774386544943,281,2 - Escolher Voo,200,OK,Teste de Carga - 250 usuarios 1-217,text,true,,7381,250,250,250,https://www.blazedemo.com/reserve.php,261,0,0
1774386544953,276,3 - Comprar Passagem,200,OK,Teste de Carga - 250 usuarios 1-81,text,true,,6719,420,250,250,https://www.blazedemo.com/purchase.php,264,0,0
1774386544926,304,2 - Escolher Voo,200,OK,Teste de Carga - 250 usuarios 1-21,text,true,,7381,250,250,250,https://www.blazedemo.com/reserve.php,283,0,0
1774386543873,1361,2 - Escolher Voo,200,OK,Teste de Carga - 250 usuarios 1-163,text,true,,7381,250,250,250,https://www.blazedemo.com/reserve.php,1341,0,0
1774386544934,302,2 - Escolher Voo,200,OK,Teste de Carga - 250 usuarios 1-213,text,true,,7381,250,250,250,https://www.blazedemo.com/reserve.php,285,0,0
1774386544906,334,1 - Acessar Home,200,OK,Teste de Carga - 250 usuarios 1-211,text,true,,4757,120,250,250,https://www.blazedemo.com/,321,0,0
1774386544976,267,3 - Comprar Passagem,200,OK,Teste de Carga - 250 usuarios 1-84,text,true,,6719,420,250,250,https://www.blazedemo.com/purchase.php,255,0,0
1774386544918,332,2 - Escolher Voo,200,OK,Teste de Carga - 250 usuarios 1-32,text,true,,7381,250,250,250,https://www.blazedemo.com/reserve.php,311,0,0
1774386541509,3744,2 - Escolher Voo,200,OK,Teste de Carga - 250 usuarios 1-147,text,true,,7381,250,250,250,https://www.blazedemo.com/reserve.php,3724,0,0
1774386544966,291,2 - Escolher Voo,200,OK,Teste de Carga - 250 usuarios 1-225,text,true,,7381,250,250,250,https://www.blazedemo.com/reserve.php,271,0,0
1774386545010,248,3 - Comprar Passagem,200,OK,Teste de Carga - 250 usuarios 1-161,text,true,,6719,420,250,250,https://www.blazedemo.com/purchase.php,231,0,0
1774386544856,402,2 - Escolher Voo,200,OK,Teste de Carga - 250 usuarios 1-52,text,true,,7381,250,250,250,https://www.blazedemo.com/reserve.php,382,0,0
1774386544897,362,2 - Escolher Voo,200,OK,Teste de Carga - 250 usuarios 1-173,text,true,,7381,250,250,250,https://www.blazedemo.com/reserve.php,342,0,0
1774386545029,239,1 - Acessar Home,200,OK,Teste de Carga - 250 usuarios 1-90,text,true,,4757,120,250,250,https://www.blazedemo.com/,227,0,0
1774386541693,3576,2 - Escolher Voo,200,OK,Teste de Carga - 250 usuarios 1-124,text,true,,7381,250,250,250,https://www.blazedemo.com/reserve.php,3556,0,0
1774386544985,287,3 - Comprar Passagem,200,OK,Teste de Carga - 250 usuarios 1-145,text,true,,6719,420,250,250,https://www.blazedemo.com/purchase.php,275,0,0
1774386545004,275,1 - Acessar Home,200,OK,Teste de Carga - 250 usuarios 1-120,text,true,,4757,120,250,250,https://www.blazedemo.com/,264,0,0
1774386544844,439,2 - Escolher Voo,200,OK,Teste de Carga - 250 usuarios 1-201,text,true,,7381,250,250,250,https://www.blazedemo.com/reserve.php,419,0,0
1774386544936,350,2 - Escolher Voo,200,OK,Teste de Carga - 250 usuarios 1-134,text,true,,7381,250,250,250,https://www.blazedemo.com/reserve.php,330,0,0
1774386544963,327,2 - Escolher Voo,200,OK,Teste de Carga - 250 usuarios 1-75,text,true,,7381,250,250,250,https://www.blazedemo.com/reserve.php,307,0,0
1774386544943,351,2 - Escolher Voo,200,OK,Teste de Carga - 250 usuarios 1-102,text,true,,7381,250,250,250,https://www.blazedemo.com/reserve.php,329,0,0
1774386545035,259,3 - Comprar Passagem,200,OK,Teste de Carga - 250 usuarios 1-128,text,true,,6719,420,250,250,https://www.blazedemo.com/purchase.php,247,0,0
1774386544994,302,2 - Escolher Voo,200,OK,Teste de Carga - 250 usuarios 1-230,text,true,,7381,250,250,250,https://www.blazedemo.com/reserve.php,282,0,0
1774386544962,335,1 - Acessar Home,200,OK,Teste de Carga - 250 usuarios 1-155,text,true,,4757,120,250,250,https://www.blazedemo.com/,323,0,0
1774386545020,278,3 - Comprar Passagem,200,OK,Teste de Carga - 250 usuarios 1-197,text,true,,6719,420,250,250,https://www.blazedemo.com/purchase.php,265,0,0
1774386545028,271,3 - Comprar Passagem,200,OK,Teste de Carga - 250 usuarios 1-3,text,true,,6719,420,250,250,https://www.blazedemo.com/purchase.php,258,0,0
1774386545015,296,2 - Escolher Voo,200,OK,Teste de Carga - 250 usuarios 1-199,text,true,,7381,250,250,250,https://www.blazedemo.com/reserve.php,276,0,0
1774386545042,273,1 - Acessar Home,200,OK,Teste de Carga - 250 usuarios 1-153,text,true,,4757,120,250,250,https://www.blazedemo.com/,260,0,0
1774386541951,3369,3 - Comprar Passagem,200,OK,Teste de Carga - 250 usuarios 1-233,text,true,,6719,420,250,250,https://www.blazedemo.com/purchase.php,3356,0,0
1774386545067,253,2 - Escolher Voo,200,OK,Teste de Carga - 250 usuarios 1-171,text,true,,7381,250,250,250,https://www.blazedemo.com/reserve.php,237,0,0
1774386540927,4398,1 - Acessar Home,200,OK,Teste de Carga - 250 usuarios 1-172,text,true,,4757,120,250,250,https://www.blazedemo.com/,4388,0,0
1774386540225,5103,3 - Comprar Passagem,200,OK,Teste de Carga - 250 usuarios 1-89,text,true,,6719,420,250,250,https://www.blazedemo.com/purchase.php,5091,0,0
1774386544876,456,3 - Comprar Passagem,200,OK,Teste de Carga - 250 usuarios 1-93,text,true,,6719,420,250,250,https://www.blazedemo.com/purchase.php,444,0,0
1774386545061,271,1 - Acessar Home,200,OK,Teste de Carga - 250 usuarios 1-137,text,true,,4757,120,250,250,https://www.blazedemo.com/,259,0,0
1774386545035,297,1 - Acessar Home,200,OK,Teste de Carga - 250 usuarios 1-12,text,true,,4757,120,250,250,https://www.blazedemo.com/,286,0,0
1774386543927,1409,1 - Acessar Home,200,OK,Teste de Carga - 250 usuarios 1-60,text,true,,4757,120,250,250,https://www.blazedemo.com/,1396,0,0
1774386544943,397,3 - Comprar Passagem,200,OK,Teste de Carga - 250 usuarios 1-45,text,true,,6719,420,250,250,https://www.blazedemo.com/purchase.php,386,0,0
1774386545053,288,3 - Comprar Passagem,200,OK,Teste de Carga - 250 usuarios 1-82,text,true,,6719,420,250,250,https://www.blazedemo.com/purchase.php,276,0,0
1774386545081,260,3 - Comprar Passagem,200,OK,Teste de Carga - 250 usuarios 1-114,text,true,,6719,420,250,250,https://www.blazedemo.com/purchase.php,248,0,0
1774386544968,375,1 - Acessar Home,200,OK,Teste de Carga - 250 usuarios 1-119,text,true,,4757,120,250,250,https://www.blazedemo.com/,363,0,0
1774386541719,3637,1 - Acessar Home,200,OK,Teste de Carga - 250 usuarios 1-180,text,true,,4757,120,250,250,https://www.blazedemo.com/,3627,0,0
1774386545091,267,2 - Escolher Voo,200,OK,Teste de Carga - 250 usuarios 1-125,text,true,,7381,250,250,250,https://www.blazedemo.com/reserve.php,243,0,0
1774386545031,328,1 - Acessar Home,200,OK,Teste de Carga - 250 usuarios 1-204,text,true,,4757,120,250,250,https://www.blazedemo.com/,316,0,0
1774386545080,280,2 - Escolher Voo,200,OK,Teste de Carga - 250 usuarios 1-7,text,true,,7381,250,250,250,https://www.blazedemo.com/reserve.php,259,0,0
1774386545035,326,2 - Escolher Voo,200,OK,Teste de Carga - 250 usuarios 1-91,text,true,,7381,250,250,250,https://www.blazedemo.com/reserve.php,306,0,0
1774386545120,252,3 - Comprar Passagem,200,OK,Teste de Carga - 250 usuarios 1-156,text,true,,6719,420,250,250,https://www.blazedemo.com/purchase.php,238,0,0
1774386545078,295,2 - Escolher Voo,200,OK,Teste de Carga - 250 usuarios 1-22,text,true,,7381,250,250,250,https://www.blazedemo.com/reserve.php,275,0,0
1774386545035,342,3 - Comprar Passagem,200,OK,Teste de Carga - 250 usuarios 1-110,text,true,,6719,420,250,250,https://www.blazedemo.com/purchase.php,330,0,0
1774386545065,318,3 - Comprar Passagem,200,OK,Teste de Carga - 250 usuarios 1-87,text,true,,6719,420,250,250,https://www.blazedemo.com/purchase.php,306,0,0
1774386545110,276,1 - Acessar Home,200,OK,Teste de Carga - 250 usuarios 1-111,text,true,,4757,120,250,250,https://www.blazedemo.com/,265,0,0
1774386545104,284,3 - Comprar Passagem,200,OK,Teste de Carga - 250 usuarios 1-5,text,true,,6719,420,250,250,https://www.blazedemo.com/purchase.php,273,0,0
1774386545094,297,2 - Escolher Voo,200,OK,Teste de Carga - 250 usuarios 1-71,text,true,,7381,250,250,250,https://www.blazedemo.com/reserve.php,277,0,0
1774386545130,263,3 - Comprar Passagem,200,OK,Teste de Carga - 250 usuarios 1-148,text,true,,6719,420,250,250,https://www.blazedemo.com/purchase.php,250,0,0
1774386545062,338,3 - Comprar Passagem,200,OK,Teste de Carga - 250 usuarios 1-122,text,true,,6719,420,250,250,https://www.blazedemo.com/purchase.php,326,0,0
1774386545038,364,3 - Comprar Passagem,200,OK,Teste de Carga - 250 usuarios 1-234,text,true,,6719,420,250,250,https://www.blazedemo.com/purchase.php,351,0,0
1774386545137,265,2 - Escolher Voo,200,OK,Teste de Carga - 250 usuarios 1-239,text,true,,7381,250,250,250,https://www.blazedemo.com/reserve.php,245,0,0
1774386545146,263,1 - Acessar Home,200,OK,Teste de Carga - 250 usuarios 1-187,text,true,,4757,120,250,250,https://www.blazedemo.com/,250,0,0
1774386540237,5176,1 - Acessar Home,200,OK,Teste de Carga - 250 usuarios 1-94,text,true,,4757,120,250,250,https://www.blazedemo.com/,5164,0,0
1774386545142,271,1 - Acessar Home,200,OK,Teste de Carga - 250 usuarios 1-152,text,true,,4757,120,250,250,https://www.blazedemo.com/,260,0,0
1774386540259,5161,1 - Acessar Home,200,OK,Teste de Carga - 250 usuarios 1-63,text,true,,4757,120,250,250,https://www.blazedemo.com/,5148,0,0
1774386542016,3407,2 - Escolher Voo,200,OK,Teste de Carga - 250 usuarios 1-218,text,true,,7381,250,250,250,https://www.blazedemo.com/reserve.php,3387,0,0
1774386545097,328,1 - Acessar Home,200,OK,Teste de Carga - 250 usuarios 1-29,text,true,,4757,120,250,250,https://www.blazedemo.com/,314,0,0
1774386544999,427,2 - Escolher Voo,200,OK,Teste de Carga - 250 usuarios 1-46,text,true,,7381,250,250,250,https://www.blazedemo.com/reserve.php,407,0,0
1774386545159,273,3 - Comprar Passagem,200,OK,Teste de Carga - 250 usuarios 1-141,text,true,,6719,420,250,250,https://www.blazedemo.com/purchase.php,261,0,0
1774386545140,295,2 - Escolher Voo,200,OK,Teste de Carga - 250 usuarios 1-56,text,true,,7381,250,250,250,https://www.blazedemo.com/reserve.php,274,0,0
1774386545197,240,1 - Acessar Home,200,OK,Teste de Carga - 250 usuarios 1-8,text,true,,4757,120,250,250,https://www.blazedemo.com/,234,0,0
1774386543936,1509,2 - Escolher Voo,200,OK,Teste de Carga - 250 usuarios 1-179,text,true,,7381,250,250,250,https://www.blazedemo.com/reserve.php,1489,0,0
1774386545194,253,2 - Escolher Voo,200,OK,Teste de Carga - 250 usuarios 1-242,text,true,,7381,250,250,250,https://www.blazedemo.com/reserve.php,237,0,0
1774386545147,302,3 - Comprar Passagem,200,OK,Teste de Carga - 250 usuarios 1-27,text,true,,6719,420,250,250,https://www.blazedemo.com/purchase.php,290,0,0
1774386545171,278,3 - Comprar Passagem,200,OK,Teste de Carga - 250 usuarios 1-235,text,true,,6719,420,250,250,https://www.blazedemo.com/purchase.php,267,0,0
1774386545159,291,3 - Comprar Passagem,200,OK,Teste de Carga - 250 usuarios 1-121,text,true,,6719,420,250,250,https://www.blazedemo.com/purchase.php,273,0,0
1774386545186,270,3 - Comprar Passagem,200,OK,Teste de Carga - 250 usuarios 1-107,text,true,,6719,420,250,250,https://www.blazedemo.com/purchase.php,258,0,0
1774386545162,298,2 - Escolher Voo,200,OK,Teste de Carga - 250 usuarios 1-142,text,true,,7381,250,250,250,https://www.blazedemo.com/reserve.php,278,0,0
1774386545178,284,3 - Comprar Passagem,200,OK,Teste de Carga - 250 usuarios 1-11,text,true,,6719,420,250,250,https://www.blazedemo.com/purchase.php,271,0,0
1774386541731,3732,2 - Escolher Voo,200,OK,Teste de Carga - 250 usuarios 1-53,text,true,,7381,250,250,250,https://www.blazedemo.com/reserve.php,3711,0,0
1774386545112,354,2 - Escolher Voo,200,OK,Teste de Carga - 250 usuarios 1-240,text,true,,7381,250,250,250,https://www.blazedemo.com/reserve.php,338,0,0
1774386545222,245,2 - Escolher Voo,200,OK,Teste de Carga - 250 usuarios 1-42,text,true,,7381,250,250,250,https://www.blazedemo.com/reserve.php,225,0,0
1774386545185,282,1 - Acessar Home,200,OK,Teste de Carga - 250 usuarios 1-164,text,true,,4757,120,250,250,https://www.blazedemo.com/,270,0,0
1774386545167,306,1 - Acessar Home,200,OK,Teste de Carga - 250 usuarios 1-99,text,true,,4757,120,250,250,https://www.blazedemo.com/,294,0,0
1774386545177,303,2 - Escolher Voo,200,OK,Teste de Carga - 250 usuarios 1-198,text,true,,7381,250,250,250,https://www.blazedemo.com/reserve.php,285,0,0
1774386545160,320,2 - Escolher Voo,200,OK,Teste de Carga - 250 usuarios 1-13,text,true,,7381,250,250,250,https://www.blazedemo.com/reserve.php,299,0,0
1774386545221,264,3 - Comprar Passagem,200,OK,Teste de Carga - 250 usuarios 1-57,text,true,,6719,420,250,250,https://www.blazedemo.com/purchase.php,252,0,0
1774386545186,310,2 - Escolher Voo,200,OK,Teste de Carga - 250 usuarios 1-6,text,true,,7381,250,250,250,https://www.blazedemo.com/reserve.php,289,0,0
1774386540310,5188,2 - Escolher Voo,200,OK,Teste de Carga - 250 usuarios 1-44,text,true,,7381,250,250,250,https://www.blazedemo.com/reserve.php,5167,0,0
1774386545148,352,3 - Comprar Passagem,200,OK,Teste de Carga - 250 usuarios 1-205,text,true,,6719,420,250,250,https://www.blazedemo.com/purchase.php,341,0,0
1774386545184,317,2 - Escolher Voo,200,OK,Teste de Carga - 250 usuarios 1-154,text,true,,7381,250,250,250,https://www.blazedemo.com/reserve.php,298,0,0
1774386545197,306,2 - Escolher Voo,200,OK,Teste de Carga - 250 usuarios 1-229,text,true,,7381,250,250,250,https://www.blazedemo.com/reserve.php,286,0,0
1774386545215,293,1 - Acessar Home,200,OK,Teste de Carga - 250 usuarios 1-237,text,true,,4757,120,250,250,https://www.blazedemo.com/,281,0,0
1774386545224,289,3 - Comprar Passagem,200,OK,Teste de Carga - 250 usuarios 1-217,text,true,,6719,420,250,250,https://www.blazedemo.com/purchase.php,276,0,0
1774386545236,279,3 - Comprar Passagem,200,OK,Teste de Carga - 250 usuarios 1-213,text,true,,6719,420,250,250,https://www.blazedemo.com/purchase.php,265,0,0
1774386545194,333,3 - Comprar Passagem,200,OK,Teste de Carga - 250 usuarios 1-208,text,true,,6719,420,250,250,https://www.blazedemo.com/purchase.php,320,0,0
1774386545258,270,3 - Comprar Passagem,200,OK,Teste de Carga - 250 usuarios 1-52,text,true,,6719,420,250,250,https://www.blazedemo.com/purchase.php,259,0,0
1774386545268,270,2 - Escolher Voo,200,OK,Teste de Carga - 250 usuarios 1-90,text,true,,7381,250,250,250,https://www.blazedemo.com/reserve.php,250,0,0
1774386545240,298,2 - Escolher Voo,200,OK,Teste de Carga - 250 usuarios 1-211,text,true,,7381,250,250,250,https://www.blazedemo.com/reserve.php,277,0,0
1774386545234,311,3 - Comprar Passagem,200,OK,Teste de Carga - 250 usuarios 1-163,text,true,,6719,420,250,250,https://www.blazedemo.com/purchase.php,297,0,0
1774386545230,316,3 - Comprar Passagem,200,OK,Teste de Carga - 250 usuarios 1-21,text,true,,6719,420,250,250,https://www.blazedemo.com/purchase.php,299,0,0
1774386544188,1366,3 - Comprar Passagem,200,OK,Teste de Carga - 250 usuarios 1-65,text,true,,6719,420,250,250,https://www.blazedemo.com/purchase.php,1354,0,0
1774386545212,344,2 - Escolher Voo,200,OK,Teste de Carga - 250 usuarios 1-241,text,true,,7381,250,250,250,https://www.blazedemo.com/reserve.php,328,0,0
1774386545273,283,1 - Acessar Home,200,OK,Teste de Carga - 250 usuarios 1-145,text,true,,4757,120,250,250,https://www.blazedemo.com/,271,0,0
1774386545290,267,3 - Comprar Passagem,200,OK,Teste de Carga - 250 usuarios 1-75,text,true,,6719,420,250,250,https://www.blazedemo.com/purchase.php,255,0,0
1774386545253,306,3 - Comprar Passagem,200,OK,Teste de Carga - 250 usuarios 1-147,text,true,,6719,420,250,250,https://www.blazedemo.com/purchase.php,291,0,0
1774386545283,277,3 - Comprar Passagem,200,OK,Teste de Carga - 250 usuarios 1-201,text,true,,6719,420,250,250,https://www.blazedemo.com/purchase.php,265,0,0
1774386541003,4559,2 - Escolher Voo,200,OK,Teste de Carga - 250 usuarios 1-244,text,true,,7381,250,250,250,https://www.blazedemo.com/reserve.php,4539,0,0
1774386545298,266,1 - Acessar Home,200,OK,Teste de Carga - 250 usuarios 1-197,text,true,,4757,120,250,250,https://www.blazedemo.com/,254,0,0
1774386540951,4615,2 - Escolher Voo,200,OK,Teste de Carga - 250 usuarios 1-151,text,true,,7381,250,250,250,https://www.blazedemo.com/reserve.php,4594,0,0
1774386545320,259,3 - Comprar Passagem,200,OK,Teste de Carga - 250 usuarios 1-171,text,true,,6719,420,250,250,https://www.blazedemo.com/purchase.php,246,0,0
1774386545294,288,3 - Comprar Passagem,200,OK,Teste de Carga - 250 usuarios 1-102,text,true,,6719,420,250,250,https://www.blazedemo.com/purchase.php,276,0,0
1774386545311,272,3 - Comprar Passagem,200,OK,Teste de Carga - 250 usuarios 1-199,text,true,,6719,420,250,250,https://www.blazedemo.com/purchase.php,260,0,0
1774386540461,5125,3 - Comprar Passagem,200,OK,Teste de Carga - 250 usuarios 1-112,text,true,,6719,420,250,250,https://www.blazedemo.com/purchase.php,5112,0,0
1774386541884,3706,3 - Comprar Passagem,200,OK,Teste de Carga - 250 usuarios 1-202,text,true,,6719,420,250,250,https://www.blazedemo.com/purchase.php,3693,0,0
1774386545320,272,1 - Acessar Home,200,OK,Teste de Carga - 250 usuarios 1-233,text,true,,4757,120,250,250,https://www.blazedemo.com/,260,0,0
1774386545259,337,3 - Comprar Passagem,200,OK,Teste de Carga - 250 usuarios 1-173,text,true,,6719,420,250,250,https://www.blazedemo.com/purchase.php,326,0,0
1774386545340,260,1 - Acessar Home,200,OK,Teste de Carga - 250 usuarios 1-45,text,true,,4757,120,250,250,https://www.blazedemo.com/,246,0,0
1774386545359,243,2 - Escolher Voo,200,OK,Teste de Carga - 250 usuarios 1-204,text,true,,7381,250,250,250,https://www.blazedemo.com/reserve.php,223,0,0
1774386545336,268,2 - Escolher Voo,200,OK,Teste de Carga - 250 usuarios 1-60,text,true,,7381,250,250,250,https://www.blazedemo.com/reserve.php,248,0,0
1774386545279,332,2 - Escolher Voo,200,OK,Teste de Carga - 250 usuarios 1-120,text,true,,7381,250,250,250,https://www.blazedemo.com/reserve.php,312,0,0
1774386545258,354,1 - Acessar Home,200,OK,Teste de Carga - 250 usuarios 1-161,text,true,,4757,120,250,250,https://www.blazedemo.com/,343,0,0
1774386544223,1393,3 - Comprar Passagem,200,OK,Teste de Carga - 250 usuarios 1-77,text,true,,6719,420,250,250,https://www.blazedemo.com/purchase.php,1377,0,0
1774386545327,292,1 - Acessar Home,200,OK,Teste de Carga - 250 usuarios 1-89,text,true,,4757,120,250,250,https://www.blazedemo.com/,280,0,0
1774386545270,353,3 - Comprar Passagem,200,OK,Teste de Carga - 250 usuarios 1-124,text,true,,6719,420,250,250,https://www.blazedemo.com/purchase.php,341,0,0
1774386545294,329,1 - Acessar Home,200,OK,Teste de Carga - 250 usuarios 1-128,text,true,,4757,120,250,250,https://www.blazedemo.com/,318,0,0
1774386545315,321,2 - Escolher Voo,200,OK,Teste de Carga - 250 usuarios 1-153,text,true,,7381,250,250,250,https://www.blazedemo.com/reserve.php,301,0,0
1774386545341,295,1 - Acessar Home,200,OK,Teste de Carga - 250 usuarios 1-82,text,true,,4757,120,250,250,https://www.blazedemo.com/,283,0,0
1774386545296,344,3 - Comprar Passagem,200,OK,Teste de Carga - 250 usuarios 1-230,text,true,,6719,420,250,250,https://www.blazedemo.com/purchase.php,332,0,0
1774386545358,294,3 - Comprar Passagem,200,OK,Teste de Carga - 250 usuarios 1-125,text,true,,6719,420,250,250,https://www.blazedemo.com/purchase.php,278,0,0
1774386545384,269,1 - Acessar Home,200,OK,Teste de Carga - 250 usuarios 1-87,text,true,,4757,120,250,250,https://www.blazedemo.com/,257,0,0
1774386545357,298,2 - Escolher Voo,200,OK,Teste de Carga - 250 usuarios 1-180,text,true,,7381,250,250,250,https://www.blazedemo.com/reserve.php,276,0,0
1774386545377,279,1 - Acessar Home,200,OK,Teste de Carga - 250 usuarios 1-110,text,true,,4757,120,250,250,https://www.blazedemo.com/,267,0,0
1774386545373,283,3 - Comprar Passagem,200,OK,Teste de Carga - 250 usuarios 1-22,text,true,,6719,420,250,250,https://www.blazedemo.com/purchase.php,271,0,0
1774386545332,330,2 - Escolher Voo,200,OK,Teste de Carga - 250 usuarios 1-137,text,true,,7381,250,250,250,https://www.blazedemo.com/reserve.php,309,0,0
1774386542136,3526,1 - Acessar Home,200,OK,Teste de Carga - 250 usuarios 1-168,text,true,,4757,120,250,250,https://www.blazedemo.com/,3513,0,0
1774386545325,338,2 - Escolher Voo,200,OK,Teste de Carga - 250 usuarios 1-172,text,true,,7381,250,250,250,https://www.blazedemo.com/reserve.php,317,0,0
1774386541010,4653,2 - Escolher Voo,200,OK,Teste de Carga - 250 usuarios 1-170,text,true,,7381,250,250,250,https://www.blazedemo.com/reserve.php,4632,0,0
1774386545393,272,1 - Acessar Home,200,OK,Teste de Carga - 250 usuarios 1-148,text,true,,4757,120,250,250,https://www.blazedemo.com/,259,0,0
1774386545400,267,1 - Acessar Home,200,OK,Teste de Carga - 250 usuarios 1-122,text,true,,4757,120,250,250,https://www.blazedemo.com/,256,0,0
1774386542123,3546,2 - Escolher Voo,200,OK,Teste de Carga - 250 usuarios 1-68,text,true,,7381,250,250,250,https://www.blazedemo.com/reserve.php,3525,0,0
1774386544337,1334,1 - Acessar Home,200,OK,Teste de Carga - 250 usuarios 1-49,text,true,,4757,120,250,250,https://www.blazedemo.com/,1321,0,0
1774386545299,372,1 - Acessar Home,200,OK,Teste de Carga - 250 usuarios 1-3,text,true,,4757,120,250,250,https://www.blazedemo.com/,359,0,0
1774386545391,286,3 - Comprar Passagem,200,OK,Teste de Carga - 250 usuarios 1-71,text,true,,6719,420,250,250,https://www.blazedemo.com/purchase.php,273,0,0
1774386545361,320,3 - Comprar Passagem,200,OK,Teste de Carga - 250 usuarios 1-91,text,true,,6719,420,250,250,https://www.blazedemo.com/purchase.php,309,0,0
1774386545341,342,1 - Acessar Home,200,OK,Teste de Carga - 250 usuarios 1-114,text,true,,4757,120,250,250,https://www.blazedemo.com/,330,0,0
1774386545437,248,2 - Escolher Voo,200,OK,Teste de Carga - 250 usuarios 1-8,text,true,,7381,250,250,250,https://www.blazedemo.com/reserve.php,227,0,0
1774386545343,342,2 - Escolher Voo,200,OK,Teste de Carga - 250 usuarios 1-119,text,true,,7381,250,250,250,https://www.blazedemo.com/reserve.php,321,0,0
1774386545332,356,2 - Escolher Voo,200,OK,Teste de Carga - 250 usuarios 1-12,text,true,,7381,250,250,250,https://www.blazedemo.com/reserve.php,335,0,0
1774386545402,291,1 - Acessar Home,200,OK,Teste de Carga - 250 usuarios 1-234,text,true,,4757,120,250,250,https://www.blazedemo.com/,279,0,0
1774386545435,264,3 - Comprar Passagem,200,OK,Teste de Carga - 250 usuarios 1-56,text,true,,6719,420,250,250,https://www.blazedemo.com/purchase.php,252,0,0
1774386545445,256,3 - Comprar Passagem,200,OK,Teste de Carga - 250 usuarios 1-179,text,true,,6719,420,250,250,https://www.blazedemo.com/purchase.php,244,0,0
1774386545480,233,3 - Comprar Passagem,200,OK,Teste de Carga - 250 usuarios 1-198,text,true,,6719,420,250,250,https://www.blazedemo.com/purchase.php,221,0,0
1774386545386,334,2 - Escolher Voo,200,OK,Teste de Carga - 250 usuarios 1-111,text,true,,7381,250,250,250,https://www.blazedemo.com/reserve.php,314,0,0
1774386545409,314,2 - Escolher Voo,200,OK,Teste de Carga - 250 usuarios 1-187,text,true,,7381,250,250,250,https://www.blazedemo.com/reserve.php,294,0,0
1774386545360,366,3 - Comprar Passagem,200,OK,Teste de Carga - 250 usuarios 1-7,text,true,,6719,420,250,250,https://www.blazedemo.com/purchase.php,354,0,0
1774386544405,1323,1 - Acessar Home,200,OK,Teste de Carga - 250 usuarios 1-157,text,true,,4757,120,250,250,https://www.blazedemo.com/,1309,0,0
1774386540640,5088,1 - Acessar Home,200,OK,Teste de Carga - 250 usuarios 1-178,text,true,,4757,120,250,250,https://www.blazedemo.com/,5077,0,0
1774386540634,5094,2 - Escolher Voo,200,OK,Teste de Carga - 250 usuarios 1-20,text,true,,7381,250,250,250,https://www.blazedemo.com/reserve.php,5074,0,0
1774386545456,276,1 - Acessar Home,200,OK,Teste de Carga - 250 usuarios 1-107,text,true,,4757,120,250,250,https://www.blazedemo.com/,263,0,0
1774386545504,235,3 - Comprar Passagem,200,OK,Teste de Carga - 250 usuarios 1-229,text,true,,6719,420,250,250,https://www.blazedemo.com/purchase.php,222,0,0
1774386545332,408,1 - Acessar Home,200,OK,Teste de Carga - 250 usuarios 1-93,text,true,,4757,120,250,250,https://www.blazedemo.com/,396,0,0
1774386545423,321,3 - Comprar Passagem,200,OK,Teste de Carga - 250 usuarios 1-218,text,true,,6719,420,250,250,https://www.blazedemo.com/purchase.php,309,0,0
1774386545432,312,1 - Acessar Home,200,OK,Teste de Carga - 250 usuarios 1-141,text,true,,4757,120,250,250,https://www.blazedemo.com/,300,0,0
1774386545497,254,3 - Comprar Passagem,200,OK,Teste de Carga - 250 usuarios 1-44,text,true,,6719,420,250,250,https://www.blazedemo.com/purchase.php,242,0,0
1774386540640,5112,2 - Escolher Voo,200,OK,Teste de Carga - 250 usuarios 1-223,text,true,,7381,250,250,250,https://www.blazedemo.com/reserve.php,5092,0,0
1774386545496,257,3 - Comprar Passagem,200,OK,Teste de Carga - 250 usuarios 1-6,text,true,,6719,420,250,250,https://www.blazedemo.com/purchase.php,246,0,0
1774386545473,284,2 - Escolher Voo,200,OK,Teste de Carga - 250 usuarios 1-99,text,true,,7381,250,250,250,https://www.blazedemo.com/reserve.php,265,0,0
1774386545463,298,3 - Comprar Passagem,200,OK,Teste de Carga - 250 usuarios 1-53,text,true,,6719,420,250,250,https://www.blazedemo.com/purchase.php,286,0,0
1774386545485,278,1 - Acessar Home,200,OK,Teste de Carga - 250 usuarios 1-57,text,true,,4757,120,250,250,https://www.blazedemo.com/,268,0,0
1774386545426,341,3 - Comprar Passagem,200,OK,Teste de Carga - 250 usuarios 1-46,text,true,,6719,420,250,250,https://www.blazedemo.com/purchase.php,328,0,0
1774386541162,4605,1 - Acessar Home,200,OK,Teste de Carga - 250 usuarios 1-55,text,true,,4757,120,250,250,https://www.blazedemo.com/,4594,0,0
1774386541043,4724,1 - Acessar Home,200,OK,Teste de Carga - 250 usuarios 1-160,text,true,,4757,120,250,250,https://www.blazedemo.com/,4713,0,0
1774386545502,273,1 - Acessar Home,200,OK,Teste de Carga - 250 usuarios 1-205,text,true,,4757,120,250,250,https://www.blazedemo.com/,263,0,0
1774386545449,330,1 - Acessar Home,200,OK,Teste de Carga - 250 usuarios 1-235,text,true,,4757,120,250,250,https://www.blazedemo.com/,319,0,0
1774386544438,1342,2 - Escolher Voo,200,OK,Teste de Carga - 250 usuarios 1-15,text,true,,7381,250,250,250,https://www.blazedemo.com/reserve.php,1325,0,0
1774386545502,280,3 - Comprar Passagem,200,OK,Teste de Carga - 250 usuarios 1-154,text,true,,6719,420,250,250,https://www.blazedemo.com/purchase.php,266,0,0
1774386542287,3494,2 - Escolher Voo,200,OK,Teste de Carga - 250 usuarios 1-189,text,true,,7381,250,250,250,https://www.blazedemo.com/reserve.php,3474,0,0
1774386545447,335,3 - Comprar Passagem,200,OK,Teste de Carga - 250 usuarios 1-242,text,true,,6719,420,250,250,https://www.blazedemo.com/purchase.php,324,0,0
1774386545516,268,1 - Acessar Home,200,OK,Teste de Carga - 250 usuarios 1-213,text,true,,4757,120,250,250,https://www.blazedemo.com/,256,0,0
1774386545388,400,1 - Acessar Home,200,OK,Teste de Carga - 250 usuarios 1-5,text,true,,4757,120,250,250,https://www.blazedemo.com/,388,0,0
1774386545547,254,1 - Acessar Home,200,OK,Teste de Carga - 250 usuarios 1-21,text,true,,4757,120,250,250,https://www.blazedemo.com/,245,0,0
1774386545557,255,2 - Escolher Voo,200,OK,Teste de Carga - 250 usuarios 1-145,text,true,,7381,250,250,250,https://www.blazedemo.com/reserve.php,234,0,0
1774386545539,273,3 - Comprar Passagem,200,OK,Teste de Carga - 250 usuarios 1-90,text,true,,6719,420,250,250,https://www.blazedemo.com/purchase.php,262,0,0
1774386545539,274,3 - Comprar Passagem,200,OK,Teste de Carga - 250 usuarios 1-211,text,true,,6719,420,250,250,https://www.blazedemo.com/purchase.php,262,0,0
1774386545480,334,3 - Comprar Passagem,200,OK,Teste de Carga - 250 usuarios 1-13,text,true,,6719,420,250,250,https://www.blazedemo.com/purchase.php,316,0,0
1774386545529,299,1 - Acessar Home,200,OK,Teste de Carga - 250 usuarios 1-52,text,true,,4757,120,250,250,https://www.blazedemo.com/,288,0,0
1774386545467,361,3 - Comprar Passagem,200,OK,Teste de Carga - 250 usuarios 1-42,text,true,,6719,420,250,250,https://www.blazedemo.com/purchase.php,349,0,0
1774386544454,1382,3 - Comprar Passagem,200,OK,Teste de Carga - 250 usuarios 1-135,text,true,,6719,420,250,250,https://www.blazedemo.com/purchase.php,1365,0,0
1774386545514,323,1 - Acessar Home,200,OK,Teste de Carga - 250 usuarios 1-217,text,true,,4757,120,250,250,https://www.blazedemo.com/,312,0,0
1774386545466,371,3 - Comprar Passagem,200,OK,Teste de Carga - 250 usuarios 1-240,text,true,,6719,420,250,250,https://www.blazedemo.com/purchase.php,359,0,0
1774386545605,237,3 - Comprar Passagem,200,OK,Teste de Carga - 250 usuarios 1-60,text,true,,6719,420,250,250,https://www.blazedemo.com/purchase.php,225,0,0
1774386545603,239,3 - Comprar Passagem,200,OK,Teste de Carga - 250 usuarios 1-204,text,true,,6719,420,250,250,https://www.blazedemo.com/purchase.php,227,0,0
1774386541968,3875,1 - Acessar Home,200,OK,Teste de Carga - 250 usuarios 1-131,text,true,,4757,120,250,250,https://www.blazedemo.com/,3863,0,0
1774386545462,383,1 - Acessar Home,200,OK,Teste de Carga - 250 usuarios 1-11,text,true,,4757,120,250,250,https://www.blazedemo.com/,372,0,0
1774386545561,294,1 - Acessar Home,200,OK,Teste de Carga - 250 usuarios 1-201,text,true,,4757,120,250,250,https://www.blazedemo.com/,282,0,0
1774386545584,272,1 - Acessar Home,200,OK,Teste de Carga - 250 usuarios 1-199,text,true,,4757,120,250,250,https://www.blazedemo.com/,260,0,0
1774386545509,350,2 - Escolher Voo,200,OK,Teste de Carga - 250 usuarios 1-237,text,true,,7381,250,250,250,https://www.blazedemo.com/reserve.php,328,0,0
1774386545624,239,2 - Escolher Voo,200,OK,Teste de Carga - 250 usuarios 1-128,text,true,,7381,250,250,250,https://www.blazedemo.com/reserve.php,219,0,0
1774386545593,271,2 - Escolher Voo,200,OK,Teste de Carga - 250 usuarios 1-233,text,true,,7381,250,250,250,https://www.blazedemo.com/reserve.php,251,0,0
1774386545467,400,2 - Escolher Voo,200,OK,Teste de Carga - 250 usuarios 1-164,text,true,,7381,250,250,250,https://www.blazedemo.com/reserve.php,379,0,0
1774386545624,254,1 - Acessar Home,200,OK,Teste de Carga - 250 usuarios 1-124,text,true,,4757,120,250,250,https://www.blazedemo.com/,242,0,0
1774386541253,4625,1 - Acessar Home,200,OK,Teste de Carga - 250 usuarios 1-25,text,true,,4757,120,250,250,https://www.blazedemo.com/,4615,0,0
1774386545586,293,1 - Acessar Home,200,OK,Teste de Carga - 250 usuarios 1-112,text,true,,4757,120,250,250,https://www.blazedemo.com/,281,0,0
1774386545528,353,1 - Acessar Home,200,OK,Teste de Carga - 250 usuarios 1-208,text,true,,4757,120,250,250,https://www.blazedemo.com/,341,0,0
1774386545565,317,2 - Escolher Voo,200,OK,Teste de Carga - 250 usuarios 1-197,text,true,,7381,250,250,250,https://www.blazedemo.com/reserve.php,297,0,0
1774386541381,4505,3 - Comprar Passagem,200,OK,Teste de Carga - 250 usuarios 1-34,text,true,,6719,420,250,250,https://www.blazedemo.com/purchase.php,4493,0,0
1774386540691,5198,1 - Acessar Home,200,OK,Teste de Carga - 250 usuarios 1-212,text,true,,4757,120,250,250,https://www.blazedemo.com/,5185,0,0
1774386542419,3471,1 - Acessar Home,200,OK,Teste de Carga - 250 usuarios 1-181,text,true,,4757,120,250,250,https://www.blazedemo.com/,3459,0,0
1774386542166,3728,3 - Comprar Passagem,200,OK,Teste de Carga - 250 usuarios 1-215,text,true,,6719,420,250,250,https://www.blazedemo.com/purchase.php,3716,0,0
1774386542317,3581,3 - Comprar Passagem,200,OK,Teste de Carga - 250 usuarios 1-40,text,true,,6719,420,250,250,https://www.blazedemo.com/purchase.php,3569,0,0
1774386545617,285,1 - Acessar Home,200,OK,Teste de Carga - 250 usuarios 1-77,text,true,,4757,120,250,250,https://www.blazedemo.com/,271,0,0
1774386544546,1356,2 - Escolher Voo,200,OK,Teste de Carga - 250 usuarios 1-127,text,true,,7381,250,250,250,https://www.blazedemo.com/reserve.php,1337,0,0
1774386545557,351,3 - Comprar Passagem,200,OK,Teste de Carga - 250 usuarios 1-241,text,true,,6719,420,250,250,https://www.blazedemo.com/purchase.php,334,0,0
1774386545657,253,1 - Acessar Home,200,OK,Teste de Carga - 250 usuarios 1-22,text,true,,4757,120,250,250,https://www.blazedemo.com/,241,0,0
1774386545620,291,2 - Escolher Voo,200,OK,Teste de Carga - 250 usuarios 1-89,text,true,,7381,250,250,250,https://www.blazedemo.com/reserve.php,270,0,0
1774386545637,280,2 - Escolher Voo,200,OK,Teste de Carga - 250 usuarios 1-82,text,true,,7381,250,250,250,https://www.blazedemo.com/reserve.php,263,0,0
1774386545670,252,3 - Comprar Passagem,200,OK,Teste de Carga - 250 usuarios 1-68,text,true,,6719,420,250,250,https://www.blazedemo.com/purchase.php,240,0,0
1774386545654,270,2 - Escolher Voo,200,OK,Teste de Carga - 250 usuarios 1-87,text,true,,7381,250,250,250,https://www.blazedemo.com/reserve.php,255,0,0
1774386545450,475,1 - Acessar Home,200,OK,Teste de Carga - 250 usuarios 1-121,text,true,,4757,120,250,250,https://www.blazedemo.com/,461,0,0
1774386545563,365,3 - Comprar Passagem,200,OK,Teste de Carga - 250 usuarios 1-244,text,true,,6719,420,250,250,https://www.blazedemo.com/purchase.php,353,0,0
1774386545560,369,1 - Acessar Home,200,OK,Teste de Carga - 250 usuarios 1-147,text,true,,4757,120,250,250,https://www.blazedemo.com/,358,0,0
1774386545637,295,3 - Comprar Passagem,200,OK,Teste de Carga - 250 usuarios 1-153,text,true,,6719,420,250,250,https://www.blazedemo.com/purchase.php,283,0,0
1774386545672,262,2 - Escolher Voo,200,OK,Teste de Carga - 250 usuarios 1-49,text,true,,7381,250,250,250,https://www.blazedemo.com/reserve.php,242,0,0
1774386540813,5123,2 - Escolher Voo,200,OK,Teste de Carga - 250 usuarios 1-209,text,true,,7381,250,250,250,https://www.blazedemo.com/reserve.php,5103,0,0
1774386545668,273,2 - Escolher Voo,200,OK,Teste de Carga - 250 usuarios 1-122,text,true,,7381,250,250,250,https://www.blazedemo.com/reserve.php,252,0,0
1774386545664,281,3 - Comprar Passagem,200,OK,Teste de Carga - 250 usuarios 1-172,text,true,,6719,420,250,250,https://www.blazedemo.com/purchase.php,269,0,0
1774386545558,389,1 - Acessar Home,200,OK,Teste de Carga - 250 usuarios 1-75,text,true,,4757,120,250,250,https://www.blazedemo.com/,376,0,0
1774386540853,5095,3 - Comprar Passagem,200,OK,Teste de Carga - 250 usuarios 1-140,text,true,,6719,420,250,250,https://www.blazedemo.com/purchase.php,5077,0,0
1774386545666,289,2 - Escolher Voo,200,OK,Teste de Carga - 250 usuarios 1-148,text,true,,7381,250,250,250,https://www.blazedemo.com/reserve.php,269,0,0
1774386545656,300,3 - Comprar Passagem,200,OK,Teste de Carga - 250 usuarios 1-180,text,true,,6719,420,250,250,https://www.blazedemo.com/purchase.php,289,0,0
1774386545613,347,2 - Escolher Voo,200,OK,Teste de Carga - 250 usuarios 1-161,text,true,,7381,250,250,250,https://www.blazedemo.com/reserve.php,326,0,0
1774386545724,239,3 - Comprar Passagem,200,OK,Teste de Carga - 250 usuarios 1-187,text,true,,6719,420,250,250,https://www.blazedemo.com/purchase.php,223,0,0
1774386545689,276,3 - Comprar Passagem,200,OK,Teste de Carga - 250 usuarios 1-12,text,true,,6719,420,250,250,https://www.blazedemo.com/purchase.php,264,0,0
1774386545672,294,2 - Escolher Voo,200,OK,Teste de Carga - 250 usuarios 1-3,text,true,,7381,250,250,250,https://www.blazedemo.com/reserve.php,274,0,0
1774386545730,240,3 - Comprar Passagem,200,OK,Teste de Carga - 250 usuarios 1-20,text,true,,6719,420,250,250,https://www.blazedemo.com/purchase.php,223,0,0
1774386545733,243,2 - Escolher Voo,200,OK,Teste de Carga - 250 usuarios 1-107,text,true,,7381,250,250,250,https://www.blazedemo.com/reserve.php,222,0,0
1774386545546,435,1 - Acessar Home,200,OK,Teste de Carga - 250 usuarios 1-163,text,true,,4757,120,250,250,https://www.blazedemo.com/,422,0,0
1774386544626,1355,2 - Escolher Voo,200,OK,Teste de Carga - 250 usuarios 1-184,text,true,,7381,250,250,250,https://www.blazedemo.com/reserve.php,1333,0,0
1774386545721,267,3 - Comprar Passagem,200,OK,Teste de Carga - 250 usuarios 1-111,text,true,,6719,420,250,250,https://www.blazedemo.com/purchase.php,254,0,0
1774386545663,329,2 - Escolher Voo,200,OK,Teste de Carga - 250 usuarios 1-168,text,true,,7381,250,250,250,https://www.blazedemo.com/reserve.php,308,0,0
1774386545567,426,3 - Comprar Passagem,200,OK,Teste de Carga - 250 usuarios 1-151,text,true,,6719,420,250,250,https://www.blazedemo.com/purchase.php,413,0,0
1774386545762,241,1 - Acessar Home,200,OK,Teste de Carga - 250 usuarios 1-53,text,true,,4757,120,250,250,https://www.blazedemo.com/,229,0,0
1774386545727,276,1 - Acessar Home,200,OK,Teste de Carga - 250 usuarios 1-7,text,true,,4757,120,250,250,https://www.blazedemo.com/,265,0,0
1774386545752,253,1 - Acessar Home,200,OK,Teste de Carga - 250 usuarios 1-44,text,true,,4757,120,250,250,https://www.blazedemo.com/,241,0,0
1774386545702,305,1 - Acessar Home,200,OK,Teste de Carga - 250 usuarios 1-179,text,true,,4757,120,250,250,https://www.blazedemo.com/,291,0,0
1774386542432,3575,1 - Acessar Home,200,OK,Teste de Carga - 250 usuarios 1-109,text,true,,4757,120,250,250,https://www.blazedemo.com/,3563,0,0
1774386545729,283,2 - Escolher Voo,200,OK,Teste de Carga - 250 usuarios 1-157,text,true,,7381,250,250,250,https://www.blazedemo.com/reserve.php,263,0,0
1774386541403,4615,1 - Acessar Home,200,OK,Teste de Carga - 250 usuarios 1-104,text,true,,4757,120,250,250,https://www.blazedemo.com/,4603,0,0
1774386545753,270,3 - Comprar Passagem,200,OK,Teste de Carga - 250 usuarios 1-223,text,true,,6719,420,250,250,https://www.blazedemo.com/purchase.php,259,0,0
1774386545768,261,1 - Acessar Home,200,OK,Teste de Carga - 250 usuarios 1-46,text,true,,4757,120,250,250,https://www.blazedemo.com/,249,0,0
1774386545663,369,3 - Comprar Passagem,200,OK,Teste de Carga - 250 usuarios 1-137,text,true,,6719,420,250,250,https://www.blazedemo.com/purchase.php,356,0,0
1774386545781,256,3 - Comprar Passagem,200,OK,Teste de Carga - 250 usuarios 1-15,text,true,,6719,420,250,250,https://www.blazedemo.com/purchase.php,244,0,0
1774386545612,427,3 - Comprar Passagem,200,OK,Teste de Carga - 250 usuarios 1-120,text,true,,6719,420,250,250,https://www.blazedemo.com/purchase.php,414,0,0
1774386545745,296,1 - Acessar Home,200,OK,Teste de Carga - 250 usuarios 1-218,text,true,,4757,120,250,250,https://www.blazedemo.com/,284,0,0
1774386545768,277,2 - Escolher Voo,200,OK,Teste de Carga - 250 usuarios 1-55,text,true,,7381,250,250,250,https://www.blazedemo.com/reserve.php,256,0,0
1774386542253,3792,1 - Acessar Home,200,OK,Teste de Carga - 250 usuarios 1-35,text,true,,4757,120,250,250,https://www.blazedemo.com/,3779,0,0
1774386545790,259,2 - Escolher Voo,200,OK,Teste de Carga - 250 usuarios 1-5,text,true,,7381,250,250,250,https://www.blazedemo.com/reserve.php,238,0,0
1774386545758,291,3 - Comprar Passagem,200,OK,Teste de Carga - 250 usuarios 1-99,text,true,,6719,420,250,250,https://www.blazedemo.com/purchase.php,279,0,0
1774386545812,238,1 - Acessar Home,200,OK,Teste de Carga - 250 usuarios 1-90,text,true,,4757,120,250,250,https://www.blazedemo.com/,227,0,0
1774386542442,3608,3 - Comprar Passagem,200,OK,Teste de Carga - 250 usuarios 1-61,text,true,,6719,420,250,250,https://www.blazedemo.com/purchase.php,3592,0,0
1774386545684,368,2 - Escolher Voo,200,OK,Teste de Carga - 250 usuarios 1-114,text,true,,7381,250,250,250,https://www.blazedemo.com/reserve.php,347,0,0
1774386545686,370,3 - Comprar Passagem,200,OK,Teste de Carga - 250 usuarios 1-8,text,true,,6719,420,250,250,https://www.blazedemo.com/purchase.php,357,0,0
1774386542193,3862,3 - Comprar Passagem,200,OK,Teste de Carga - 250 usuarios 1-243,text,true,,6719,420,250,250,https://www.blazedemo.com/purchase.php,3846,0,0
1774386545768,289,2 - Escolher Voo,200,OK,Teste de Carga - 250 usuarios 1-160,text,true,,7381,250,250,250,https://www.blazedemo.com/reserve.php,269,0,0
1774386545755,305,1 - Acessar Home,200,OK,Teste de Carga - 250 usuarios 1-6,text,true,,4757,120,250,250,https://www.blazedemo.com/,295,0,0
1774386545653,414,1 - Acessar Home,200,OK,Teste de Carga - 250 usuarios 1-125,text,true,,4757,120,250,250,https://www.blazedemo.com/,402,0,0
1774386545775,292,2 - Escolher Voo,200,OK,Teste de Carga - 250 usuarios 1-205,text,true,,7381,250,250,250,https://www.blazedemo.com/reserve.php,276,0,0
1774386545583,488,1 - Acessar Home,200,OK,Teste de Carga - 250 usuarios 1-102,text,true,,4757,120,250,250,https://www.blazedemo.com/,476,0,0
1774386545838,235,1 - Acessar Home,200,OK,Teste de Carga - 250 usuarios 1-240,text,true,,4757,120,250,250,https://www.blazedemo.com/,223,0,0
1774386545682,401,1 - Acessar Home,200,OK,Teste de Carga - 250 usuarios 1-91,text,true,,4757,120,250,250,https://www.blazedemo.com/,389,0,0
1774386542329,3763,1 - Acessar Home,200,OK,Teste de Carga - 250 usuarios 1-219,text,true,,4757,120,250,250,https://www.blazedemo.com/,3751,0,0
1774386545846,251,2 - Escolher Voo,200,OK,Teste de Carga - 250 usuarios 1-11,text,true,,7381,250,250,250,https://www.blazedemo.com/reserve.php,231,0,0
1774386545801,298,2 - Escolher Voo,200,OK,Teste de Carga - 250 usuarios 1-21,text,true,,7381,250,250,250,https://www.blazedemo.com/reserve.php,278,0,0
1774386544650,1450,2 - Escolher Voo,200,OK,Teste de Carga - 250 usuarios 1-167,text,true,,7381,250,250,250,https://www.blazedemo.com/reserve.php,1428,0,0
1774386545664,438,3 - Comprar Passagem,200,OK,Teste de Carga - 250 usuarios 1-170,text,true,,6719,420,250,250,https://www.blazedemo.com/purchase.php,427,0,0
1774386545863,247,3 - Comprar Passagem,200,OK,Teste de Carga - 250 usuarios 1-128,text,true,,6719,420,250,250,https://www.blazedemo.com/purchase.php,235,0,0
1774386545741,370,2 - Escolher Voo,200,OK,Teste de Carga - 250 usuarios 1-93,text,true,,7381,250,250,250,https://www.blazedemo.com/reserve.php,350,0,0
1774386545837,275,1 - Acessar Home,200,OK,Teste de Carga - 250 usuarios 1-135,text,true,,4757,120,250,250,https://www.blazedemo.com/,264,0,0
1774386545729,397,2 - Escolher Voo,200,OK,Teste de Carga - 250 usuarios 1-178,text,true,,7381,250,250,250,https://www.blazedemo.com/reserve.php,377,0,0
1774386545782,347,1 - Acessar Home,200,OK,Teste de Carga - 250 usuarios 1-154,text,true,,4757,120,250,250,https://www.blazedemo.com/,336,0,0
1774386545868,262,3 - Comprar Passagem,200,OK,Teste de Carga - 250 usuarios 1-164,text,true,,6719,420,250,250,https://www.blazedemo.com/purchase.php,250,0,0
1774386545784,354,2 - Escolher Voo,200,OK,Teste de Carga - 250 usuarios 1-213,text,true,,7381,250,250,250,https://www.blazedemo.com/reserve.php,332,0,0
1774386542504,3633,3 - Comprar Passagem,200,OK,Teste de Carga - 250 usuarios 1-162,text,true,,6719,420,250,250,https://www.blazedemo.com/purchase.php,3621,0,0
1774386545880,263,2 - Escolher Voo,200,OK,Teste de Carga - 250 usuarios 1-112,text,true,,7381,250,250,250,https://www.blazedemo.com/reserve.php,242,0,0
1774386545812,340,3 - Comprar Passagem,200,OK,Teste de Carga - 250 usuarios 1-145,text,true,,6719,420,250,250,https://www.blazedemo.com/purchase.php,327,0,0
1774386545891,262,2 - Escolher Voo,200,OK,Teste de Carga - 250 usuarios 1-181,text,true,,7381,250,250,250,https://www.blazedemo.com/reserve.php,241,0,0
1774386545890,264,2 - Escolher Voo,200,OK,Teste de Carga - 250 usuarios 1-212,text,true,,7381,250,250,250,https://www.blazedemo.com/reserve.php,243,0,0
1774386545782,374,3 - Comprar Passagem,200,OK,Teste de Carga - 250 usuarios 1-189,text,true,,6719,420,250,250,https://www.blazedemo.com/purchase.php,359,0,0
1774386545829,330,1 - Acessar Home,200,OK,Teste de Carga - 250 usuarios 1-42,text,true,,4757,120,250,250,https://www.blazedemo.com/,314,0,0
1774386545856,304,2 - Escolher Voo,200,OK,Teste de Carga - 250 usuarios 1-199,text,true,,7381,250,250,250,https://www.blazedemo.com/reserve.php,283,0,0
1774386545887,275,1 - Acessar Home,200,OK,Teste de Carga - 250 usuarios 1-34,text,true,,4757,120,250,250,https://www.blazedemo.com/,263,0,0
1774386545928,234,1 - Acessar Home,200,OK,Teste de Carga - 250 usuarios 1-244,text,true,,4757,120,250,250,https://www.blazedemo.com/,222,0,0
1774386541061,5104,2 - Escolher Voo,200,OK,Teste de Carga - 250 usuarios 1-126,text,true,,7381,250,250,250,https://www.blazedemo.com/reserve.php,5082,0,0
1774386545878,288,2 - Escolher Voo,200,OK,Teste de Carga - 250 usuarios 1-124,text,true,,7381,250,250,250,https://www.blazedemo.com/reserve.php,267,0,0
1774386545842,325,1 - Acessar Home,200,OK,Teste de Carga - 250 usuarios 1-204,text,true,,4757,120,250,250,https://www.blazedemo.com/,314,0,0
1774386545881,286,2 - Escolher Voo,200,OK,Teste de Carga - 250 usuarios 1-208,text,true,,7381,250,250,250,https://www.blazedemo.com/reserve.php,270,0,0
1774386545903,267,3 - Comprar Passagem,200,OK,Teste de Carga - 250 usuarios 1-127,text,true,,6719,420,250,250,https://www.blazedemo.com/purchase.php,252,0,0
1774386545902,271,2 - Escolher Voo,200,OK,Teste de Carga - 250 usuarios 1-77,text,true,,7381,250,250,250,https://www.blazedemo.com/reserve.php,251,0,0
1774386545911,271,3 - Comprar Passagem,200,OK,Teste de Carga - 250 usuarios 1-89,text,true,,6719,420,250,250,https://www.blazedemo.com/purchase.php,259,0,0
1774386545882,301,3 - Comprar Passagem,200,OK,Teste de Carga - 250 usuarios 1-197,text,true,,6719,420,250,250,https://www.blazedemo.com/purchase.php,289,0,0
1774386545924,262,3 - Comprar Passagem,200,OK,Teste de Carga - 250 usuarios 1-87,text,true,,6719,420,250,250,https://www.blazedemo.com/purchase.php,250,0,0
1774386545908,282,1 - Acessar Home,200,OK,Teste de Carga - 250 usuarios 1-241,text,true,,4757,120,250,250,https://www.blazedemo.com/,270,0,0
1774386541427,4765,2 - Escolher Voo,200,OK,Teste de Carga - 250 usuarios 1-30,text,true,,7381,250,250,250,https://www.blazedemo.com/reserve.php,4744,0,0
1774386545880,319,2 - Escolher Voo,200,OK,Teste de Carga - 250 usuarios 1-25,text,true,,7381,250,250,250,https://www.blazedemo.com/reserve.php,299,0,0
1774386541445,4753,1 - Acessar Home,200,OK,Teste de Carga - 250 usuarios 1-62,text,true,,4757,120,250,250,https://www.blazedemo.com/,4743,0,0
1774386545815,388,1 - Acessar Home,200,OK,Teste de Carga - 250 usuarios 1-13,text,true,,4757,120,250,250,https://www.blazedemo.com/,376,0,0
1774386545956,250,1 - Acessar Home,200,OK,Teste de Carga - 250 usuarios 1-180,text,true,,4757,120,250,250,https://www.blazedemo.com/,238,0,0
1774386545932,279,1 - Acessar Home,200,OK,Teste de Carga - 250 usuarios 1-153,text,true,,4757,120,250,250,https://www.blazedemo.com/,267,0,0
1774386545945,269,1 - Acessar Home,200,OK,Teste de Carga - 250 usuarios 1-172,text,true,,4757,120,250,250,https://www.blazedemo.com/,257,0,0
1774386545941,274,3 - Comprar Passagem,200,OK,Teste de Carga - 250 usuarios 1-122,text,true,,6719,420,250,250,https://www.blazedemo.com/purchase.php,262,0,0
1774386544854,1362,3 - Comprar Passagem,200,OK,Teste de Carga - 250 usuarios 1-76,text,true,,6719,420,250,250,https://www.blazedemo.com/purchase.php,1350,0,0
1774386545929,288,2 - Escolher Voo,200,OK,Teste de Carga - 250 usuarios 1-147,text,true,,7381,250,250,250,https://www.blazedemo.com/reserve.php,272,0,0
1774386545917,304,3 - Comprar Passagem,200,OK,Teste de Carga - 250 usuarios 1-82,text,true,,6719,420,250,250,https://www.blazedemo.com/purchase.php,292,0,0
1774386545965,258,1 - Acessar Home,200,OK,Teste de Carga - 250 usuarios 1-12,text,true,,4757,120,250,250,https://www.blazedemo.com/,246,0,0
1774386545947,277,2 - Escolher Voo,200,OK,Teste de Carga - 250 usuarios 1-75,text,true,,7381,250,250,250,https://www.blazedemo.com/reserve.php,257,0,0
1774386541478,4751,1 - Acessar Home,200,OK,Teste de Carga - 250 usuarios 1-129,text,true,,4757,120,250,250,https://www.blazedemo.com/,4739,0,0
1774386545976,257,3 - Comprar Passagem,200,OK,Teste de Carga - 250 usuarios 1-107,text,true,,6719,420,250,250,https://www.blazedemo.com/purchase.php,244,0,0
1774386542529,3708,3 - Comprar Passagem,200,OK,Teste de Carga - 250 usuarios 1-183,text,true,,6719,420,250,250,https://www.blazedemo.com/purchase.php,3696,0,0
1774386545970,273,1 - Acessar Home,200,OK,Teste de Carga - 250 usuarios 1-20,text,true,,4757,120,250,250,https://www.blazedemo.com/,260,0,0
1774386545934,313,3 - Comprar Passagem,200,OK,Teste de Carga - 250 usuarios 1-49,text,true,,6719,420,250,250,https://www.blazedemo.com/purchase.php,290,0,0
1774386542368,3879,1 - Acessar Home,200,OK,Teste de Carga - 250 usuarios 1-67,text,true,,4757,120,250,250,https://www.blazedemo.com/,3860,0,0
1774386545937,314,3 - Comprar Passagem,200,OK,Teste de Carga - 250 usuarios 1-209,text,true,,6719,420,250,250,https://www.blazedemo.com/purchase.php,301,0,0
1774386544757,1494,1 - Acessar Home,200,OK,Teste de Carga - 250 usuarios 1-116,text,true,,4757,120,250,250,https://www.blazedemo.com/,1482,0,0
1774386545895,361,1 - Acessar Home,200,OK,Teste de Carga - 250 usuarios 1-215,text,true,,4757,120,250,250,https://www.blazedemo.com/,349,0,0
1774386545899,361,1 - Acessar Home,200,OK,Teste de Carga - 250 usuarios 1-40,text,true,,4757,120,250,250,https://www.blazedemo.com/,349,0,0
1774386545813,451,1 - Acessar Home,200,OK,Teste de Carga - 250 usuarios 1-211,text,true,,4757,120,250,250,https://www.blazedemo.com/,439,0,0
1774386545922,348,1 - Acessar Home,200,OK,Teste de Carga - 250 usuarios 1-68,text,true,,4757,120,250,250,https://www.blazedemo.com/,336,0,0
1774386542310,3959,3 - Comprar Passagem,200,OK,Teste de Carga - 250 usuarios 1-139,text,true,,6719,420,250,250,https://www.blazedemo.com/purchase.php,3946,0,0
1774386545950,321,1 - Acessar Home,200,OK,Teste de Carga - 250 usuarios 1-140,text,true,,4757,120,250,250,https://www.blazedemo.com/,309,0,0
1774386545981,297,2 - Escolher Voo,200,OK,Teste de Carga - 250 usuarios 1-163,text,true,,7381,250,250,250,https://www.blazedemo.com/reserve.php,276,0,0
1774386545927,360,2 - Escolher Voo,200,OK,Teste de Carga - 250 usuarios 1-121,text,true,,7381,250,250,250,https://www.blazedemo.com/reserve.php,339,0,0
1774386546005,282,2 - Escolher Voo,200,OK,Teste de Carga - 250 usuarios 1-44,text,true,,7381,250,250,250,https://www.blazedemo.com/reserve.php,262,0,0
1774386545960,329,3 - Comprar Passagem,200,OK,Teste de Carga - 250 usuarios 1-161,text,true,,6719,420,250,250,https://www.blazedemo.com/purchase.php,317,0,0
1774386542380,3908,2 - Escolher Voo,200,OK,Teste de Carga - 250 usuarios 1-190,text,true,,7381,250,250,250,https://www.blazedemo.com/reserve.php,3884,0,0
1774386546023,266,1 - Acessar Home,200,OK,Teste de Carga - 250 usuarios 1-223,text,true,,4757,120,250,250,https://www.blazedemo.com/,255,0,0
1774386546037,256,1 - Acessar Home,200,OK,Teste de Carga - 250 usuarios 1-15,text,true,,4757,120,250,250,https://www.blazedemo.com/,244,0,0
1774386545992,302,3 - Comprar Passagem,200,OK,Teste de Carga - 250 usuarios 1-168,text,true,,6719,420,250,250,https://www.blazedemo.com/purchase.php,289,0,0
1774386546008,286,2 - Escolher Voo,200,OK,Teste de Carga - 250 usuarios 1-109,text,true,,7381,250,250,250,https://www.blazedemo.com/reserve.php,264,0,0
1774386544916,1379,3 - Comprar Passagem,200,OK,Teste de Carga - 250 usuarios 1-85,text,true,,6719,420,250,250,https://www.blazedemo.com/purchase.php,1367,0,0
1774386546019,285,2 - Escolher Voo,200,OK,Teste de Carga - 250 usuarios 1-104,text,true,,7381,250,250,250,https://www.blazedemo.com/reserve.php,267,0,0
1774386545966,341,3 - Comprar Passagem,200,OK,Teste de Carga - 250 usuarios 1-3,text,true,,6719,420,250,250,https://www.blazedemo.com/purchase.php,324,0,0
1774386546050,259,2 - Escolher Voo,200,OK,Teste de Carga - 250 usuarios 1-90,text,true,,7381,250,250,250,https://www.blazedemo.com/reserve.php,243,0,0
1774386546032,282,1 - Acessar Home,200,OK,Teste de Carga - 250 usuarios 1-137,text,true,,4757,120,250,250,https://www.blazedemo.com/,268,0,0
1774386545963,360,1 - Acessar Home,200,OK,Teste de Carga - 250 usuarios 1-187,text,true,,4757,120,250,250,https://www.blazedemo.com/,348,0,0
1774386546056,275,1 - Acessar Home,200,OK,Teste de Carga - 250 usuarios 1-243,text,true,,4757,120,250,250,https://www.blazedemo.com/,263,0,0
1774386546067,266,2 - Escolher Voo,200,OK,Teste de Carga - 250 usuarios 1-125,text,true,,7381,250,250,250,https://www.blazedemo.com/reserve.php,243,0,0
1774386545955,380,3 - Comprar Passagem,200,OK,Teste de Carga - 250 usuarios 1-148,text,true,,6719,420,250,250,https://www.blazedemo.com/purchase.php,367,0,0
1774386546045,294,3 - Comprar Passagem,200,OK,Teste de Carga - 250 usuarios 1-55,text,true,,6719,420,250,250,https://www.blazedemo.com/purchase.php,282,0,0
1774386546073,268,2 - Escolher Voo,200,OK,Teste de Carga - 250 usuarios 1-240,text,true,,7381,250,250,250,https://www.blazedemo.com/reserve.php,247,0,0
1774386546029,314,2 - Escolher Voo,200,OK,Teste de Carga - 250 usuarios 1-46,text,true,,7381,250,250,250,https://www.blazedemo.com/reserve.php,295,0,0
1774386546039,308,1 - Acessar Home,200,OK,Teste de Carga - 250 usuarios 1-120,text,true,,4757,120,250,250,https://www.blazedemo.com/,296,0,0
1774386541728,4634,2 - Escolher Voo,200,OK,Teste de Carga - 250 usuarios 1-166,text,true,,7381,250,250,250,https://www.blazedemo.com/reserve.php,4613,0,0
1774386541914,4454,2 - Escolher Voo,200,OK,Teste de Carga - 250 usuarios 1-246,text,true,,7381,250,250,250,https://www.blazedemo.com/reserve.php,4432,0,0
1774386545982,397,3 - Comprar Passagem,200,OK,Teste de Carga - 250 usuarios 1-184,text,true,,6719,420,250,250,https://www.blazedemo.com/purchase.php,384,0,0
1774386546093,286,2 - Escolher Voo,200,OK,Teste de Carga - 250 usuarios 1-219,text,true,,7381,250,250,250,https://www.blazedemo.com/reserve.php,265,0,0
1774386546007,373,2 - Escolher Voo,200,OK,Teste de Carga - 250 usuarios 1-179,text,true,,7381,250,250,250,https://www.blazedemo.com/reserve.php,356,0,0
1774386545988,396,1 - Acessar Home,200,OK,Teste de Carga - 250 usuarios 1-111,text,true,,4757,120,250,250,https://www.blazedemo.com/,383,0,0
1774386546041,344,2 - Escolher Voo,200,OK,Teste de Carga - 250 usuarios 1-218,text,true,,7381,250,250,250,https://www.blazedemo.com/reserve.php,324,0,0
1774386546111,279,3 - Comprar Passagem,200,OK,Teste de Carga - 250 usuarios 1-93,text,true,,6719,420,250,250,https://www.blazedemo.com/purchase.php,267,0,0
1774386545074,1316,3 - Comprar Passagem,200,OK,Teste de Carga - 250 usuarios 1-96,text,true,,6719,420,250,250,https://www.blazedemo.com/purchase.php,1300,0,0
1774386544972,1419,2 - Escolher Voo,200,OK,Teste de Carga - 250 usuarios 1-210,text,true,,7381,250,250,250,https://www.blazedemo.com/reserve.php,1399,0,0
1774386541494,4897,1 - Acessar Home,200,OK,Teste de Carga - 250 usuarios 1-24,text,true,,4757,120,250,250,https://www.blazedemo.com/,4886,0,0
1774386546127,270,3 - Comprar Passagem,200,OK,Teste de Carga - 250 usuarios 1-178,text,true,,6719,420,250,250,https://www.blazedemo.com/purchase.php,257,0,0
1774386546162,236,2 - Escolher Voo,200,OK,Teste de Carga - 250 usuarios 1-34,text,true,,7381,250,250,250,https://www.blazedemo.com/reserve.php,220,0,0
1774386546083,317,2 - Escolher Voo,200,OK,Teste de Carga - 250 usuarios 1-91,text,true,,7381,250,250,250,https://www.blazedemo.com/reserve.php,297,0,0
1774386546138,263,3 - Comprar Passagem,200,OK,Teste de Carga - 250 usuarios 1-213,text,true,,6719,420,250,250,https://www.blazedemo.com/purchase.php,250,0,0
1774386541536,4865,1 - Acessar Home,200,OK,Teste de Carga - 250 usuarios 1-95,text,true,,4757,120,250,250,https://www.blazedemo.com/,4853,0,0
1774386546057,354,3 - Comprar Passagem,200,OK,Teste de Carga - 250 usuarios 1-160,text,true,,6719,420,250,250,https://www.blazedemo.com/purchase.php,343,0,0
1774386542396,4019,1 - Acessar Home,200,OK,Teste de Carga - 250 usuarios 1-245,text,true,,4757,120,250,250,https://www.blazedemo.com/,4006,0,0
1774386546154,262,3 - Comprar Passagem,200,OK,Teste de Carga - 250 usuarios 1-212,text,true,,6719,420,250,250,https://www.blazedemo.com/purchase.php,250,0,0
1774386546156,267,1 - Acessar Home,200,OK,Teste de Carga - 250 usuarios 1-189,text,true,,4757,120,250,250,https://www.blazedemo.com/,252,0,0
1774386546046,378,2 - Escolher Voo,200,OK,Teste de Carga - 250 usuarios 1-35,text,true,,7381,250,250,250,https://www.blazedemo.com/reserve.php,358,0,0
1774386541130,5295,1 - Acessar Home,200,OK,Teste de Carga - 250 usuarios 1-138,text,true,,4757,120,250,250,https://www.blazedemo.com/,5220,0,0
1774386546110,317,1 - Acessar Home,200,OK,Teste de Carga - 250 usuarios 1-128,text,true,,4757,120,250,250,https://www.blazedemo.com/,306,0,0
1774386546013,417,3 - Comprar Passagem,200,OK,Teste de Carga - 250 usuarios 1-157,text,true,,6719,420,250,250,https://www.blazedemo.com/purchase.php,405,0,0
1774386543000,3429,2 - Escolher Voo,200,OK,Teste de Carga - 250 usuarios 1-97,text,true,,7381,250,250,250,https://www.blazedemo.com/reserve.php,3409,0,0
1774386546051,382,1 - Acessar Home,200,OK,Teste de Carga - 250 usuarios 1-61,text,true,,4757,120,250,250,https://www.blazedemo.com/,322,0,0
1774386546071,362,2 - Escolher Voo,200,OK,Teste de Carga - 250 usuarios 1-102,text,true,,7381,250,250,250,https://www.blazedemo.com/reserve.php,342,0,0
1774386546003,432,2 - Escolher Voo,200,OK,Teste de Carga - 250 usuarios 1-7,text,true,,7381,250,250,250,https://www.blazedemo.com/reserve.php,412,0,0
1774386542415,4026,2 - Escolher Voo,200,OK,Teste de Carga - 250 usuarios 1-150,text,true,,7381,250,250,250,https://www.blazedemo.com/reserve.php,4005,0,0
1774386546162,286,2 - Escolher Voo,200,OK,Teste de Carga - 250 usuarios 1-244,text,true,,7381,250,250,250,https://www.blazedemo.com/reserve.php,269,0,0
1774386546152,304,1 - Acessar Home,200,OK,Teste de Carga - 250 usuarios 1-145,text,true,,4757,120,250,250,https://www.blazedemo.com/,292,0,0
1774386546215,247,1 - Acessar Home,200,OK,Teste de Carga - 250 usuarios 1-122,text,true,,4757,120,250,250,https://www.blazedemo.com/,234,0,0
1774386546166,298,3 - Comprar Passagem,200,OK,Teste de Carga - 250 usuarios 1-124,text,true,,6719,420,250,250,https://www.blazedemo.com/purchase.php,285,0,0
1774386546052,412,3 - Comprar Passagem,200,OK,Teste de Carga - 250 usuarios 1-114,text,true,,6719,420,250,250,https://www.blazedemo.com/purchase.php,399,0,0
1774386546223,241,2 - Escolher Voo,200,OK,Teste de Carga - 250 usuarios 1-12,text,true,,7381,250,250,250,https://www.blazedemo.com/reserve.php,220,0,0
1774386546233,234,1 - Acessar Home,200,OK,Teste de Carga - 250 usuarios 1-107,text,true,,4757,120,250,250,https://www.blazedemo.com/,221,0,0
1774386546221,251,1 - Acessar Home,200,OK,Teste de Carga - 250 usuarios 1-82,text,true,,4757,120,250,250,https://www.blazedemo.com/,239,0,0
1774386546153,320,3 - Comprar Passagem,200,OK,Teste de Carga - 250 usuarios 1-181,text,true,,6719,420,250,250,https://www.blazedemo.com/purchase.php,309,0,0
1774386546056,419,1 - Acessar Home,200,OK,Teste de Carga - 250 usuarios 1-8,text,true,,4757,120,250,250,https://www.blazedemo.com/,406,0,0
1774386546214,269,2 - Escolher Voo,200,OK,Teste de Carga - 250 usuarios 1-172,text,true,,7381,250,250,250,https://www.blazedemo.com/reserve.php,249,0,0
1774386542536,3947,3 - Comprar Passagem,200,OK,Teste de Carga - 250 usuarios 1-78,text,true,,6719,420,250,250,https://www.blazedemo.com/purchase.php,3935,0,0
1774386546067,418,3 - Comprar Passagem,200,OK,Teste de Carga - 250 usuarios 1-205,text,true,,6719,420,250,250,https://www.blazedemo.com/purchase.php,401,0,0
1774386546167,325,2 - Escolher Voo,200,OK,Teste de Carga - 250 usuarios 1-204,text,true,,7381,250,250,250,https://www.blazedemo.com/reserve.php,304,0,0
1774386546199,300,2 - Escolher Voo,200,OK,Teste de Carga - 250 usuarios 1-62,text,true,,7381,250,250,250,https://www.blazedemo.com/reserve.php,284,0,0
1774386546100,401,3 - Comprar Passagem,200,OK,Teste de Carga - 250 usuarios 1-21,text,true,,6719,420,250,250,https://www.blazedemo.com/purchase.php,385,0,0
1774386546159,344,2 - Escolher Voo,200,OK,Teste de Carga - 250 usuarios 1-42,text,true,,7381,250,250,250,https://www.blazedemo.com/reserve.php,324,0,0
1774386545243,1264,1 - Acessar Home,200,OK,Teste de Carga - 250 usuarios 1-84,text,true,,4757,120,250,250,https://www.blazedemo.com/,1253,0,0
1774386543222,3286,3 - Comprar Passagem,200,OK,Teste de Carga - 250 usuarios 1-226,text,true,,6719,420,250,250,https://www.blazedemo.com/purchase.php,3274,0,0
1774386546097,418,3 - Comprar Passagem,200,OK,Teste de Carga - 250 usuarios 1-11,text,true,,6719,420,250,250,https://www.blazedemo.com/purchase.php,400,0,0
1774386546190,326,2 - Escolher Voo,200,OK,Teste de Carga - 250 usuarios 1-241,text,true,,7381,250,250,250,https://www.blazedemo.com/reserve.php,305,0,0
1774386546131,391,1 - Acessar Home,200,OK,Teste de Carga - 250 usuarios 1-164,text,true,,4757,120,250,250,https://www.blazedemo.com/,378,0,0
1774386546183,341,1 - Acessar Home,200,OK,Teste de Carga - 250 usuarios 1-197,text,true,,4757,120,250,250,https://www.blazedemo.com/,329,0,0
1774386546253,279,2 - Escolher Voo,200,OK,Teste de Carga - 250 usuarios 1-116,text,true,,7381,250,250,250,https://www.blazedemo.com/reserve.php,258,0,0
1774386541719,4812,2 - Escolher Voo,200,OK,Teste de Carga - 250 usuarios 1-149,text,true,,7381,250,250,250,https://www.blazedemo.com/reserve.php,4791,0,0
1774386546264,269,2 - Escolher Voo,200,OK,Teste de Carga - 250 usuarios 1-211,text,true,,7381,250,250,250,https://www.blazedemo.com/reserve.php,249,0,0
1774386546296,239,1 - Acessar Home,200,OK,Teste de Carga - 250 usuarios 1-85,text,true,,4757,120,250,250,https://www.blazedemo.com/,226,0,0
1774386542099,4437,2 - Escolher Voo,200,OK,Teste de Carga - 250 usuarios 1-174,text,true,,7381,250,250,250,https://www.blazedemo.com/reserve.php,4416,0,0
1774386546271,268,2 - Escolher Voo,200,OK,Teste de Carga - 250 usuarios 1-140,text,true,,7381,250,250,250,https://www.blazedemo.com/reserve.php,248,0,0
1774386546102,439,1 - Acessar Home,200,OK,Teste de Carga - 250 usuarios 1-170,text,true,,4757,120,250,250,https://www.blazedemo.com/,427,0,0
1774386546270,273,1 - Acessar Home,200,OK,Teste de Carga - 250 usuarios 1-139,text,true,,4757,120,250,250,https://www.blazedemo.com/,261,0,0
1774386545739,809,1 - Acessar Home,200,OK,Teste de Carga - 250 usuarios 1-229,text,true,,4757,120,250,250,https://www.blazedemo.com/,798,0,0
1774386546166,383,3 - Comprar Passagem,200,OK,Teste de Carga - 250 usuarios 1-126,text,true,,6719,420,250,250,https://www.blazedemo.com/purchase.php,366,0,0
1774386546101,451,3 - Comprar Passagem,200,OK,Teste de Carga - 250 usuarios 1-167,text,true,,6719,420,250,250,https://www.blazedemo.com/purchase.php,439,0,0
1774386546199,356,3 - Comprar Passagem,200,OK,Teste de Carga - 250 usuarios 1-25,text,true,,6719,420,250,250,https://www.blazedemo.com/purchase.php,344,0,0
1774386546294,261,1 - Acessar Home,200,OK,Teste de Carga - 250 usuarios 1-168,text,true,,4757,120,250,250,https://www.blazedemo.com/,249,0,0
1774386546224,339,3 - Comprar Passagem,200,OK,Teste de Carga - 250 usuarios 1-75,text,true,,6719,420,250,250,https://www.blazedemo.com/purchase.php,327,0,0
1774386545601,963,2 - Escolher Voo,200,OK,Teste de Carga - 250 usuarios 1-45,text,true,,7381,250,250,250,https://www.blazedemo.com/reserve.php,942,0,0
1774386542112,4456,1 - Acessar Home,200,OK,Teste de Carga - 250 usuarios 1-232,text,true,,4757,120,250,250,https://www.blazedemo.com/,4443,0,0
1774386546230,352,2 - Escolher Voo,200,OK,Teste de Carga - 250 usuarios 1-129,text,true,,7381,250,250,250,https://www.blazedemo.com/reserve.php,335,0,0
1774386546293,289,2 - Escolher Voo,200,OK,Teste de Carga - 250 usuarios 1-15,text,true,,7381,250,250,250,https://www.blazedemo.com/reserve.php,269,0,0
1774386546170,413,1 - Acessar Home,200,OK,Teste de Carga - 250 usuarios 1-127,text,true,,4757,120,250,250,https://www.blazedemo.com/,401,0,0
1774386546256,333,2 - Escolher Voo,200,OK,Teste de Carga - 250 usuarios 1-215,text,true,,7381,250,250,250,https://www.blazedemo.com/reserve.php,312,0,0
1774386546333,259,3 - Comprar Passagem,200,OK,Teste de Carga - 250 usuarios 1-125,text,true,,6719,420,250,250,https://www.blazedemo.com/purchase.php,246,0,0
1774386546340,253,1 - Acessar Home,200,OK,Teste de Carga - 250 usuarios 1-55,text,true,,4757,120,250,250,https://www.blazedemo.com/,241,0,0
1774386546112,483,2 - Escolher Voo,200,OK,Teste de Carga - 250 usuarios 1-135,text,true,,7381,250,250,250,https://www.blazedemo.com/reserve.php,462,0,0
1774386546186,416,1 - Acessar Home,200,OK,Teste de Carga - 250 usuarios 1-87,text,true,,4757,120,250,250,https://www.blazedemo.com/,404,0,0
1774386546314,289,2 - Escolher Voo,200,OK,Teste de Carga - 250 usuarios 1-137,text,true,,7381,250,250,250,https://www.blazedemo.com/reserve.php,268,0,0
1774386546203,404,2 - Escolher Voo,200,OK,Teste de Carga - 250 usuarios 1-13,text,true,,7381,250,250,250,https://www.blazedemo.com/reserve.php,383,0,0
1774386543423,3185,1 - Acessar Home,200,OK,Teste de Carga - 250 usuarios 1-207,text,true,,4757,120,250,250,https://www.blazedemo.com/,3174,0,0
1774386542570,4039,2 - Escolher Voo,200,OK,Teste de Carga - 250 usuarios 1-132,text,true,,7381,250,250,250,https://www.blazedemo.com/reserve.php,4012,0,0
1774386542718,3892,3 - Comprar Passagem,200,OK,Teste de Carga - 250 usuarios 1-17,text,true,,6719,420,250,250,https://www.blazedemo.com/purchase.php,3879,0,0
1774386546380,236,3 - Comprar Passagem,200,OK,Teste de Carga - 250 usuarios 1-179,text,true,,6719,420,250,250,https://www.blazedemo.com/purchase.php,225,0,0
1774386546331,287,2 - Escolher Voo,200,OK,Teste de Carga - 250 usuarios 1-243,text,true,,7381,250,250,250,https://www.blazedemo.com/reserve.php,270,0,0
1774386546193,426,3 - Comprar Passagem,200,OK,Teste de Carga - 250 usuarios 1-30,text,true,,6719,420,250,250,https://www.blazedemo.com/purchase.php,411,0,0
1774386546309,315,3 - Comprar Passagem,200,OK,Teste de Carga - 250 usuarios 1-90,text,true,,6719,420,250,250,https://www.blazedemo.com/purchase.php,303,0,0
1774386546260,375,2 - Escolher Voo,200,OK,Teste de Carga - 250 usuarios 1-40,text,true,,7381,250,250,250,https://www.blazedemo.com/reserve.php,357,0,0
1774386546289,351,2 - Escolher Voo,200,OK,Teste de Carga - 250 usuarios 1-223,text,true,,7381,250,250,250,https://www.blazedemo.com/reserve.php,331,0,0
1774386541909,4731,2 - Escolher Voo,200,OK,Teste de Carga - 250 usuarios 1-70,text,true,,7381,250,250,250,https://www.blazedemo.com/reserve.php,4709,0,0
1774386546401,242,1 - Acessar Home,200,OK,Teste de Carga - 250 usuarios 1-213,text,true,,4757,120,250,250,https://www.blazedemo.com/,230,0,0
1774386546379,265,1 - Acessar Home,200,OK,Teste de Carga - 250 usuarios 1-184,text,true,,4757,120,250,250,https://www.blazedemo.com/,253,0,0
1774386546251,395,1 - Acessar Home,200,OK,Teste de Carga - 250 usuarios 1-209,text,true,,4757,120,250,250,https://www.blazedemo.com/,382,0,0
1774386545837,813,2 - Escolher Voo,200,OK,Teste de Carga - 250 usuarios 1-217,text,true,,7381,250,250,250,https://www.blazedemo.com/reserve.php,793,0,0
1774386546347,304,2 - Escolher Voo,200,OK,Teste de Carga - 250 usuarios 1-120,text,true,,7381,250,250,250,https://www.blazedemo.com/reserve.php,283,0,0
1774386546379,279,3 - Comprar Passagem,200,OK,Teste de Carga - 250 usuarios 1-219,text,true,,6719,420,250,250,https://www.blazedemo.com/purchase.php,267,0,0
1774386546270,391,2 - Escolher Voo,200,OK,Teste de Carga - 250 usuarios 1-68,text,true,,7381,250,250,250,https://www.blazedemo.com/reserve.php,371,0,0
1774386542792,3870,3 - Comprar Passagem,200,OK,Teste de Carga - 250 usuarios 1-203,text,true,,6719,420,250,250,https://www.blazedemo.com/purchase.php,3854,0,0
1774386546294,372,3 - Comprar Passagem,200,OK,Teste de Carga - 250 usuarios 1-109,text,true,,6719,420,250,250,https://www.blazedemo.com/purchase.php,361,0,0
1774386546143,526,3 - Comprar Passagem,200,OK,Teste de Carga - 250 usuarios 1-112,text,true,,6719,420,250,250,https://www.blazedemo.com/purchase.php,514,0,0
1774386546217,452,1 - Acessar Home,200,OK,Teste de Carga - 250 usuarios 1-76,text,true,,4757,120,250,250,https://www.blazedemo.com/,441,0,0
1774386542302,4367,1 - Acessar Home,200,OK,Teste de Carga - 250 usuarios 1-115,text,true,,4757,120,250,250,https://www.blazedemo.com/,4356,0,0
1774386546217,455,3 - Comprar Passagem,200,OK,Teste de Carga - 250 usuarios 1-147,text,true,,6719,420,250,250,https://www.blazedemo.com/purchase.php,443,0,0
1774386546416,268,1 - Acessar Home,200,OK,Teste de Carga - 250 usuarios 1-212,text,true,,4757,120,250,250,https://www.blazedemo.com/,257,0,0
1774386546430,255,1 - Acessar Home,200,OK,Teste de Carga - 250 usuarios 1-157,text,true,,4757,120,250,250,https://www.blazedemo.com/,243,0,0
1774386546304,383,3 - Comprar Passagem,200,OK,Teste de Carga - 250 usuarios 1-104,text,true,,6719,420,250,250,https://www.blazedemo.com/purchase.php,371,0,0
1774386545993,698,1 - Acessar Home,200,OK,Teste de Carga - 250 usuarios 1-151,text,true,,4757,120,250,250,https://www.blazedemo.com/,686,0,0
1774386546427,265,2 - Escolher Voo,200,OK,Teste de Carga - 250 usuarios 1-128,text,true,,7381,250,250,250,https://www.blazedemo.com/reserve.php,245,0,0
1774386546335,360,1 - Acessar Home,200,OK,Teste de Carga - 250 usuarios 1-148,text,true,,4757,120,250,250,https://www.blazedemo.com/,349,0,0
1774386546049,650,1 - Acessar Home,200,OK,Teste de Carga - 250 usuarios 1-99,text,true,,4757,120,250,250,https://www.blazedemo.com/,638,0,0
1774386543455,3248,2 - Escolher Voo,200,OK,Teste de Carga - 250 usuarios 1-41,text,true,,7381,250,250,250,https://www.blazedemo.com/reserve.php,3227,0,0
1774386546344,362,3 - Comprar Passagem,200,OK,Teste de Carga - 250 usuarios 1-46,text,true,,6719,420,250,250,https://www.blazedemo.com/purchase.php,350,0,0
1774386546287,420,3 - Comprar Passagem,200,OK,Teste de Carga - 250 usuarios 1-121,text,true,,6719,420,250,250,https://www.blazedemo.com/purchase.php,404,0,0
1774386546211,508,2 - Escolher Voo,200,OK,Teste de Carga - 250 usuarios 1-153,text,true,,7381,250,250,250,https://www.blazedemo.com/reserve.php,487,0,0
1774386546433,287,3 - Comprar Passagem,200,OK,Teste de Carga - 250 usuarios 1-102,text,true,,6719,420,250,250,https://www.blazedemo.com/purchase.php,270,0,0
1774386546363,359,3 - Comprar Passagem,200,OK,Teste de Carga - 250 usuarios 1-166,text,true,,6719,420,250,250,https://www.blazedemo.com/purchase.php,347,0,0
1774386546289,446,1 - Acessar Home,200,OK,Teste de Carga - 250 usuarios 1-161,text,true,,4757,120,250,250,https://www.blazedemo.com/,434,0,0
1774386546384,351,2 - Escolher Voo,200,OK,Teste de Carga - 250 usuarios 1-111,text,true,,7381,250,250,250,https://www.blazedemo.com/reserve.php,330,0,0
1774386542331,4405,3 - Comprar Passagem,200,OK,Teste de Carga - 250 usuarios 1-9,text,true,,6719,420,250,250,https://www.blazedemo.com/purchase.php,4399,0,0
1774386542810,3927,2 - Escolher Voo,200,OK,Teste de Carga - 250 usuarios 1-36,text,true,,7381,250,250,250,https://www.blazedemo.com/reserve.php,3907,0,0
1774386546424,315,3 - Comprar Passagem,200,OK,Teste de Carga - 250 usuarios 1-35,text,true,,6719,420,250,250,https://www.blazedemo.com/purchase.php,299,0,0
1774386542394,4348,3 - Comprar Passagem,200,OK,Teste de Carga - 250 usuarios 1-159,text,true,,6719,420,250,250,https://www.blazedemo.com/purchase.php,4336,0,0
1774386546456,290,2 - Escolher Voo,200,OK,Teste de Carga - 250 usuarios 1-145,text,true,,7381,250,250,250,https://www.blazedemo.com/reserve.php,270,0,0
1774386546411,336,1 - Acessar Home,200,OK,Teste de Carga - 250 usuarios 1-160,text,true,,4757,120,250,250,https://www.blazedemo.com/,326,0,0
1774386546369,384,3 - Comprar Passagem,200,OK,Teste de Carga - 250 usuarios 1-246,text,true,,6719,420,250,250,https://www.blazedemo.com/purchase.php,371,0,0
1774386546391,367,1 - Acessar Home,200,OK,Teste de Carga - 250 usuarios 1-96,text,true,,4757,120,250,250,https://www.blazedemo.com/,355,0,0
1774386546206,557,2 - Escolher Voo,200,OK,Teste de Carga - 250 usuarios 1-180,text,true,,7381,250,250,250,https://www.blazedemo.com/reserve.php,536,0,0
1774386546442,326,3 - Comprar Passagem,200,OK,Teste de Carga - 250 usuarios 1-150,text,true,,6719,420,250,250,https://www.blazedemo.com/purchase.php,313,0,0
1774386546390,380,1 - Acessar Home,200,OK,Teste de Carga - 250 usuarios 1-93,text,true,,4757,120,250,250,https://www.blazedemo.com/,367,0,0
1774386546483,293,3 - Comprar Passagem,200,OK,Teste de Carga - 250 usuarios 1-172,text,true,,6719,420,250,250,https://www.blazedemo.com/purchase.php,276,0,0
1774386546532,245,3 - Comprar Passagem,200,OK,Teste de Carga - 250 usuarios 1-149,text,true,,6719,420,250,250,https://www.blazedemo.com/purchase.php,233,0,0
1774386546473,304,1 - Acessar Home,200,OK,Teste de Carga - 250 usuarios 1-181,text,true,,4757,120,250,250,https://www.blazedemo.com/,294,0,0
1774386542389,4391,2 - Escolher Voo,200,OK,Teste de Carga - 250 usuarios 1-38,text,true,,7381,250,250,250,https://www.blazedemo.com/reserve.php,4374,0,0
1774386546341,440,3 - Comprar Passagem,200,OK,Teste de Carga - 250 usuarios 1-240,text,true,,6719,420,250,250,https://www.blazedemo.com/purchase.php,424,0,0
1774386546516,268,3 - Comprar Passagem,200,OK,Teste de Carga - 250 usuarios 1-241,text,true,,6719,420,250,250,https://www.blazedemo.com/purchase.php,258,0,0
1774386546392,392,3 - Comprar Passagem,200,OK,Teste de Carga - 250 usuarios 1-210,text,true,,6719,420,250,250,https://www.blazedemo.com/purchase.php,381,0,0
1774386546535,251,2 - Escolher Voo,200,OK,Teste de Carga - 250 usuarios 1-85,text,true,,7381,250,250,250,https://www.blazedemo.com/reserve.php,235,0,0
1774386546287,500,3 - Comprar Passagem,200,OK,Teste de Carga - 250 usuarios 1-44,text,true,,6719,420,250,250,https://www.blazedemo.com/purchase.php,489,0,0
1774386542854,3935,3 - Comprar Passagem,200,OK,Teste de Carga - 250 usuarios 1-73,text,true,,6719,420,250,250,https://www.blazedemo.com/purchase.php,3922,0,0
1774386543560,3229,3 - Comprar Passagem,200,OK,Teste de Carga - 250 usuarios 1-26,text,true,,6719,420,250,250,https://www.blazedemo.com/purchase.php,3217,0,0
1774386546398,395,3 - Comprar Passagem,200,OK,Teste de Carga - 250 usuarios 1-34,text,true,,6719,420,250,250,https://www.blazedemo.com/purchase.php,278,0,0
1774386546402,391,2 - Escolher Voo,200,OK,Teste de Carga - 250 usuarios 1-95,text,true,,7381,250,250,250,https://www.blazedemo.com/reserve.php,372,0,0
1774386546416,378,2 - Escolher Voo,200,OK,Teste de Carga - 250 usuarios 1-245,text,true,,7381,250,250,250,https://www.blazedemo.com/reserve.php,358,0,0
1774386546508,309,2 - Escolher Voo,200,OK,Teste de Carga - 250 usuarios 1-84,text,true,,7381,250,250,250,https://www.blazedemo.com/reserve.php,289,0,0
1774386546541,278,2 - Escolher Voo,200,OK,Teste de Carga - 250 usuarios 1-170,text,true,,7381,250,250,250,https://www.blazedemo.com/reserve.php,258,0,0
1774386546549,282,1 - Acessar Home,200,OK,Teste de Carga - 250 usuarios 1-126,text,true,,4757,120,250,250,https://www.blazedemo.com/,270,0,0
1774386546503,328,3 - Comprar Passagem,200,OK,Teste de Carga - 250 usuarios 1-42,text,true,,6719,420,250,250,https://www.blazedemo.com/purchase.php,316,0,0
1774386546475,358,2 - Escolher Voo,200,OK,Teste de Carga - 250 usuarios 1-8,text,true,,7381,250,250,250,https://www.blazedemo.com/reserve.php,338,0,0
1774386546243,593,2 - Escolher Voo,200,OK,Teste de Carga - 250 usuarios 1-20,text,true,,7381,250,250,250,https://www.blazedemo.com/reserve.php,572,0,0
1774386546238,602,1 - Acessar Home,200,OK,Teste de Carga - 250 usuarios 1-183,text,true,,4757,120,250,250,https://www.blazedemo.com/,591,0,0
1774386546467,376,2 - Escolher Voo,200,OK,Teste de Carga - 250 usuarios 1-107,text,true,,7381,250,250,250,https://www.blazedemo.com/reserve.php,355,0,0
1774386546539,308,3 - Comprar Passagem,200,OK,Teste de Carga - 250 usuarios 1-140,text,true,,6719,420,250,250,https://www.blazedemo.com/purchase.php,295,0,0
1774386542421,4428,2 - Escolher Voo,200,OK,Teste de Carga - 250 usuarios 1-69,text,true,,7381,250,250,250,https://www.blazedemo.com/reserve.php,4407,0,0
1774386546485,365,1 - Acessar Home,200,OK,Teste de Carga - 250 usuarios 1-205,text,true,,4757,120,250,250,https://www.blazedemo.com/,354,0,0
1774386546582,277,3 - Comprar Passagem,200,OK,Teste de Carga - 250 usuarios 1-129,text,true,,6719,420,250,250,https://www.blazedemo.com/purchase.php,265,0,0
1774386546464,396,1 - Acessar Home,200,OK,Teste de Carga - 250 usuarios 1-114,text,true,,4757,120,250,250,https://www.blazedemo.com/,384,0,0
1774386546524,337,2 - Escolher Voo,200,OK,Teste de Carga - 250 usuarios 1-197,text,true,,7381,250,250,250,https://www.blazedemo.com/reserve.php,312,0,0
1774386546548,314,2 - Escolher Voo,200,OK,Teste de Carga - 250 usuarios 1-229,text,true,,7381,250,250,250,https://www.blazedemo.com/reserve.php,294,0,0
1774386542886,3982,3 - Comprar Passagem,200,OK,Teste de Carga - 250 usuarios 1-176,text,true,,6719,420,250,250,https://www.blazedemo.com/purchase.php,3971,0,0
1774386546616,253,1 - Acessar Home,200,OK,Teste de Carga - 250 usuarios 1-179,text,true,,4757,120,250,250,https://www.blazedemo.com/,242,0,0
1774386546555,320,1 - Acessar Home,200,OK,Teste de Carga - 250 usuarios 1-25,text,true,,4757,120,250,250,https://www.blazedemo.com/,306,0,0
1774386546435,444,3 - Comprar Passagem,200,OK,Teste de Carga - 250 usuarios 1-7,text,true,,6719,420,250,250,https://www.blazedemo.com/purchase.php,432,0,0
1774386546602,281,2 - Escolher Voo,200,OK,Teste de Carga - 250 usuarios 1-87,text,true,,7381,250,250,250,https://www.blazedemo.com/reserve.php,260,0,0
1774386546324,567,2 - Escolher Voo,200,OK,Teste de Carga - 250 usuarios 1-187,text,true,,7381,250,250,250,https://www.blazedemo.com/reserve.php,545,0,0
1774386546624,268,1 - Acessar Home,200,OK,Teste de Carga - 250 usuarios 1-90,text,true,,4757,120,250,250,https://www.blazedemo.com/,255,0,0
1774386546563,331,1 - Acessar Home,200,OK,Teste de Carga - 250 usuarios 1-75,text,true,,4757,120,250,250,https://www.blazedemo.com/,318,0,0
1774386546492,402,3 - Comprar Passagem,200,OK,Teste de Carga - 250 usuarios 1-204,text,true,,6719,420,250,250,https://www.blazedemo.com/purchase.php,389,0,0
1774386546462,432,2 - Escolher Voo,200,OK,Teste de Carga - 250 usuarios 1-122,text,true,,7381,250,250,250,https://www.blazedemo.com/reserve.php,412,0,0
1774386543692,3206,1 - Acessar Home,200,OK,Teste de Carga - 250 usuarios 1-106,text,true,,4757,120,250,250,https://www.blazedemo.com/,3194,0,0
1774386546635,266,3 - Comprar Passagem,200,OK,Teste de Carga - 250 usuarios 1-40,text,true,,6719,420,250,250,https://www.blazedemo.com/purchase.php,254,0,0
1774386546564,341,3 - Comprar Passagem,200,OK,Teste de Carga - 250 usuarios 1-45,text,true,,6719,420,250,250,https://www.blazedemo.com/purchase.php,329,0,0
1774386542411,4495,3 - Comprar Passagem,200,OK,Teste de Carga - 250 usuarios 1-103,text,true,,6719,420,250,250,https://www.blazedemo.com/purchase.php,4479,0,0
1774386546595,313,3 - Comprar Passagem,200,OK,Teste de Carga - 250 usuarios 1-135,text,true,,6719,420,250,250,https://www.blazedemo.com/purchase.php,299,0,0
1774386546569,342,2 - Escolher Voo,200,OK,Teste de Carga - 250 usuarios 1-232,text,true,,7381,250,250,250,https://www.blazedemo.com/reserve.php,320,0,0
1774386546618,296,3 - Comprar Passagem,200,OK,Teste de Carga - 250 usuarios 1-243,text,true,,6719,420,250,250,https://www.blazedemo.com/purchase.php,284,0,0
1774386546430,488,3 - Comprar Passagem,200,OK,Teste de Carga - 250 usuarios 1-97,text,true,,6719,420,250,250,https://www.blazedemo.com/purchase.php,474,0,0
1774386546643,280,2 - Escolher Voo,200,OK,Teste de Carga - 250 usuarios 1-213,text,true,,7381,250,250,250,https://www.blazedemo.com/reserve.php,260,0,0
1774386542545,4380,3 - Comprar Passagem,200,OK,Teste de Carga - 250 usuarios 1-33,text,true,,6719,420,250,250,https://www.blazedemo.com/purchase.php,4368,0,0
1774386542940,3988,3 - Comprar Passagem,200,OK,Teste de Carga - 250 usuarios 1-175,text,true,,6719,420,250,250,https://www.blazedemo.com/purchase.php,3975,0,0
1774386542664,4265,3 - Comprar Passagem,200,OK,Teste de Carga - 250 usuarios 1-236,text,true,,6719,420,250,250,https://www.blazedemo.com/purchase.php,4254,0,0
1774386546640,291,3 - Comprar Passagem,200,OK,Teste de Carga - 250 usuarios 1-223,text,true,,6719,420,250,250,https://www.blazedemo.com/purchase.php,274,0,0
1774386546522,429,2 - Escolher Voo,200,OK,Teste de Carga - 250 usuarios 1-164,text,true,,7381,250,250,250,https://www.blazedemo.com/reserve.php,409,0,0
1774386546650,307,3 - Comprar Passagem,200,OK,Teste de Carga - 250 usuarios 1-217,text,true,,6719,420,250,250,https://www.blazedemo.com/purchase.php,294,0,0
1774386546472,487,2 - Escolher Voo,200,OK,Teste de Carga - 250 usuarios 1-82,text,true,,7381,250,250,250,https://www.blazedemo.com/reserve.php,466,0,0
1774386546646,321,2 - Escolher Voo,200,OK,Teste de Carga - 250 usuarios 1-209,text,true,,7381,250,250,250,https://www.blazedemo.com/reserve.php,300,0,0
1774386546684,284,2 - Escolher Voo,200,OK,Teste de Carga - 250 usuarios 1-212,text,true,,7381,250,250,250,https://www.blazedemo.com/reserve.php,264,0,0
1774386546589,380,3 - Comprar Passagem,200,OK,Teste de Carga - 250 usuarios 1-215,text,true,,6719,420,250,250,https://www.blazedemo.com/purchase.php,369,0,0
1774386546248,722,2 - Escolher Voo,200,OK,Teste de Carga - 250 usuarios 1-67,text,true,,7381,250,250,250,https://www.blazedemo.com/reserve.php,705,0,0
1774386546692,280,3 - Comprar Passagem,200,OK,Teste de Carga - 250 usuarios 1-128,text,true,,6719,420,250,250,https://www.blazedemo.com/purchase.php,269,0,0
1774386546706,274,1 - Acessar Home,200,OK,Teste de Carga - 250 usuarios 1-46,text,true,,4757,120,250,250,https://www.blazedemo.com/,262,0,0
1774386546719,264,3 - Comprar Passagem,200,OK,Teste de Carga - 250 usuarios 1-153,text,true,,6719,420,250,250,https://www.blazedemo.com/purchase.php,252,0,0
1774386546537,446,3 - Comprar Passagem,200,OK,Teste de Carga - 250 usuarios 1-174,text,true,,6719,420,250,250,https://www.blazedemo.com/purchase.php,434,0,0
1774386546672,313,1 - Acessar Home,200,OK,Teste de Carga - 250 usuarios 1-147,text,true,,4757,120,250,250,https://www.blazedemo.com/,301,0,0
1774386546644,341,2 - Escolher Voo,200,OK,Teste de Carga - 250 usuarios 1-184,text,true,,7381,250,250,250,https://www.blazedemo.com/reserve.php,320,0,0
1774386546669,318,1 - Acessar Home,200,OK,Teste de Carga - 250 usuarios 1-112,text,true,,4757,120,250,250,https://www.blazedemo.com/,305,0,0
1774386546707,284,1 - Acessar Home,200,OK,Teste de Carga - 250 usuarios 1-121,text,true,,4757,120,250,250,https://www.blazedemo.com/,272,0,0
1774386546763,231,3 - Comprar Passagem,200,OK,Teste de Carga - 250 usuarios 1-180,text,true,,6719,420,250,250,https://www.blazedemo.com/purchase.php,219,0,0
1774386543215,3786,1 - Acessar Home,200,OK,Teste de Carga - 250 usuarios 1-228,text,true,,4757,120,250,250,https://www.blazedemo.com/,3775,0,0
1774386543712,3290,2 - Escolher Voo,200,OK,Teste de Carga - 250 usuarios 1-200,text,true,,7381,250,250,250,https://www.blazedemo.com/reserve.php,3269,0,0
1774386546499,507,3 - Comprar Passagem,200,OK,Teste de Carga - 250 usuarios 1-62,text,true,,6719,420,250,250,https://www.blazedemo.com/purchase.php,490,0,0
1774386546737,271,1 - Acessar Home,200,OK,Teste de Carga - 250 usuarios 1-9,text,true,,4757,120,250,250,https://www.blazedemo.com/,258,0,0
1774386546720,289,1 - Acessar Home,200,OK,Teste de Carga - 250 usuarios 1-102,text,true,,4757,120,250,250,https://www.blazedemo.com/,277,0,0
1774386546739,276,1 - Acessar Home,200,OK,Teste de Carga - 250 usuarios 1-35,text,true,,4757,120,250,250,https://www.blazedemo.com/,264,0,0
1774386546610,407,3 - Comprar Passagem,200,OK,Teste de Carga - 250 usuarios 1-132,text,true,,6719,420,250,250,https://www.blazedemo.com/purchase.php,397,0,0
1774386546501,521,1 - Acessar Home,200,OK,Teste de Carga - 250 usuarios 1-21,text,true,,4757,120,250,250,https://www.blazedemo.com/,510,0,0
1774386546686,339,2 - Escolher Voo,200,OK,Teste de Carga - 250 usuarios 1-157,text,true,,7381,250,250,250,https://www.blazedemo.com/reserve.php,319,0,0
1774386546704,326,3 - Comprar Passagem,200,OK,Teste de Carga - 250 usuarios 1-41,text,true,,6719,420,250,250,https://www.blazedemo.com/purchase.php,314,0,0
1774386546433,597,2 - Escolher Voo,200,OK,Teste de Carga - 250 usuarios 1-61,text,true,,7381,250,250,250,https://www.blazedemo.com/reserve.php,468,0,0
1774386546722,314,1 - Acessar Home,200,OK,Teste de Carga - 250 usuarios 1-166,text,true,,4757,120,250,250,https://www.blazedemo.com/,302,0,0
1774386546669,378,2 - Escolher Voo,200,OK,Teste de Carga - 250 usuarios 1-76,text,true,,7381,250,250,250,https://www.blazedemo.com/reserve.php,357,0,0
1774386546793,261,3 - Comprar Passagem,200,OK,Teste de Carga - 250 usuarios 1-95,text,true,,6719,420,250,250,https://www.blazedemo.com/purchase.php,248,0,0
1774386546699,355,2 - Escolher Voo,200,OK,Teste de Carga - 250 usuarios 1-99,text,true,,7381,250,250,250,https://www.blazedemo.com/reserve.php,334,0,0
1774386546777,290,1 - Acessar Home,200,OK,Teste de Carga - 250 usuarios 1-149,text,true,,4757,120,250,250,https://www.blazedemo.com/,278,0,0
1774386543265,3801,1 - Acessar Home,200,OK,Teste de Carga - 250 usuarios 1-83,text,true,,4757,120,250,250,https://www.blazedemo.com/,3775,0,0
1774386546735,335,3 - Comprar Passagem,200,OK,Teste de Carga - 250 usuarios 1-111,text,true,,6719,420,250,250,https://www.blazedemo.com/purchase.php,323,0,0
1774386546747,325,2 - Escolher Voo,200,OK,Teste de Carga - 250 usuarios 1-160,text,true,,7381,250,250,250,https://www.blazedemo.com/reserve.php,302,0,0
1774386546746,327,3 - Comprar Passagem,200,OK,Teste de Carga - 250 usuarios 1-145,text,true,,6719,420,250,250,https://www.blazedemo.com/purchase.php,315,0,0
1774386546735,341,2 - Escolher Voo,200,OK,Teste de Carga - 250 usuarios 1-161,text,true,,7381,250,250,250,https://www.blazedemo.com/reserve.php,321,0,0
1774386546738,340,3 - Comprar Passagem,200,OK,Teste de Carga - 250 usuarios 1-36,text,true,,6719,420,250,250,https://www.blazedemo.com/purchase.php,327,0,0
1774386546582,497,3 - Comprar Passagem,200,OK,Teste de Carga - 250 usuarios 1-15,text,true,,6719,420,250,250,https://www.blazedemo.com/purchase.php,483,0,0
1774386546484,603,1 - Acessar Home,200,OK,Teste de Carga - 250 usuarios 1-78,text,true,,4757,120,250,250,https://www.blazedemo.com/,592,0,0
1774386546770,318,2 - Escolher Voo,200,OK,Teste de Carga - 250 usuarios 1-93,text,true,,7381,250,250,250,https://www.blazedemo.com/reserve.php,297,0,0
1774386546790,299,1 - Acessar Home,200,OK,Teste de Carga - 250 usuarios 1-73,text,true,,4757,120,250,250,https://www.blazedemo.com/,288,0,0
1774386546671,419,2 - Escolher Voo,200,OK,Teste de Carga - 250 usuarios 1-115,text,true,,7381,250,250,250,https://www.blazedemo.com/reserve.php,399,0,0
1774386542845,4245,3 - Comprar Passagem,200,OK,Teste de Carga - 250 usuarios 1-222,text,true,,6719,420,250,250,https://www.blazedemo.com/purchase.php,4228,0,0
1774386543918,3179,2 - Escolher Voo,200,OK,Teste de Carga - 250 usuarios 1-186,text,true,,7381,250,250,250,https://www.blazedemo.com/reserve.php,3157,0,0
1774386546509,590,1 - Acessar Home,200,OK,Teste de Carga - 250 usuarios 1-226,text,true,,4757,120,250,250,https://www.blazedemo.com/,578,0,0
1774386546768,335,1 - Acessar Home,200,OK,Teste de Carga - 250 usuarios 1-150,text,true,,4757,120,250,250,https://www.blazedemo.com/,323,0,0
1774386546753,360,1 - Acessar Home,200,OK,Teste de Carga - 250 usuarios 1-246,text,true,,4757,120,250,250,https://www.blazedemo.com/,348,0,0
1774386546786,332,3 - Comprar Passagem,200,OK,Teste de Carga - 250 usuarios 1-85,text,true,,6719,420,250,250,https://www.blazedemo.com/purchase.php,320,0,0
1774386546784,335,1 - Acessar Home,200,OK,Teste de Carga - 250 usuarios 1-241,text,true,,4757,120,250,250,https://www.blazedemo.com/,324,0,0
1774386546651,470,3 - Comprar Passagem,200,OK,Teste de Carga - 250 usuarios 1-120,text,true,,6719,420,250,250,https://www.blazedemo.com/purchase.php,454,0,0
1774386546850,275,3 - Comprar Passagem,200,OK,Teste de Carga - 250 usuarios 1-69,text,true,,6719,420,250,250,https://www.blazedemo.com/purchase.php,263,0,0
1774386546850,278,2 - Escolher Voo,200,OK,Teste de Carga - 250 usuarios 1-205,text,true,,7381,250,250,250,https://www.blazedemo.com/reserve.php,258,0,0
1774386542910,4222,1 - Acessar Home,200,OK,Teste de Carga - 250 usuarios 1-250,text,true,,4757,120,250,250,https://www.blazedemo.com/,4209,0,0
1774386546743,392,1 - Acessar Home,200,OK,Teste de Carga - 250 usuarios 1-159,text,true,,4757,120,250,250,https://www.blazedemo.com/,276,0,0
1774386546859,277,1 - Acessar Home,200,OK,Teste de Carga - 250 usuarios 1-129,text,true,,4757,120,250,250,https://www.blazedemo.com/,264,0,0
1774386542967,4170,2 - Escolher Voo,200,OK,Teste de Carga - 250 usuarios 1-100,text,true,,7381,250,250,250,https://www.blazedemo.com/reserve.php,4149,0,0
1774386546543,595,2 - Escolher Voo,200,OK,Teste de Carga - 250 usuarios 1-139,text,true,,7381,250,250,250,https://www.blazedemo.com/reserve.php,575,0,0
1774386546892,249,2 - Escolher Voo,200,OK,Teste de Carga - 250 usuarios 1-90,text,true,,7381,250,250,250,https://www.blazedemo.com/reserve.php,226,0,0
1774386546781,361,1 - Acessar Home,200,OK,Teste de Carga - 250 usuarios 1-240,text,true,,4757,120,250,250,https://www.blazedemo.com/,350,0,0
1774386546788,356,1 - Acessar Home,200,OK,Teste de Carga - 250 usuarios 1-44,text,true,,4757,120,250,250,https://www.blazedemo.com/,344,0,0
1774386546907,243,1 - Acessar Home,200,OK,Teste de Carga - 250 usuarios 1-103,text,true,,4757,120,250,250,https://www.blazedemo.com/,230,0,0
1774386546862,291,3 - Comprar Passagem,200,OK,Teste de Carga - 250 usuarios 1-229,text,true,,6719,420,250,250,https://www.blazedemo.com/purchase.php,275,0,0
1774386546794,360,3 - Comprar Passagem,200,OK,Teste de Carga - 250 usuarios 1-245,text,true,,6719,420,250,250,https://www.blazedemo.com/purchase.php,346,0,0
1774386546892,268,3 - Comprar Passagem,200,OK,Teste de Carga - 250 usuarios 1-187,text,true,,6719,420,250,250,https://www.blazedemo.com/purchase.php,255,0,0
1774386546883,280,3 - Comprar Passagem,200,OK,Teste de Carga - 250 usuarios 1-87,text,true,,6719,420,250,250,https://www.blazedemo.com/purchase.php,266,0,0
1774386543305,3861,2 - Escolher Voo,200,OK,Teste de Carga - 250 usuarios 1-58,text,true,,7381,250,250,250,https://www.blazedemo.com/reserve.php,3841,0,0
1774386546837,337,3 - Comprar Passagem,200,OK,Teste de Carga - 250 usuarios 1-20,text,true,,6719,420,250,250,https://www.blazedemo.com/purchase.php,325,0,0
1774386546819,362,3 - Comprar Passagem,200,OK,Teste de Carga - 250 usuarios 1-170,text,true,,6719,420,250,250,https://www.blazedemo.com/purchase.php,350,0,0
1774386544034,3150,2 - Escolher Voo,200,OK,Teste de Carga - 250 usuarios 1-31,text,true,,7381,250,250,250,https://www.blazedemo.com/reserve.php,3131,0,0
1774386546923,267,3 - Comprar Passagem,200,OK,Teste de Carga - 250 usuarios 1-213,text,true,,6719,420,250,250,https://www.blazedemo.com/purchase.php,250,0,0
1774386546899,291,2 - Escolher Voo,200,OK,Teste de Carga - 250 usuarios 1-106,text,true,,7381,250,250,250,https://www.blazedemo.com/reserve.php,271,0,0
1774386546663,535,1 - Acessar Home,200,OK,Teste de Carga - 250 usuarios 1-203,text,true,,4757,120,250,250,https://www.blazedemo.com/,523,0,0
1774386546691,509,2 - Escolher Voo,200,OK,Teste de Carga - 250 usuarios 1-151,text,true,,7381,250,250,250,https://www.blazedemo.com/reserve.php,489,0,0
1774386546661,546,3 - Comprar Passagem,200,OK,Teste de Carga - 250 usuarios 1-68,text,true,,6719,420,250,250,https://www.blazedemo.com/purchase.php,535,0,0
1774386546758,454,2 - Escolher Voo,200,OK,Teste de Carga - 250 usuarios 1-96,text,true,,7381,250,250,250,https://www.blazedemo.com/reserve.php,434,0,0
1774386546860,353,2 - Escolher Voo,200,OK,Teste de Carga - 250 usuarios 1-114,text,true,,7381,250,250,250,https://www.blazedemo.com/reserve.php,333,0,0
1774386546926,291,1 - Acessar Home,200,OK,Teste de Carga - 250 usuarios 1-33,text,true,,4757,120,250,250,https://www.blazedemo.com/,278,0,0
1774386546894,327,1 - Acessar Home,200,OK,Teste de Carga - 250 usuarios 1-204,text,true,,4757,120,250,250,https://www.blazedemo.com/,315,0,0
1774386546914,309,1 - Acessar Home,200,OK,Teste de Carga - 250 usuarios 1-243,text,true,,4757,120,250,250,https://www.blazedemo.com/,297,0,0
1774386546790,434,1 - Acessar Home,200,OK,Teste de Carga - 250 usuarios 1-26,text,true,,4757,120,250,250,https://www.blazedemo.com/,422,0,0
1774386546869,358,2 - Escolher Voo,200,OK,Teste de Carga - 250 usuarios 1-179,text,true,,7381,250,250,250,https://www.blazedemo.com/reserve.php,338,0,0
1774386546658,569,1 - Acessar Home,200,OK,Teste de Carga - 250 usuarios 1-219,text,true,,4757,120,250,250,https://www.blazedemo.com/,557,0,0
1774386546983,245,1 - Acessar Home,200,OK,Teste de Carga - 250 usuarios 1-153,text,true,,4757,120,250,250,https://www.blazedemo.com/,234,0,0
1774386542583,4648,2 - Escolher Voo,200,OK,Teste de Carga - 250 usuarios 1-37,text,true,,7381,250,250,250,https://www.blazedemo.com/reserve.php,4628,0,0
1774386546931,302,1 - Acessar Home,200,OK,Teste de Carga - 250 usuarios 1-236,text,true,,4757,120,250,250,https://www.blazedemo.com/,290,0,0
1774386546879,354,1 - Acessar Home,200,OK,Teste de Carga - 250 usuarios 1-7,text,true,,4757,120,250,250,https://www.blazedemo.com/,342,0,0
1774386546843,391,3 - Comprar Passagem,200,OK,Teste de Carga - 250 usuarios 1-107,text,true,,6719,420,250,250,https://www.blazedemo.com/purchase.php,379,0,0
1774386546911,330,3 - Comprar Passagem,200,OK,Teste de Carga - 250 usuarios 1-232,text,true,,6719,420,250,250,https://www.blazedemo.com/purchase.php,319,0,0
1774386546908,333,1 - Acessar Home,200,OK,Teste de Carga - 250 usuarios 1-135,text,true,,4757,120,250,250,https://www.blazedemo.com/,321,0,0
1774386546784,459,1 - Acessar Home,200,OK,Teste de Carga - 250 usuarios 1-210,text,true,,4757,120,250,250,https://www.blazedemo.com/,447,0,0
1774386546985,260,2 - Escolher Voo,200,OK,Teste de Carga - 250 usuarios 1-147,text,true,,7381,250,250,250,https://www.blazedemo.com/reserve.php,240,0,0
1774386546952,298,3 - Comprar Passagem,200,OK,Teste de Carga - 250 usuarios 1-164,text,true,,6719,420,250,250,https://www.blazedemo.com/purchase.php,282,0,0
1774386546426,833,2 - Escolher Voo,200,OK,Teste de Carga - 250 usuarios 1-138,text,true,,7381,250,250,250,https://www.blazedemo.com/reserve.php,627,0,0
1774386547002,258,2 - Escolher Voo,200,OK,Teste de Carga - 250 usuarios 1-228,text,true,,7381,250,250,250,https://www.blazedemo.com/reserve.php,242,0,0
1774386543409,3852,2 - Escolher Voo,200,OK,Teste de Carga - 250 usuarios 1-14,text,true,,7381,250,250,250,https://www.blazedemo.com/reserve.php,3836,0,0
1774386547017,252,1 - Acessar Home,200,OK,Teste de Carga - 250 usuarios 1-132,text,true,,4757,120,250,250,https://www.blazedemo.com/,240,0,0
1774386544075,3195,1 - Acessar Home,200,OK,Teste de Carga - 250 usuarios 1-54,text,true,,4757,120,250,250,https://www.blazedemo.com/,3185,0,0
1774386546931,357,1 - Acessar Home,200,OK,Teste de Carga - 250 usuarios 1-223,text,true,,4757,120,250,250,https://www.blazedemo.com/,346,0,0
1774386546983,310,1 - Acessar Home,200,OK,Teste de Carga - 250 usuarios 1-174,text,true,,4757,120,250,250,https://www.blazedemo.com/,304,0,0
1774386547025,268,3 - Comprar Passagem,200,OK,Teste de Carga - 250 usuarios 1-157,text,true,,6719,420,250,250,https://www.blazedemo.com/purchase.php,256,0,0
1774386543033,4261,2 - Escolher Voo,200,OK,Teste de Carga - 250 usuarios 1-101,text,true,,7381,250,250,250,https://www.blazedemo.com/reserve.php,4239,0,0
1774386546959,340,3 - Comprar Passagem,200,OK,Teste de Carga - 250 usuarios 1-82,text,true,,6719,420,250,250,https://www.blazedemo.com/purchase.php,328,0,0
1774386546841,464,2 - Escolher Voo,200,OK,Teste de Carga - 250 usuarios 1-183,text,true,,7381,250,250,250,https://www.blazedemo.com/reserve.php,444,0,0
1774386547072,235,3 - Comprar Passagem,200,OK,Teste de Carga - 250 usuarios 1-160,text,true,,6719,420,250,250,https://www.blazedemo.com/purchase.php,223,0,0
1774386543145,4164,3 - Comprar Passagem,200,OK,Teste de Carga - 250 usuarios 1-92,text,true,,6719,420,250,250,https://www.blazedemo.com/purchase.php,4152,0,0
1774386546833,486,3 - Comprar Passagem,200,OK,Teste de Carga - 250 usuarios 1-8,text,true,,6719,420,250,250,https://www.blazedemo.com/purchase.php,474,0,0
1774386546831,489,2 - Escolher Voo,200,OK,Teste de Carga - 250 usuarios 1-126,text,true,,7381,250,250,250,https://www.blazedemo.com/reserve.php,468,0,0
1774386547015,306,2 - Escolher Voo,200,OK,Teste de Carga - 250 usuarios 1-35,text,true,,7381,250,250,250,https://www.blazedemo.com/reserve.php,284,0,0
1774386546929,392,1 - Acessar Home,200,OK,Teste de Carga - 250 usuarios 1-175,text,true,,4757,120,250,250,https://www.blazedemo.com/,380,0,0
1774386546781,543,3 - Comprar Passagem,200,OK,Teste de Carga - 250 usuarios 1-38,text,true,,6719,420,250,250,https://www.blazedemo.com/purchase.php,530,0,0
1774386542594,4730,3 - Comprar Passagem,200,OK,Teste de Carga - 250 usuarios 1-146,text,true,,6719,420,250,250,https://www.blazedemo.com/purchase.php,4717,0,0
1774386546972,356,1 - Acessar Home,200,OK,Teste de Carga - 250 usuarios 1-128,text,true,,4757,120,250,250,https://www.blazedemo.com/,345,0,0
1774386546969,360,1 - Acessar Home,200,OK,Teste de Carga - 250 usuarios 1-215,text,true,,4757,120,250,250,https://www.blazedemo.com/,348,0,0
1774386546905,426,1 - Acessar Home,200,OK,Teste de Carga - 250 usuarios 1-45,text,true,,4757,120,250,250,https://www.blazedemo.com/,414,0,0
1774386547054,277,3 - Comprar Passagem,200,OK,Teste de Carga - 250 usuarios 1-99,text,true,,6719,420,250,250,https://www.blazedemo.com/purchase.php,265,0,0
1774386547030,307,1 - Acessar Home,200,OK,Teste de Carga - 250 usuarios 1-41,text,true,,4757,120,250,250,https://www.blazedemo.com/,295,0,0
1774386547077,264,3 - Comprar Passagem,200,OK,Teste de Carga - 250 usuarios 1-161,text,true,,6719,420,250,250,https://www.blazedemo.com/purchase.php,252,0,0
1774386547008,334,2 - Escolher Voo,200,OK,Teste de Carga - 250 usuarios 1-9,text,true,,7381,250,250,250,https://www.blazedemo.com/reserve.php,314,0,0
1774386547006,338,1 - Acessar Home,200,OK,Teste de Carga - 250 usuarios 1-62,text,true,,4757,120,250,250,https://www.blazedemo.com/,327,0,0
1774386547079,267,1 - Acessar Home,200,OK,Teste de Carga - 250 usuarios 1-15,text,true,,4757,120,250,250,https://www.blazedemo.com/,257,0,0
1774386547089,258,2 - Escolher Voo,200,OK,Teste de Carga - 250 usuarios 1-73,text,true,,7381,250,250,250,https://www.blazedemo.com/reserve.php,242,0,0
1774386547073,274,1 - Acessar Home,200,OK,Teste de Carga - 250 usuarios 1-145,text,true,,4757,120,250,250,https://www.blazedemo.com/,262,0,0
1774386547009,340,2 - Escolher Voo,200,OK,Teste de Carga - 250 usuarios 1-102,text,true,,7381,250,250,250,https://www.blazedemo.com/reserve.php,317,0,0
1774386543409,3940,1 - Acessar Home,200,OK,Teste de Carga - 250 usuarios 1-28,text,true,,4757,120,250,250,https://www.blazedemo.com/,3927,0,0
1774386546970,381,3 - Comprar Passagem,200,OK,Teste de Carga - 250 usuarios 1-67,text,true,,6719,420,250,250,https://www.blazedemo.com/purchase.php,369,0,0
1774386546918,438,1 - Acessar Home,200,OK,Teste de Carga - 250 usuarios 1-97,text,true,,4757,120,250,250,https://www.blazedemo.com/,427,0,0
1774386547067,305,2 - Escolher Voo,200,OK,Teste de Carga - 250 usuarios 1-149,text,true,,7381,250,250,250,https://www.blazedemo.com/reserve.php,289,0,0
1774386544101,3270,3 - Comprar Passagem,200,OK,Teste de Carga - 250 usuarios 1-248,text,true,,6719,420,250,250,https://www.blazedemo.com/purchase.php,3259,0,0
1774386547099,274,2 - Escolher Voo,200,OK,Teste de Carga - 250 usuarios 1-226,text,true,,7381,250,250,250,https://www.blazedemo.com/reserve.php,251,0,0
1774386547070,305,1 - Acessar Home,200,OK,Teste de Carga - 250 usuarios 1-111,text,true,,4757,120,250,250,https://www.blazedemo.com/,293,0,0
1774386547133,249,2 - Escolher Voo,200,OK,Teste de Carga - 250 usuarios 1-250,text,true,,7381,250,250,250,https://www.blazedemo.com/reserve.php,229,0,0
1774386546980,411,2 - Escolher Voo,200,OK,Teste de Carga - 250 usuarios 1-46,text,true,,7381,250,250,250,https://www.blazedemo.com/reserve.php,395,0,0
1774386547103,294,2 - Escolher Voo,200,OK,Teste de Carga - 250 usuarios 1-150,text,true,,7381,250,250,250,https://www.blazedemo.com/reserve.php,271,0,0
1774386547067,334,2 - Escolher Voo,200,OK,Teste de Carga - 250 usuarios 1-83,text,true,,7381,250,250,250,https://www.blazedemo.com/reserve.php,313,0,0
1774386546957,445,1 - Acessar Home,200,OK,Teste de Carga - 250 usuarios 1-217,text,true,,4757,120,250,250,https://www.blazedemo.com/,433,0,0
1774386547036,372,2 - Escolher Voo,200,OK,Teste de Carga - 250 usuarios 1-166,text,true,,7381,250,250,250,https://www.blazedemo.com/reserve.php,352,0,0
1774386547047,364,3 - Comprar Passagem,200,OK,Teste de Carga - 250 usuarios 1-76,text,true,,6719,420,250,250,https://www.blazedemo.com/purchase.php,352,0,0
1774386546894,520,3 - Comprar Passagem,200,OK,Teste de Carga - 250 usuarios 1-122,text,true,,6719,420,250,250,https://www.blazedemo.com/purchase.php,503,0,0
1774386547091,328,1 - Acessar Home,200,OK,Teste de Carga - 250 usuarios 1-222,text,true,,4757,120,250,250,https://www.blazedemo.com/,316,0,0
1774386547154,271,1 - Acessar Home,200,OK,Teste de Carga - 250 usuarios 1-245,text,true,,4757,120,250,250,https://www.blazedemo.com/,259,0,0
1774386547128,302,3 - Comprar Passagem,200,OK,Teste de Carga - 250 usuarios 1-205,text,true,,6719,420,250,250,https://www.blazedemo.com/purchase.php,289,0,0
1774386547022,408,2 - Escolher Voo,200,OK,Teste de Carga - 250 usuarios 1-21,text,true,,7381,250,250,250,https://www.blazedemo.com/reserve.php,388,0,0
1774386543436,3996,2 - Escolher Voo,200,OK,Teste de Carga - 250 usuarios 1-79,text,true,,7381,250,250,250,https://www.blazedemo.com/reserve.php,3981,0,0
1774386543217,4219,2 - Escolher Voo,200,OK,Teste de Carga - 250 usuarios 1-86,text,true,,7381,250,250,250,https://www.blazedemo.com/reserve.php,4196,0,0
1774386547135,305,2 - Escolher Voo,200,OK,Teste de Carga - 250 usuarios 1-159,text,true,,7381,250,250,250,https://www.blazedemo.com/reserve.php,284,0,0
1774386543458,3981,1 - Acessar Home,200,OK,Teste de Carga - 250 usuarios 1-227,text,true,,4757,120,250,250,https://www.blazedemo.com/,3970,0,0
1774386542891,4548,1 - Acessar Home,200,OK,Teste de Carga - 250 usuarios 1-195,text,true,,4757,120,250,250,https://www.blazedemo.com/,4536,0,0
1774386547119,323,2 - Escolher Voo,200,OK,Teste de Carga - 250 usuarios 1-241,text,true,,7381,250,250,250,https://www.blazedemo.com/reserve.php,307,0,0
1774386547054,389,1 - Acessar Home,200,OK,Teste de Carga - 250 usuarios 1-95,text,true,,4757,120,250,250,https://www.blazedemo.com/,377,0,0
1774386547167,279,3 - Comprar Passagem,200,OK,Teste de Carga - 250 usuarios 1-58,text,true,,6719,420,250,250,https://www.blazedemo.com/purchase.php,267,0,0
1774386546777,671,2 - Escolher Voo,200,OK,Teste de Carga - 250 usuarios 1-181,text,true,,7381,250,250,250,https://www.blazedemo.com/reserve.php,651,0,0
1774386547087,362,2 - Escolher Voo,200,OK,Teste de Carga - 250 usuarios 1-78,text,true,,7381,250,250,250,https://www.blazedemo.com/reserve.php,340,0,0
1774386547190,259,1 - Acessar Home,200,OK,Teste de Carga - 250 usuarios 1-213,text,true,,4757,120,250,250,https://www.blazedemo.com/,244,0,0
1774386547088,365,3 - Comprar Passagem,200,OK,Teste de Carga - 250 usuarios 1-93,text,true,,6719,420,250,250,https://www.blazedemo.com/purchase.php,352,0,0
1774386547003,453,3 - Comprar Passagem,200,OK,Teste de Carga - 250 usuarios 1-200,text,true,,6719,420,250,250,https://www.blazedemo.com/purchase.php,441,0,0
1774386547174,287,1 - Acessar Home,200,OK,Teste de Carga - 250 usuarios 1-20,text,true,,4757,120,250,250,https://www.blazedemo.com/,276,0,0
1774386544111,3352,2 - Escolher Voo,200,OK,Teste de Carga - 250 usuarios 1-196,text,true,,7381,250,250,250,https://www.blazedemo.com/reserve.php,3335,0,0
1774386547144,321,2 - Escolher Voo,200,OK,Teste de Carga - 250 usuarios 1-44,text,true,,7381,250,250,250,https://www.blazedemo.com/reserve.php,300,0,0
1774386547181,291,1 - Acessar Home,200,OK,Teste de Carga - 250 usuarios 1-170,text,true,,4757,120,250,250,https://www.blazedemo.com/,279,0,0
1774386547198,283,2 - Escolher Voo,200,OK,Teste de Carga - 250 usuarios 1-203,text,true,,7381,250,250,250,https://www.blazedemo.com/reserve.php,263,0,0
1774386546894,592,2 - Escolher Voo,200,OK,Teste de Carga - 250 usuarios 1-75,text,true,,7381,250,250,250,https://www.blazedemo.com/reserve.php,572,0,0
1774386547221,268,2 - Escolher Voo,200,OK,Teste de Carga - 250 usuarios 1-204,text,true,,7381,250,250,250,https://www.blazedemo.com/reserve.php,251,0,0
1774386547190,299,3 - Comprar Passagem,200,OK,Teste de Carga - 250 usuarios 1-106,text,true,,6719,420,250,250,https://www.blazedemo.com/purchase.php,286,0,0
1774386547228,270,2 - Escolher Voo,200,OK,Teste de Carga - 250 usuarios 1-153,text,true,,7381,250,250,250,https://www.blazedemo.com/reserve.php,249,0,0
1774386547138,367,3 - Comprar Passagem,200,OK,Teste de Carga - 250 usuarios 1-100,text,true,,6719,420,250,250,https://www.blazedemo.com/purchase.php,354,0,0
1774386547150,360,2 - Escolher Voo,200,OK,Teste de Carga - 250 usuarios 1-103,text,true,,7381,250,250,250,https://www.blazedemo.com/reserve.php,340,0,0
1774386547261,253,3 - Comprar Passagem,200,OK,Teste de Carga - 250 usuarios 1-228,text,true,,6719,420,250,250,https://www.blazedemo.com/purchase.php,242,0,0
1774386547217,302,2 - Escolher Voo,200,OK,Teste de Carga - 250 usuarios 1-33,text,true,,7381,250,250,250,https://www.blazedemo.com/reserve.php,282,0,0
1774386547227,296,3 - Comprar Passagem,200,OK,Teste de Carga - 250 usuarios 1-179,text,true,,6719,420,250,250,https://www.blazedemo.com/purchase.php,284,0,0
1774386547212,312,3 - Comprar Passagem,200,OK,Teste de Carga - 250 usuarios 1-96,text,true,,6719,420,250,250,https://www.blazedemo.com/purchase.php,301,0,0
1774386547244,281,2 - Escolher Voo,200,OK,Teste de Carga - 250 usuarios 1-210,text,true,,7381,250,250,250,https://www.blazedemo.com/reserve.php,262,0,0
1774386547098,433,3 - Comprar Passagem,200,OK,Teste de Carga - 250 usuarios 1-186,text,true,,6719,420,250,250,https://www.blazedemo.com/purchase.php,419,0,0
1774386547233,298,2 - Escolher Voo,200,OK,Teste de Carga - 250 usuarios 1-7,text,true,,7381,250,250,250,https://www.blazedemo.com/reserve.php,278,0,0
1774386547234,299,1 - Acessar Home,200,OK,Teste de Carga - 250 usuarios 1-107,text,true,,4757,120,250,250,https://www.blazedemo.com/,286,0,0
1774386547153,381,1 - Acessar Home,200,OK,Teste de Carga - 250 usuarios 1-229,text,true,,4757,120,250,250,https://www.blazedemo.com/,369,0,0
1774386547299,235,1 - Acessar Home,200,OK,Teste de Carga - 250 usuarios 1-82,text,true,,4757,120,250,250,https://www.blazedemo.com/,223,0,0
1774386547269,269,2 - Escolher Voo,200,OK,Teste de Carga - 250 usuarios 1-132,text,true,,7381,250,250,250,https://www.blazedemo.com/reserve.php,250,0,0
1774386547138,401,3 - Comprar Passagem,200,OK,Teste de Carga - 250 usuarios 1-139,text,true,,6719,420,250,250,https://www.blazedemo.com/purchase.php,376,0,0
1774386543486,4057,2 - Escolher Voo,200,OK,Teste de Carga - 250 usuarios 1-105,text,true,,7381,250,250,250,https://www.blazedemo.com/reserve.php,4031,0,0
1774386547223,323,2 - Escolher Voo,200,OK,Teste de Carga - 250 usuarios 1-243,text,true,,7381,250,250,250,https://www.blazedemo.com/reserve.php,303,0,0
1774386543635,3912,2 - Escolher Voo,200,OK,Teste de Carga - 250 usuarios 1-224,text,true,,7381,250,250,250,https://www.blazedemo.com/reserve.php,3891,0,0
1774386547090,460,3 - Comprar Passagem,200,OK,Teste de Carga - 250 usuarios 1-115,text,true,,6719,420,250,250,https://www.blazedemo.com/purchase.php,449,0,0
1774386547310,245,1 - Acessar Home,200,OK,Teste de Carga - 250 usuarios 1-92,text,true,,4757,120,250,250,https://www.blazedemo.com/,233,0,0
1774386544299,3257,3 - Comprar Passagem,200,OK,Teste de Carga - 250 usuarios 1-231,text,true,,6719,420,250,250,https://www.blazedemo.com/purchase.php,3247,0,0
1774386543059,4501,3 - Comprar Passagem,200,OK,Teste de Carga - 250 usuarios 1-249,text,true,,6719,420,250,250,https://www.blazedemo.com/purchase.php,4489,0,0
1774386547227,336,2 - Escolher Voo,200,OK,Teste de Carga - 250 usuarios 1-219,text,true,,7381,250,250,250,https://www.blazedemo.com/reserve.php,320,0,0
1774386544056,3510,2 - Escolher Voo,200,OK,Teste de Carga - 250 usuarios 1-182,text,true,,7381,250,250,250,https://www.blazedemo.com/reserve.php,3489,0,0
1774386546817,751,3 - Comprar Passagem,200,OK,Teste de Carga - 250 usuarios 1-84,text,true,,6719,420,250,250,https://www.blazedemo.com/purchase.php,739,0,0
1774386547250,324,1 - Acessar Home,200,OK,Teste de Carga - 250 usuarios 1-164,text,true,,4757,120,250,250,https://www.blazedemo.com/,311,0,0
1774386547295,281,3 - Comprar Passagem,200,OK,Teste de Carga - 250 usuarios 1-101,text,true,,6719,420,250,250,https://www.blazedemo.com/purchase.php,268,0,0
1774386547331,247,2 - Escolher Voo,200,OK,Teste de Carga - 250 usuarios 1-45,text,true,,7381,250,250,250,https://www.blazedemo.com/reserve.php,230,0,0
1774386547321,266,2 - Escolher Voo,200,OK,Teste de Carga - 250 usuarios 1-175,text,true,,7381,250,250,250,https://www.blazedemo.com/reserve.php,245,0,0
1774386547232,367,3 - Comprar Passagem,200,OK,Teste de Carga - 250 usuarios 1-37,text,true,,6719,420,250,250,https://www.blazedemo.com/purchase.php,350,0,0
1774386547337,268,2 - Escolher Voo,200,OK,Teste de Carga - 250 usuarios 1-41,text,true,,7381,250,250,250,https://www.blazedemo.com/reserve.php,247,0,0
1774386547320,286,3 - Comprar Passagem,200,OK,Teste de Carga - 250 usuarios 1-126,text,true,,6719,420,250,250,https://www.blazedemo.com/purchase.php,273,0,0
1774386547241,367,1 - Acessar Home,200,OK,Teste de Carga - 250 usuarios 1-232,text,true,,4757,120,250,250,https://www.blazedemo.com/,352,0,0
1774386547245,368,3 - Comprar Passagem,200,OK,Teste de Carga - 250 usuarios 1-147,text,true,,6719,420,250,250,https://www.blazedemo.com/purchase.php,355,0,0
1774386547241,372,2 - Escolher Voo,200,OK,Teste de Carga - 250 usuarios 1-135,text,true,,7381,250,250,250,https://www.blazedemo.com/reserve.php,352,0,0
1774386547350,268,2 - Escolher Voo,200,OK,Teste de Carga - 250 usuarios 1-28,text,true,,7381,250,250,250,https://www.blazedemo.com/reserve.php,248,0,0
1774386543622,3997,1 - Acessar Home,200,OK,Teste de Carga - 250 usuarios 1-214,text,true,,4757,120,250,250,https://www.blazedemo.com/,3986,0,0
1774386547319,304,1 - Acessar Home,200,OK,Teste de Carga - 250 usuarios 1-8,text,true,,4757,120,250,250,https://www.blazedemo.com/,292,0,0
1774386547349,275,3 - Comprar Passagem,200,OK,Teste de Carga - 250 usuarios 1-102,text,true,,6719,420,250,250,https://www.blazedemo.com/purchase.php,263,0,0
1774386547346,279,2 - Escolher Voo,200,OK,Teste de Carga - 250 usuarios 1-15,text,true,,7381,250,250,250,https://www.blazedemo.com/reserve.php,259,0,0
1774386547347,282,2 - Escolher Voo,200,OK,Teste de Carga - 250 usuarios 1-145,text,true,,7381,250,250,250,https://www.blazedemo.com/reserve.php,262,0,0
1774386547293,338,2 - Escolher Voo,200,OK,Teste de Carga - 250 usuarios 1-174,text,true,,7381,250,250,250,https://www.blazedemo.com/reserve.php,291,0,0
1774386547329,303,2 - Escolher Voo,200,OK,Teste de Carga - 250 usuarios 1-215,text,true,,7381,250,250,250,https://www.blazedemo.com/reserve.php,283,0,0
1774386547114,520,2 - Escolher Voo,200,OK,Teste de Carga - 250 usuarios 1-246,text,true,,7381,250,250,250,https://www.blazedemo.com/reserve.php,500,0,0
1774386547329,310,2 - Escolher Voo,200,OK,Teste de Carga - 250 usuarios 1-128,text,true,,7381,250,250,250,https://www.blazedemo.com/reserve.php,293,0,0
1774386547372,271,1 - Acessar Home,200,OK,Teste de Carga - 250 usuarios 1-248,text,true,,4757,120,250,250,https://www.blazedemo.com/,259,0,0
1774386546861,783,3 - Comprar Passagem,200,OK,Teste de Carga - 250 usuarios 1-197,text,true,,6719,420,250,250,https://www.blazedemo.com/purchase.php,771,0,0
1774386547078,571,1 - Acessar Home,200,OK,Teste de Carga - 250 usuarios 1-36,text,true,,4757,120,250,250,https://www.blazedemo.com/,559,0,0
1774386547325,329,1 - Acessar Home,200,OK,Teste de Carga - 250 usuarios 1-146,text,true,,4757,120,250,250,https://www.blazedemo.com/,317,0,0
1774386547271,383,2 - Escolher Voo,200,OK,Teste de Carga - 250 usuarios 1-54,text,true,,7381,250,250,250,https://www.blazedemo.com/reserve.php,363,0,0
1774386544057,3598,1 - Acessar Home,200,OK,Teste de Carga - 250 usuarios 1-48,text,true,,4757,120,250,250,https://www.blazedemo.com/,3586,0,0
1774386547411,251,1 - Acessar Home,200,OK,Teste de Carga - 250 usuarios 1-76,text,true,,4757,120,250,250,https://www.blazedemo.com/,239,0,0
1774386547351,313,1 - Acessar Home,200,OK,Teste de Carga - 250 usuarios 1-67,text,true,,4757,120,250,250,https://www.blazedemo.com/,303,0,0
1774386547375,290,2 - Escolher Voo,200,OK,Teste de Carga - 250 usuarios 1-111,text,true,,7381,250,250,250,https://www.blazedemo.com/reserve.php,271,0,0
1774386544380,3286,2 - Escolher Voo,200,OK,Teste de Carga - 250 usuarios 1-2,text,true,,7381,250,250,250,https://www.blazedemo.com/reserve.php,3266,0,0
1774386543097,4573,3 - Comprar Passagem,200,OK,Teste de Carga - 250 usuarios 1-177,text,true,,6719,420,250,250,https://www.blazedemo.com/purchase.php,4561,0,0
1774386547397,276,3 - Comprar Passagem,200,OK,Teste de Carga - 250 usuarios 1-150,text,true,,6719,420,250,250,https://www.blazedemo.com/purchase.php,265,0,0
1774386547372,301,3 - Comprar Passagem,200,OK,Teste de Carga - 250 usuarios 1-149,text,true,,6719,420,250,250,https://www.blazedemo.com/purchase.php,290,0,0
1774386547391,290,3 - Comprar Passagem,200,OK,Teste de Carga - 250 usuarios 1-46,text,true,,6719,420,250,250,https://www.blazedemo.com/purchase.php,277,0,0
1774386547440,253,3 - Comprar Passagem,200,OK,Teste de Carga - 250 usuarios 1-159,text,true,,6719,420,250,250,https://www.blazedemo.com/purchase.php,241,0,0
1774386547440,260,2 - Escolher Voo,200,OK,Teste de Carga - 250 usuarios 1-195,text,true,,7381,250,250,250,https://www.blazedemo.com/reserve.php,241,0,0
1774386547356,347,2 - Escolher Voo,200,OK,Teste de Carga - 250 usuarios 1-97,text,true,,7381,250,250,250,https://www.blazedemo.com/reserve.php,326,0,0
1774386547425,281,2 - Escolher Voo,200,OK,Teste de Carga - 250 usuarios 1-245,text,true,,7381,250,250,250,https://www.blazedemo.com/reserve.php,259,0,0
1774386547433,276,3 - Comprar Passagem,200,OK,Teste de Carga - 250 usuarios 1-79,text,true,,6719,420,250,250,https://www.blazedemo.com/purchase.php,265,0,0
1774386547122,592,1 - Acessar Home,200,OK,Teste de Carga - 250 usuarios 1-120,text,true,,4757,120,250,250,https://www.blazedemo.com/,581,0,0
1774386547448,271,3 - Comprar Passagem,200,OK,Teste de Carga - 250 usuarios 1-181,text,true,,6719,420,250,250,https://www.blazedemo.com/purchase.php,259,0,0
1774386547321,398,3 - Comprar Passagem,200,OK,Teste de Carga - 250 usuarios 1-35,text,true,,6719,420,250,250,https://www.blazedemo.com/purchase.php,382,0,0
1774386546902,818,1 - Acessar Home,200,OK,Teste de Carga - 250 usuarios 1-40,text,true,,4757,120,250,250,https://www.blazedemo.com/,806,0,0
1774386547453,270,1 - Acessar Home,200,OK,Teste de Carga - 250 usuarios 1-93,text,true,,4757,120,250,250,https://www.blazedemo.com/,258,0,0
1774386547430,294,1 - Acessar Home,200,OK,Teste de Carga - 250 usuarios 1-205,text,true,,4757,120,250,250,https://www.blazedemo.com/,282,0,0
1774386547414,318,1 - Acessar Home,200,OK,Teste de Carga - 250 usuarios 1-122,text,true,,4757,120,250,250,https://www.blazedemo.com/,307,0,0
1774386547449,290,3 - Comprar Passagem,200,OK,Teste de Carga - 250 usuarios 1-78,text,true,,6719,420,250,250,https://www.blazedemo.com/purchase.php,278,0,0
1774386543721,4017,2 - Escolher Voo,200,OK,Teste de Carga - 250 usuarios 1-118,text,true,,7381,250,250,250,https://www.blazedemo.com/reserve.php,3987,0,0
1774386547402,340,2 - Escolher Voo,200,OK,Teste de Carga - 250 usuarios 1-217,text,true,,7381,250,250,250,https://www.blazedemo.com/reserve.php,320,0,0
1774386547464,279,3 - Comprar Passagem,200,OK,Teste de Carga - 250 usuarios 1-196,text,true,,6719,420,250,250,https://www.blazedemo.com/purchase.php,267,0,0
1774386547510,238,3 - Comprar Passagem,200,OK,Teste de Carga - 250 usuarios 1-103,text,true,,6719,420,250,250,https://www.blazedemo.com/purchase.php,226,0,0
1774386544085,3667,3 - Comprar Passagem,200,OK,Teste de Carga - 250 usuarios 1-88,text,true,,6719,420,250,250,https://www.blazedemo.com/purchase.php,3655,0,0
1774386547141,612,3 - Comprar Passagem,200,OK,Teste de Carga - 250 usuarios 1-90,text,true,,6719,420,250,250,https://www.blazedemo.com/purchase.php,598,0,0
1774386547382,377,3 - Comprar Passagem,200,OK,Teste de Carga - 250 usuarios 1-250,text,true,,6719,420,250,250,https://www.blazedemo.com/purchase.php,361,0,0
1774386547118,643,1 - Acessar Home,200,OK,Teste de Carga - 250 usuarios 1-85,text,true,,4757,120,250,250,https://www.blazedemo.com/,631,0,0
1774386547472,290,2 - Escolher Voo,200,OK,Teste de Carga - 250 usuarios 1-170,text,true,,7381,250,250,250,https://www.blazedemo.com/reserve.php,270,0,0
1774386547506,257,1 - Acessar Home,200,OK,Teste de Carga - 250 usuarios 1-100,text,true,,4757,120,250,250,https://www.blazedemo.com/,245,0,0
1774386544869,2897,2 - Escolher Voo,200,OK,Teste de Carga - 250 usuarios 1-43,text,true,,7381,250,250,250,https://www.blazedemo.com/reserve.php,2876,0,0
1774386547430,340,3 - Comprar Passagem,200,OK,Teste de Carga - 250 usuarios 1-21,text,true,,6719,420,250,250,https://www.blazedemo.com/purchase.php,323,0,0
1774386547498,277,3 - Comprar Passagem,200,OK,Teste de Carga - 250 usuarios 1-153,text,true,,6719,420,250,250,https://www.blazedemo.com/purchase.php,266,0,0
1774386547550,231,1 - Acessar Home,200,OK,Teste de Carga - 250 usuarios 1-115,text,true,,4757,120,250,250,https://www.blazedemo.com/,219,0,0
1774386543168,4612,3 - Comprar Passagem,200,OK,Teste de Carga - 250 usuarios 1-143,text,true,,6719,420,250,250,https://www.blazedemo.com/purchase.php,4600,0,0
1774386547534,253,2 - Escolher Voo,200,OK,Teste de Carga - 250 usuarios 1-82,text,true,,7381,250,250,250,https://www.blazedemo.com/reserve.php,237,0,0
1774386547561,234,1 - Acessar Home,200,OK,Teste de Carga - 250 usuarios 1-249,text,true,,4757,120,250,250,https://www.blazedemo.com/,221,0,0
1774386547548,254,3 - Comprar Passagem,200,OK,Teste de Carga - 250 usuarios 1-224,text,true,,6719,420,250,250,https://www.blazedemo.com/purchase.php,241,0,0
1774386547538,268,3 - Comprar Passagem,200,OK,Teste de Carga - 250 usuarios 1-132,text,true,,6719,420,250,250,https://www.blazedemo.com/purchase.php,255,0,0
1774386547544,262,3 - Comprar Passagem,200,OK,Teste de Carga - 250 usuarios 1-105,text,true,,6719,420,250,250,https://www.blazedemo.com/purchase.php,245,0,0
1774386547524,283,1 - Acessar Home,200,OK,Teste de Carga - 250 usuarios 1-96,text,true,,4757,120,250,250,https://www.blazedemo.com/,273,0,0
1774386547567,240,3 - Comprar Passagem,200,OK,Teste de Carga - 250 usuarios 1-182,text,true,,6719,420,250,250,https://www.blazedemo.com/purchase.php,229,0,0
1774386547461,348,2 - Escolher Voo,200,OK,Teste de Carga - 250 usuarios 1-20,text,true,,7381,250,250,250,https://www.blazedemo.com/reserve.php,328,0,0
1774386547486,325,3 - Comprar Passagem,200,OK,Teste de Carga - 250 usuarios 1-75,text,true,,6719,420,250,250,https://www.blazedemo.com/purchase.php,313,0,0
1774386547142,669,2 - Escolher Voo,200,OK,Teste de Carga - 250 usuarios 1-240,text,true,,7381,250,250,250,https://www.blazedemo.com/reserve.php,654,0,0
1774386547437,379,3 - Comprar Passagem,200,OK,Teste de Carga - 250 usuarios 1-86,text,true,,6719,420,250,250,https://www.blazedemo.com/purchase.php,365,0,0
1774386547489,330,1 - Acessar Home,200,OK,Teste de Carga - 250 usuarios 1-106,text,true,,4757,120,250,250,https://www.blazedemo.com/,318,0,0
1774386543783,4049,2 - Escolher Voo,200,OK,Teste de Carga - 250 usuarios 1-247,text,true,,7381,250,250,250,https://www.blazedemo.com/reserve.php,4027,0,0
1774386547161,676,1 - Acessar Home,200,OK,Teste de Carga - 250 usuarios 1-187,text,true,,4757,120,250,250,https://www.blazedemo.com/,663,0,0
1774386545053,2783,3 - Comprar Passagem,200,OK,Teste de Carga - 250 usuarios 1-51,text,true,,6719,420,250,250,https://www.blazedemo.com/purchase.php,2771,0,0
1774386547557,281,1 - Acessar Home,200,OK,Teste de Carga - 250 usuarios 1-231,text,true,,4757,120,250,250,https://www.blazedemo.com/,269,0,0
1774386547481,358,3 - Comprar Passagem,200,OK,Teste de Carga - 250 usuarios 1-203,text,true,,6719,420,250,250,https://www.blazedemo.com/purchase.php,346,0,0
1774386547539,302,1 - Acessar Home,200,OK,Teste de Carga - 250 usuarios 1-139,text,true,,4757,120,250,250,https://www.blazedemo.com/,291,0,0
1774386547525,318,3 - Comprar Passagem,200,OK,Teste de Carga - 250 usuarios 1-210,text,true,,6719,420,250,250,https://www.blazedemo.com/purchase.php,307,0,0
1774386547514,334,1 - Acessar Home,200,OK,Teste de Carga - 250 usuarios 1-228,text,true,,4757,120,250,250,https://www.blazedemo.com/,323,0,0
1774386547533,316,2 - Escolher Voo,200,OK,Teste de Carga - 250 usuarios 1-107,text,true,,7381,250,250,250,https://www.blazedemo.com/reserve.php,297,0,0
1774386544197,3659,3 - Comprar Passagem,200,OK,Teste de Carga - 250 usuarios 1-133,text,true,,6719,420,250,250,https://www.blazedemo.com/purchase.php,3646,0,0
1774386547489,377,3 - Comprar Passagem,200,OK,Teste de Carga - 250 usuarios 1-204,text,true,,6719,420,250,250,https://www.blazedemo.com/purchase.php,364,0,0
1774386547576,291,1 - Acessar Home,200,OK,Teste de Carga - 250 usuarios 1-101,text,true,,4757,120,250,250,https://www.blazedemo.com/,279,0,0
1774386547613,254,1 - Acessar Home,200,OK,Teste de Carga - 250 usuarios 1-147,text,true,,4757,120,250,250,https://www.blazedemo.com/,240,0,0
1774386547443,432,2 - Escolher Voo,200,OK,Teste de Carga - 250 usuarios 1-95,text,true,,7381,250,250,250,https://www.blazedemo.com/reserve.php,416,0,0
1774386547344,532,2 - Escolher Voo,200,OK,Teste de Carga - 250 usuarios 1-62,text,true,,7381,250,250,250,https://www.blazedemo.com/reserve.php,512,0,0
1774386547621,256,2 - Escolher Voo,200,OK,Teste de Carga - 250 usuarios 1-214,text,true,,7381,250,250,250,https://www.blazedemo.com/reserve.php,236,0,0
1774386547233,644,2 - Escolher Voo,200,OK,Teste de Carga - 250 usuarios 1-236,text,true,,7381,250,250,250,https://www.blazedemo.com/reserve.php,624,0,0
1774386547401,477,3 - Comprar Passagem,200,OK,Teste de Carga - 250 usuarios 1-83,text,true,,6719,420,250,250,https://www.blazedemo.com/purchase.php,466,0,0
1774386547624,262,1 - Acessar Home,200,OK,Teste de Carga - 250 usuarios 1-102,text,true,,4757,120,250,250,https://www.blazedemo.com/,250,0,0
1774386547629,259,3 - Comprar Passagem,200,OK,Teste de Carga - 250 usuarios 1-145,text,true,,6719,420,250,250,https://www.blazedemo.com/purchase.php,247,0,0
1774386547656,236,2 - Escolher Voo,200,OK,Teste de Carga - 250 usuarios 1-48,text,true,,7381,250,250,250,https://www.blazedemo.com/reserve.php,220,0,0
1774386547618,275,3 - Comprar Passagem,200,OK,Teste de Carga - 250 usuarios 1-28,text,true,,6719,420,250,250,https://www.blazedemo.com/purchase.php,262,0,0
1774386547574,324,2 - Escolher Voo,200,OK,Teste de Carga - 250 usuarios 1-164,text,true,,7381,250,250,250,https://www.blazedemo.com/reserve.php,308,0,0
1774386547635,271,3 - Comprar Passagem,200,OK,Teste de Carga - 250 usuarios 1-246,text,true,,6719,420,250,250,https://www.blazedemo.com/purchase.php,260,0,0
1774386543452,4453,2 - Escolher Voo,200,OK,Teste de Carga - 250 usuarios 1-16,text,true,,7381,250,250,250,https://www.blazedemo.com/reserve.php,4433,0,0
1774386547649,258,2 - Escolher Voo,200,OK,Teste de Carga - 250 usuarios 1-36,text,true,,7381,250,250,250,https://www.blazedemo.com/reserve.php,241,0,0
1774386547631,278,3 - Comprar Passagem,200,OK,Teste de Carga - 250 usuarios 1-174,text,true,,6719,420,250,250,https://www.blazedemo.com/purchase.php,266,0,0
1774386547623,290,2 - Escolher Voo,200,OK,Teste de Carga - 250 usuarios 1-8,text,true,,7381,250,250,250,https://www.blazedemo.com/reserve.php,270,0,0
1774386547456,465,1 - Acessar Home,200,OK,Teste de Carga - 250 usuarios 1-200,text,true,,4757,120,250,250,https://www.blazedemo.com/,453,0,0
1774386545070,2857,1 - Acessar Home,200,OK,Teste de Carga - 250 usuarios 1-80,text,true,,4757,120,250,250,https://www.blazedemo.com/,2845,0,0
1774386547563,366,3 - Comprar Passagem,200,OK,Teste de Carga - 250 usuarios 1-219,text,true,,6719,420,250,250,https://www.blazedemo.com/purchase.php,353,0,0
1774386547632,302,3 - Comprar Passagem,200,OK,Teste de Carga - 250 usuarios 1-215,text,true,,6719,420,250,250,https://www.blazedemo.com/purchase.php,290,0,0
1774386547662,275,2 - Escolher Voo,200,OK,Teste de Carga - 250 usuarios 1-76,text,true,,7381,250,250,250,https://www.blazedemo.com/reserve.php,254,0,0
1774386547673,271,1 - Acessar Home,200,OK,Teste de Carga - 250 usuarios 1-150,text,true,,4757,120,250,250,https://www.blazedemo.com/,258,0,0
1774386543831,4113,2 - Escolher Voo,200,OK,Teste de Carga - 250 usuarios 1-47,text,true,,7381,250,250,250,https://www.blazedemo.com/reserve.php,4093,0,0
1774386547655,297,2 - Escolher Voo,200,OK,Teste de Carga - 250 usuarios 1-146,text,true,,7381,250,250,250,https://www.blazedemo.com/reserve.php,276,0,0
1774386547655,305,3 - Comprar Passagem,200,OK,Teste de Carga - 250 usuarios 1-54,text,true,,6719,420,250,250,https://www.blazedemo.com/purchase.php,290,0,0
1774386547523,438,1 - Acessar Home,200,OK,Teste de Carga - 250 usuarios 1-179,text,true,,4757,120,250,250,https://www.blazedemo.com/,426,0,0
1774386547578,385,3 - Comprar Passagem,200,OK,Teste de Carga - 250 usuarios 1-45,text,true,,6719,420,250,250,https://www.blazedemo.com/purchase.php,372,0,0
1774386544246,3718,2 - Escolher Voo,200,OK,Teste de Carga - 250 usuarios 1-59,text,true,,7381,250,250,250,https://www.blazedemo.com/reserve.php,3698,0,0
1774386547262,705,3 - Comprar Passagem,200,OK,Teste de Carga - 250 usuarios 1-14,text,true,,6719,420,250,250,https://www.blazedemo.com/purchase.php,693,0,0
1774386547703,265,3 - Comprar Passagem,200,OK,Teste de Carga - 250 usuarios 1-97,text,true,,6719,420,250,250,https://www.blazedemo.com/purchase.php,253,0,0
1774386547030,947,3 - Comprar Passagem,200,OK,Teste de Carga - 250 usuarios 1-61,text,true,,6719,420,250,250,https://www.blazedemo.com/purchase.php,711,0,0
1774386547721,257,2 - Escolher Voo,200,OK,Teste de Carga - 250 usuarios 1-40,text,true,,7381,250,250,250,https://www.blazedemo.com/reserve.php,236,0,0
1774386547625,356,3 - Comprar Passagem,200,OK,Teste de Carga - 250 usuarios 1-15,text,true,,6719,420,250,250,https://www.blazedemo.com/purchase.php,343,0,0
1774386547667,316,3 - Comprar Passagem,200,OK,Teste de Carga - 250 usuarios 1-2,text,true,,6719,420,250,250,https://www.blazedemo.com/purchase.php,301,0,0
1774386547759,227,1 - Acessar Home,200,OK,Teste de Carga - 250 usuarios 1-250,text,true,,4757,120,250,250,https://www.blazedemo.com/,215,0,0
1774386547714,272,2 - Escolher Voo,200,OK,Teste de Carga - 250 usuarios 1-120,text,true,,7381,250,250,250,https://www.blazedemo.com/reserve.php,251,0,0
1774386547373,617,3 - Comprar Passagem,200,OK,Teste de Carga - 250 usuarios 1-226,text,true,,6719,420,250,250,https://www.blazedemo.com/purchase.php,604,0,0
1774386547587,403,3 - Comprar Passagem,200,OK,Teste de Carga - 250 usuarios 1-175,text,true,,6719,420,250,250,https://www.blazedemo.com/purchase.php,391,0,0
1774386547643,350,2 - Escolher Voo,200,OK,Teste de Carga - 250 usuarios 1-248,text,true,,7381,250,250,250,https://www.blazedemo.com/reserve.php,330,0,0
1774386547546,457,3 - Comprar Passagem,200,OK,Teste de Carga - 250 usuarios 1-243,text,true,,6719,420,250,250,https://www.blazedemo.com/purchase.php,446,0,0
1774386547673,334,1 - Acessar Home,200,OK,Teste de Carga - 250 usuarios 1-149,text,true,,4757,120,250,250,https://www.blazedemo.com/,322,0,0
1774386547666,346,3 - Comprar Passagem,200,OK,Teste de Carga - 250 usuarios 1-111,text,true,,6719,420,250,250,https://www.blazedemo.com/purchase.php,333,0,0
1774386547770,246,1 - Acessar Home,200,OK,Teste de Carga - 250 usuarios 1-21,text,true,,4757,120,250,250,https://www.blazedemo.com/,234,0,0
1774386543876,4145,2 - Escolher Voo,200,OK,Teste de Carga - 250 usuarios 1-74,text,true,,7381,250,250,250,https://www.blazedemo.com/reserve.php,4125,0,0
1774386545147,2875,2 - Escolher Voo,200,OK,Teste de Carga - 250 usuarios 1-192,text,true,,7381,250,250,250,https://www.blazedemo.com/reserve.php,2858,0,0
1774386547719,305,1 - Acessar Home,200,OK,Teste de Carga - 250 usuarios 1-181,text,true,,4757,120,250,250,https://www.blazedemo.com/,293,0,0
1774386547724,301,2 - Escolher Voo,200,OK,Teste de Carga - 250 usuarios 1-205,text,true,,7381,250,250,250,https://www.blazedemo.com/reserve.php,281,0,0
1774386547748,278,1 - Acessar Home,200,OK,Teste de Carga - 250 usuarios 1-103,text,true,,4757,120,250,250,https://www.blazedemo.com/,266,0,0
1774386547781,247,2 - Escolher Voo,200,OK,Teste de Carga - 250 usuarios 1-115,text,true,,7381,250,250,250,https://www.blazedemo.com/reserve.php,231,0,0
1774386547732,300,2 - Escolher Voo,200,OK,Teste de Carga - 250 usuarios 1-122,text,true,,7381,250,250,250,https://www.blazedemo.com/reserve.php,280,0,0
1774386547608,425,2 - Escolher Voo,200,OK,Teste de Carga - 250 usuarios 1-232,text,true,,7381,250,250,250,https://www.blazedemo.com/reserve.php,404,0,0
1774386547701,338,3 - Comprar Passagem,200,OK,Teste de Carga - 250 usuarios 1-195,text,true,,6719,420,250,250,https://www.blazedemo.com/purchase.php,325,0,0
1774386543976,4067,3 - Comprar Passagem,200,OK,Teste de Carga - 250 usuarios 1-238,text,true,,6719,420,250,250,https://www.blazedemo.com/purchase.php,4056,0,0
1774386547519,532,3 - Comprar Passagem,200,OK,Teste de Carga - 250 usuarios 1-33,text,true,,6719,420,250,250,https://www.blazedemo.com/purchase.php,519,0,0
1774386547775,278,1 - Acessar Home,200,OK,Teste de Carga - 250 usuarios 1-153,text,true,,4757,120,250,250,https://www.blazedemo.com/,266,0,0
1774386547753,303,1 - Acessar Home,200,OK,Teste de Carga - 250 usuarios 1-90,text,true,,4757,120,250,250,https://www.blazedemo.com/,292,0,0
1774386547723,338,2 - Escolher Voo,200,OK,Teste de Carga - 250 usuarios 1-93,text,true,,7381,250,250,250,https://www.blazedemo.com/reserve.php,318,0,0
1774386547753,309,1 - Acessar Home,200,OK,Teste de Carga - 250 usuarios 1-88,text,true,,4757,120,250,250,https://www.blazedemo.com/,297,0,0
1774386547787,275,3 - Comprar Passagem,200,OK,Teste de Carga - 250 usuarios 1-82,text,true,,6719,420,250,250,https://www.blazedemo.com/purchase.php,259,0,0
1774386547816,247,1 - Acessar Home,200,OK,Teste de Carga - 250 usuarios 1-86,text,true,,4757,120,250,250,https://www.blazedemo.com/,235,0,0
1774386547605,461,3 - Comprar Passagem,200,OK,Teste de Carga - 250 usuarios 1-41,text,true,,6719,420,250,250,https://www.blazedemo.com/purchase.php,449,0,0
1774386547739,330,3 - Comprar Passagem,200,OK,Teste de Carga - 250 usuarios 1-118,text,true,,6719,420,250,250,https://www.blazedemo.com/purchase.php,315,0,0
1774386547762,312,3 - Comprar Passagem,200,OK,Teste de Carga - 250 usuarios 1-170,text,true,,6719,420,250,250,https://www.blazedemo.com/purchase.php,298,0,0
1774386547440,641,2 - Escolher Voo,200,OK,Teste de Carga - 250 usuarios 1-227,text,true,,7381,250,250,250,https://www.blazedemo.com/reserve.php,625,0,0
1774386547807,280,2 - Escolher Voo,200,OK,Teste de Carga - 250 usuarios 1-96,text,true,,7381,250,250,250,https://www.blazedemo.com/reserve.php,256,0,0
1774386547807,285,1 - Acessar Home,200,OK,Teste de Carga - 250 usuarios 1-182,text,true,,4757,120,250,250,https://www.blazedemo.com/,273,0,0
1774386547761,333,2 - Escolher Voo,200,OK,Teste de Carga - 250 usuarios 1-85,text,true,,7381,250,250,250,https://www.blazedemo.com/reserve.php,311,0,0
1774386547857,251,1 - Acessar Home,200,OK,Teste de Carga - 250 usuarios 1-133,text,true,,4757,120,250,250,https://www.blazedemo.com/,239,0,0
1774386547849,263,3 - Comprar Passagem,200,OK,Teste de Carga - 250 usuarios 1-107,text,true,,6719,420,250,250,https://www.blazedemo.com/purchase.php,250,0,0
1774386544214,3900,1 - Acessar Home,200,OK,Teste de Carga - 250 usuarios 1-193,text,true,,4757,120,250,250,https://www.blazedemo.com/,3889,0,0
1774386545257,2863,3 - Comprar Passagem,200,OK,Teste de Carga - 250 usuarios 1-225,text,true,,6719,420,250,250,https://www.blazedemo.com/purchase.php,2851,0,0
1774386547802,320,1 - Acessar Home,200,OK,Teste de Carga - 250 usuarios 1-224,text,true,,4757,120,250,250,https://www.blazedemo.com/,310,0,0
1774386547819,306,2 - Escolher Voo,200,OK,Teste de Carga - 250 usuarios 1-106,text,true,,7381,250,250,250,https://www.blazedemo.com/reserve.php,286,0,0
1774386547767,360,3 - Comprar Passagem,200,OK,Teste de Carga - 250 usuarios 1-43,text,true,,6719,420,250,250,https://www.blazedemo.com/purchase.php,348,0,0
1774386547866,262,1 - Acessar Home,200,OK,Teste de Carga - 250 usuarios 1-204,text,true,,4757,120,250,250,https://www.blazedemo.com/,250,0,0
1774386547606,523,1 - Acessar Home,200,OK,Teste de Carga - 250 usuarios 1-126,text,true,,4757,120,250,250,https://www.blazedemo.com/,509,0,0
1774386547877,253,3 - Comprar Passagem,200,OK,Teste de Carga - 250 usuarios 1-214,text,true,,6719,420,250,250,https://www.blazedemo.com/purchase.php,240,0,0
1774386547796,335,2 - Escolher Voo,200,OK,Teste de Carga - 250 usuarios 1-249,text,true,,7381,250,250,250,https://www.blazedemo.com/reserve.php,314,0,0
1774386547781,358,1 - Acessar Home,200,OK,Teste de Carga - 250 usuarios 1-143,text,true,,4757,120,250,250,https://www.blazedemo.com/,346,0,0
1774386547867,273,2 - Escolher Voo,200,OK,Teste de Carga - 250 usuarios 1-147,text,true,,7381,250,250,250,https://www.blazedemo.com/reserve.php,252,0,0
1774386547709,432,1 - Acessar Home,200,OK,Teste de Carga - 250 usuarios 1-79,text,true,,4757,120,250,250,https://www.blazedemo.com/,419,0,0
1774386547742,401,3 - Comprar Passagem,200,OK,Teste de Carga - 250 usuarios 1-217,text,true,,6719,420,250,250,https://www.blazedemo.com/purchase.php,388,0,0
1774386547837,307,1 - Acessar Home,200,OK,Teste de Carga - 250 usuarios 1-51,text,true,,4757,120,250,250,https://www.blazedemo.com/,294,0,0
1774386547843,301,1 - Acessar Home,200,OK,Teste de Carga - 250 usuarios 1-210,text,true,,4757,120,250,250,https://www.blazedemo.com/,289,0,0
1774386547839,313,1 - Acessar Home,200,OK,Teste de Carga - 250 usuarios 1-203,text,true,,4757,120,250,250,https://www.blazedemo.com/,304,0,0
1774386547833,322,3 - Comprar Passagem,200,OK,Teste de Carga - 250 usuarios 1-247,text,true,,6719,420,250,250,https://www.blazedemo.com/purchase.php,310,0,0
1774386544281,3876,1 - Acessar Home,200,OK,Teste de Carga - 250 usuarios 1-194,text,true,,4757,120,250,250,https://www.blazedemo.com/,3864,0,0
1774386547875,286,3 - Comprar Passagem,200,OK,Teste de Carga - 250 usuarios 1-95,text,true,,6719,420,250,250,https://www.blazedemo.com/purchase.php,273,0,0
1774386547841,324,2 - Escolher Voo,200,OK,Teste de Carga - 250 usuarios 1-139,text,true,,7381,250,250,250,https://www.blazedemo.com/reserve.php,308,0,0
1774386547906,260,3 - Comprar Passagem,200,OK,Teste de Carga - 250 usuarios 1-16,text,true,,6719,420,250,250,https://www.blazedemo.com/purchase.php,248,0,0
1774386544142,4027,2 - Escolher Voo,200,OK,Teste de Carga - 250 usuarios 1-23,text,true,,7381,250,250,250,https://www.blazedemo.com/reserve.php,4007,0,0
1774386547892,279,3 - Comprar Passagem,200,OK,Teste de Carga - 250 usuarios 1-48,text,true,,6719,420,250,250,https://www.blazedemo.com/purchase.php,270,0,0
1774386547909,269,1 - Acessar Home,200,OK,Teste de Carga - 250 usuarios 1-174,text,true,,4757,120,250,250,https://www.blazedemo.com/,257,0,0
1774386547613,566,3 - Comprar Passagem,200,OK,Teste de Carga - 250 usuarios 1-135,text,true,,6719,420,250,250,https://www.blazedemo.com/purchase.php,554,0,0
1774386547886,295,2 - Escolher Voo,200,OK,Teste de Carga - 250 usuarios 1-102,text,true,,7381,250,250,250,https://www.blazedemo.com/reserve.php,272,0,0
1774386547465,725,3 - Comprar Passagem,200,OK,Teste de Carga - 250 usuarios 1-44,text,true,,6719,420,250,250,https://www.blazedemo.com/purchase.php,713,0,0
1774386547878,315,1 - Acessar Home,200,OK,Teste de Carga - 250 usuarios 1-83,text,true,,4757,120,250,250,https://www.blazedemo.com/,303,0,0
1774386547719,476,1 - Acessar Home,200,OK,Teste de Carga - 250 usuarios 1-35,text,true,,4757,120,250,250,https://www.blazedemo.com/,465,0,0
1774386547867,338,2 - Escolher Voo,200,OK,Teste de Carga - 250 usuarios 1-101,text,true,,7381,250,250,250,https://www.blazedemo.com/reserve.php,322,0,0
1774386547888,325,1 - Acessar Home,200,OK,Teste de Carga - 250 usuarios 1-145,text,true,,4757,120,250,250,https://www.blazedemo.com/,313,0,0
1774386547937,278,3 - Comprar Passagem,200,OK,Teste de Carga - 250 usuarios 1-76,text,true,,6719,420,250,250,https://www.blazedemo.com/purchase.php,267,0,0
1774386547907,315,3 - Comprar Passagem,200,OK,Teste de Carga - 250 usuarios 1-36,text,true,,6719,420,250,250,https://www.blazedemo.com/purchase.php,302,0,0
1774386545286,2935,3 - Comprar Passagem,200,OK,Teste de Carga - 250 usuarios 1-134,text,true,,6719,420,250,250,https://www.blazedemo.com/purchase.php,2922,0,0
1774386547898,324,3 - Comprar Passagem,200,OK,Teste de Carga - 250 usuarios 1-164,text,true,,6719,420,250,250,https://www.blazedemo.com/purchase.php,311,0,0
1774386547944,279,2 - Escolher Voo,200,OK,Teste de Carga - 250 usuarios 1-150,text,true,,7381,250,250,250,https://www.blazedemo.com/reserve.php,258,0,0
1774386547877,348,3 - Comprar Passagem,200,OK,Teste de Carga - 250 usuarios 1-236,text,true,,6719,420,250,250,https://www.blazedemo.com/purchase.php,337,0,0
1774386547913,312,3 - Comprar Passagem,200,OK,Teste de Carga - 250 usuarios 1-8,text,true,,6719,420,250,250,https://www.blazedemo.com/purchase.php,296,0,0
1774386547962,264,2 - Escolher Voo,200,OK,Teste de Carga - 250 usuarios 1-179,text,true,,7381,250,250,250,https://www.blazedemo.com/reserve.php,244,0,0
1774386547848,380,2 - Escolher Voo,200,OK,Teste de Carga - 250 usuarios 1-228,text,true,,7381,250,250,250,https://www.blazedemo.com/reserve.php,359,0,0
1774386547929,299,2 - Escolher Voo,200,OK,Teste de Carga - 250 usuarios 1-80,text,true,,7381,250,250,250,https://www.blazedemo.com/reserve.php,277,0,0
1774386547967,262,1 - Acessar Home,200,OK,Teste de Carga - 250 usuarios 1-14,text,true,,4757,120,250,250,https://www.blazedemo.com/,250,0,0
1774386544243,3985,2 - Escolher Voo,200,OK,Teste de Carga - 250 usuarios 1-130,text,true,,7381,250,250,250,https://www.blazedemo.com/reserve.php,3965,0,0
1774386547811,425,3 - Comprar Passagem,200,OK,Teste de Carga - 250 usuarios 1-240,text,true,,6719,420,250,250,https://www.blazedemo.com/purchase.php,413,0,0
1774386547963,274,1 - Acessar Home,200,OK,Teste de Carga - 250 usuarios 1-45,text,true,,4757,120,250,250,https://www.blazedemo.com/,262,0,0
1774386547978,264,3 - Comprar Passagem,200,OK,Teste de Carga - 250 usuarios 1-40,text,true,,6719,420,250,250,https://www.blazedemo.com/purchase.php,252,0,0
1774386544240,4016,1 - Acessar Home,200,OK,Teste de Carga - 250 usuarios 1-64,text,true,,4757,120,250,250,https://www.blazedemo.com/,4005,0,0
1774386547983,279,1 - Acessar Home,200,OK,Teste de Carga - 250 usuarios 1-2,text,true,,4757,120,250,250,https://www.blazedemo.com/,266,0,0
1774386548029,234,3 - Comprar Passagem,200,OK,Teste de Carga - 250 usuarios 1-115,text,true,,6719,420,250,250,https://www.blazedemo.com/purchase.php,222,0,0
1774386548008,262,2 - Escolher Voo,200,OK,Teste de Carga - 250 usuarios 1-149,text,true,,7381,250,250,250,https://www.blazedemo.com/reserve.php,242,0,0
1774386548012,259,1 - Acessar Home,200,OK,Teste de Carga - 250 usuarios 1-111,text,true,,4757,120,250,250,https://www.blazedemo.com/,247,0,0
1774386547763,512,2 - Escolher Voo,200,OK,Teste de Carga - 250 usuarios 1-100,text,true,,7381,250,250,250,https://www.blazedemo.com/reserve.php,491,0,0
1774386544329,3949,1 - Acessar Home,200,OK,Teste de Carga - 250 usuarios 1-144,text,true,,4757,120,250,250,https://www.blazedemo.com/,3936,0,0
1774386547671,608,1 - Acessar Home,200,OK,Teste de Carga - 250 usuarios 1-177,text,true,,4757,120,250,250,https://www.blazedemo.com/,596,0,0
1774386548032,261,3 - Comprar Passagem,200,OK,Teste de Carga - 250 usuarios 1-122,text,true,,6719,420,250,250,https://www.blazedemo.com/purchase.php,249,0,0
1774386547965,329,3 - Comprar Passagem,200,OK,Teste de Carga - 250 usuarios 1-59,text,true,,6719,420,250,250,https://www.blazedemo.com/purchase.php,318,0,0
1774386547568,728,1 - Acessar Home,200,OK,Teste de Carga - 250 usuarios 1-84,text,true,,4757,120,250,250,https://www.blazedemo.com/,716,0,0
1774386547968,331,1 - Acessar Home,200,OK,Teste de Carga - 250 usuarios 1-97,text,true,,4757,120,250,250,https://www.blazedemo.com/,319,0,0
1774386548003,297,1 - Acessar Home,200,OK,Teste de Carga - 250 usuarios 1-243,text,true,,4757,120,250,250,https://www.blazedemo.com/,284,0,0
1774386548044,257,1 - Acessar Home,200,OK,Teste de Carga - 250 usuarios 1-238,text,true,,4757,120,250,250,https://www.blazedemo.com/,245,0,0
1774386547921,384,2 - Escolher Voo,200,OK,Teste de Carga - 250 usuarios 1-200,text,true,,7381,250,250,250,https://www.blazedemo.com/reserve.php,368,0,0
1774386547960,349,1 - Acessar Home,200,OK,Teste de Carga - 250 usuarios 1-54,text,true,,4757,120,250,250,https://www.blazedemo.com/,337,0,0
1774386547986,333,3 - Comprar Passagem,200,OK,Teste de Carga - 250 usuarios 1-120,text,true,,6719,420,250,250,https://www.blazedemo.com/purchase.php,320,0,0
1774386544461,3861,3 - Comprar Passagem,200,OK,Teste de Carga - 250 usuarios 1-1,text,true,,6719,420,250,250,https://www.blazedemo.com/purchase.php,3850,0,0
1774386545419,2904,2 - Escolher Voo,200,OK,Teste de Carga - 250 usuarios 1-63,text,true,,7381,250,250,250,https://www.blazedemo.com/reserve.php,2884,0,0
1774386548061,266,3 - Comprar Passagem,200,OK,Teste de Carga - 250 usuarios 1-93,text,true,,6719,420,250,250,https://www.blazedemo.com/purchase.php,253,0,0
1774386548064,266,2 - Escolher Voo,200,OK,Teste de Carga - 250 usuarios 1-86,text,true,,7381,250,250,250,https://www.blazedemo.com/reserve.php,246,0,0
1774386547934,396,1 - Acessar Home,200,OK,Teste de Carga - 250 usuarios 1-215,text,true,,4757,120,250,250,https://www.blazedemo.com/,386,0,0
1774386548026,307,2 - Escolher Voo,200,OK,Teste de Carga - 250 usuarios 1-103,text,true,,7381,250,250,250,https://www.blazedemo.com/reserve.php,286,0,0
1774386547990,350,1 - Acessar Home,200,OK,Teste de Carga - 250 usuarios 1-226,text,true,,4757,120,250,250,https://www.blazedemo.com/,338,0,0
1774386548087,255,3 - Comprar Passagem,200,OK,Teste de Carga - 250 usuarios 1-96,text,true,,6719,420,250,250,https://www.blazedemo.com/purchase.php,243,0,0
1774386547906,438,1 - Acessar Home,200,OK,Teste de Carga - 250 usuarios 1-246,text,true,,4757,120,250,250,https://www.blazedemo.com/,425,0,0
1774386548056,295,2 - Escolher Voo,200,OK,Teste de Carga - 250 usuarios 1-90,text,true,,7381,250,250,250,https://www.blazedemo.com/reserve.php,270,0,0
1774386548074,277,1 - Acessar Home,200,OK,Teste de Carga - 250 usuarios 1-170,text,true,,4757,120,250,250,https://www.blazedemo.com/,266,0,0
1774386548023,330,3 - Comprar Passagem,200,OK,Teste de Carga - 250 usuarios 1-192,text,true,,6719,420,250,250,https://www.blazedemo.com/purchase.php,318,0,0
1774386548094,265,3 - Comprar Passagem,200,OK,Teste de Carga - 250 usuarios 1-85,text,true,,6719,420,250,250,https://www.blazedemo.com/purchase.php,252,0,0
1774386548024,335,2 - Escolher Voo,200,OK,Teste de Carga - 250 usuarios 1-181,text,true,,7381,250,250,250,https://www.blazedemo.com/reserve.php,315,0,0
1774386548062,297,1 - Acessar Home,200,OK,Teste de Carga - 250 usuarios 1-82,text,true,,4757,120,250,250,https://www.blazedemo.com/,287,0,0
1774386544433,3936,3 - Comprar Passagem,200,OK,Teste de Carga - 250 usuarios 1-113,text,true,,6719,420,250,250,https://www.blazedemo.com/purchase.php,3922,0,0
1774386547599,790,1 - Acessar Home,200,OK,Teste de Carga - 250 usuarios 1-37,text,true,,4757,120,250,250,https://www.blazedemo.com/,779,0,0
1774386544647,3742,2 - Escolher Voo,200,OK,Teste de Carga - 250 usuarios 1-158,text,true,,7381,250,250,250,https://www.blazedemo.com/reserve.php,3723,0,0
1774386548081,311,3 - Comprar Passagem,200,OK,Teste de Carga - 250 usuarios 1-227,text,true,,6719,420,250,250,https://www.blazedemo.com/purchase.php,298,0,0
1774386548053,346,2 - Escolher Voo,200,OK,Teste de Carga - 250 usuarios 1-153,text,true,,7381,250,250,250,https://www.blazedemo.com/reserve.php,325,0,0
1774386548125,275,3 - Comprar Passagem,200,OK,Teste de Carga - 250 usuarios 1-106,text,true,,6719,420,250,250,https://www.blazedemo.com/purchase.php,262,0,0
1774386548115,286,2 - Escolher Voo,200,OK,Teste de Carga - 250 usuarios 1-193,text,true,,7381,250,250,250,https://www.blazedemo.com/reserve.php,265,0,0
1774386545555,2854,1 - Acessar Home,200,OK,Teste de Carga - 250 usuarios 1-65,text,true,,4757,120,250,250,https://www.blazedemo.com/,2842,0,0
1774386548128,282,2 - Escolher Voo,200,OK,Teste de Carga - 250 usuarios 1-204,text,true,,7381,250,250,250,https://www.blazedemo.com/reserve.php,263,0,0
1774386548121,298,1 - Acessar Home,200,OK,Teste de Carga - 250 usuarios 1-225,text,true,,4757,120,250,250,https://www.blazedemo.com/,284,0,0
1774386547929,495,1 - Acessar Home,200,OK,Teste de Carga - 250 usuarios 1-219,text,true,,4757,120,250,250,https://www.blazedemo.com/,483,0,0
1774386547837,587,2 - Escolher Voo,200,OK,Teste de Carga - 250 usuarios 1-187,text,true,,7381,250,250,250,https://www.blazedemo.com/reserve.php,539,0,0
1774386548155,272,1 - Acessar Home,200,OK,Teste de Carga - 250 usuarios 1-247,text,true,,4757,120,250,250,https://www.blazedemo.com/,260,0,0
1774386548108,321,2 - Escolher Voo,200,OK,Teste de Carga - 250 usuarios 1-133,text,true,,7381,250,250,250,https://www.blazedemo.com/reserve.php,301,0,0
1774386548112,318,1 - Acessar Home,200,OK,Teste de Carga - 250 usuarios 1-107,text,true,,4757,120,250,250,https://www.blazedemo.com/,307,0,0
1774386548141,291,2 - Escolher Voo,200,OK,Teste de Carga - 250 usuarios 1-79,text,true,,7381,250,250,250,https://www.blazedemo.com/reserve.php,271,0,0
1774386548069,374,1 - Acessar Home,200,OK,Teste de Carga - 250 usuarios 1-118,text,true,,4757,120,250,250,https://www.blazedemo.com/,363,0,0
1774386548066,379,1 - Acessar Home,200,OK,Teste de Carga - 250 usuarios 1-41,text,true,,4757,120,250,250,https://www.blazedemo.com/,365,0,0
1774386548131,315,3 - Comprar Passagem,200,OK,Teste de Carga - 250 usuarios 1-249,text,true,,6719,420,250,250,https://www.blazedemo.com/purchase.php,298,0,0
1774386548170,279,3 - Comprar Passagem,200,OK,Teste de Carga - 250 usuarios 1-23,text,true,,6719,420,250,250,https://www.blazedemo.com/purchase.php,267,0,0
1774386548152,299,2 - Escolher Voo,200,OK,Teste de Carga - 250 usuarios 1-203,text,true,,7381,250,250,250,https://www.blazedemo.com/reserve.php,279,0,0
1774386547993,462,3 - Comprar Passagem,200,OK,Teste de Carga - 250 usuarios 1-248,text,true,,6719,420,250,250,https://www.blazedemo.com/purchase.php,450,0,0
1774386548179,281,1 - Acessar Home,200,OK,Teste de Carga - 250 usuarios 1-135,text,true,,4757,120,250,250,https://www.blazedemo.com/,269,0,0
1774386548205,255,3 - Comprar Passagem,200,OK,Teste de Carga - 250 usuarios 1-101,text,true,,6719,420,250,250,https://www.blazedemo.com/purchase.php,243,0,0
1774386548130,332,1 - Acessar Home,200,OK,Teste de Carga - 250 usuarios 1-214,text,true,,4757,120,250,250,https://www.blazedemo.com/,321,0,0
1774386548165,300,3 - Comprar Passagem,200,OK,Teste de Carga - 250 usuarios 1-139,text,true,,6719,420,250,250,https://www.blazedemo.com/purchase.php,289,0,0
1774386548127,342,1 - Acessar Home,200,OK,Teste de Carga - 250 usuarios 1-43,text,true,,4757,120,250,250,https://www.blazedemo.com/,329,0,0
1774386548195,278,2 - Escolher Voo,200,OK,Teste de Carga - 250 usuarios 1-35,text,true,,7381,250,250,250,https://www.blazedemo.com/reserve.php,261,0,0
1774386548242,235,1 - Acessar Home,200,OK,Teste de Carga - 250 usuarios 1-40,text,true,,4757,120,250,250,https://www.blazedemo.com/,223,0,0
1774386547706,772,3 - Comprar Passagem,200,OK,Teste de Carga - 250 usuarios 1-245,text,true,,6719,420,250,250,https://www.blazedemo.com/purchase.php,761,0,0
1774386544520,3963,1 - Acessar Home,200,OK,Teste de Carga - 250 usuarios 1-18,text,true,,4757,120,250,250,https://www.blazedemo.com/,3951,0,0
1774386548171,325,1 - Acessar Home,200,OK,Teste de Carga - 250 usuarios 1-48,text,true,,4757,120,250,250,https://www.blazedemo.com/,313,0,0
1774386544667,3828,3 - Comprar Passagem,200,OK,Teste de Carga - 250 usuarios 1-136,text,true,,6719,420,250,250,https://www.blazedemo.com/purchase.php,3816,0,0
1774386548213,284,2 - Escolher Voo,200,OK,Teste de Carga - 250 usuarios 1-145,text,true,,7381,250,250,250,https://www.blazedemo.com/reserve.php,267,0,0
1774386545678,2821,1 - Acessar Home,200,OK,Teste de Carga - 250 usuarios 1-71,text,true,,4757,120,250,250,https://www.blazedemo.com/,2810,0,0
1774386548222,277,1 - Acessar Home,200,OK,Teste de Carga - 250 usuarios 1-134,text,true,,4757,120,250,250,https://www.blazedemo.com/,266,0,0
1774386548161,340,1 - Acessar Home,200,OK,Teste de Carga - 250 usuarios 1-95,text,true,,4757,120,250,250,https://www.blazedemo.com/,328,0,0
1774386548033,471,3 - Comprar Passagem,200,OK,Teste de Carga - 250 usuarios 1-232,text,true,,6719,420,250,250,https://www.blazedemo.com/purchase.php,458,0,0
1774386548144,360,2 - Escolher Voo,200,OK,Teste de Carga - 250 usuarios 1-210,text,true,,7381,250,250,250,https://www.blazedemo.com/reserve.php,340,0,0
1774386548225,282,1 - Acessar Home,200,OK,Teste de Carga - 250 usuarios 1-236,text,true,,4757,120,250,250,https://www.blazedemo.com/,270,0,0
1774386548166,351,1 - Acessar Home,200,OK,Teste de Carga - 250 usuarios 1-16,text,true,,4757,120,250,250,https://www.blazedemo.com/,339,0,0
1774386548264,255,1 - Acessar Home,200,OK,Teste de Carga - 250 usuarios 1-115,text,true,,4757,120,250,250,https://www.blazedemo.com/,244,0,0
1774386548178,344,2 - Escolher Voo,200,OK,Teste de Carga - 250 usuarios 1-174,text,true,,7381,250,250,250,https://www.blazedemo.com/reserve.php,324,0,0
1774386548139,385,2 - Escolher Voo,200,OK,Teste de Carga - 250 usuarios 1-143,text,true,,7381,250,250,250,https://www.blazedemo.com/reserve.php,365,0,0
1774386548158,368,2 - Escolher Voo,200,OK,Teste de Carga - 250 usuarios 1-194,text,true,,7381,250,250,250,https://www.blazedemo.com/reserve.php,348,0,0
1774386548122,409,2 - Escolher Voo,200,OK,Teste de Carga - 250 usuarios 1-224,text,true,,7381,250,250,250,https://www.blazedemo.com/reserve.php,388,0,0
1774386548140,394,3 - Comprar Passagem,200,OK,Teste de Carga - 250 usuarios 1-147,text,true,,6719,420,250,250,https://www.blazedemo.com/purchase.php,377,0,0
1774386548225,311,1 - Acessar Home,200,OK,Teste de Carga - 250 usuarios 1-8,text,true,,4757,120,250,250,https://www.blazedemo.com/,299,0,0
1774386548181,356,3 - Comprar Passagem,200,OK,Teste de Carga - 250 usuarios 1-102,text,true,,6719,420,250,250,https://www.blazedemo.com/purchase.php,344,0,0
1774386548193,362,2 - Escolher Voo,200,OK,Teste de Carga - 250 usuarios 1-83,text,true,,7381,250,250,250,https://www.blazedemo.com/reserve.php,342,0,0
1774386548271,286,2 - Escolher Voo,200,OK,Teste de Carga - 250 usuarios 1-111,text,true,,7381,250,250,250,https://www.blazedemo.com/reserve.php,265,0,0
1774386544636,3926,2 - Escolher Voo,200,OK,Teste de Carga - 250 usuarios 1-66,text,true,,7381,250,250,250,https://www.blazedemo.com/reserve.php,3904,0,0
1774386544564,3999,1 - Acessar Home,200,OK,Teste de Carga - 250 usuarios 1-206,text,true,,4757,120,250,250,https://www.blazedemo.com/,3987,0,0
1774386548323,242,1 - Acessar Home,200,OK,Teste de Carga - 250 usuarios 1-1,text,true,,4757,120,250,250,https://www.blazedemo.com/,229,0,0
1774386548319,246,1 - Acessar Home,200,OK,Teste de Carga - 250 usuarios 1-120,text,true,,4757,120,250,250,https://www.blazedemo.com/,234,0,0
1774386548305,260,3 - Comprar Passagem,200,OK,Teste de Carga - 250 usuarios 1-200,text,true,,6719,420,250,250,https://www.blazedemo.com/purchase.php,248,0,0
1774386548293,276,1 - Acessar Home,200,OK,Teste de Carga - 250 usuarios 1-122,text,true,,4757,120,250,250,https://www.blazedemo.com/,264,0,0
1774386547739,836,1 - Acessar Home,200,OK,Teste de Carga - 250 usuarios 1-78,text,true,,4757,120,250,250,https://www.blazedemo.com/,824,0,0
1774386548222,356,1 - Acessar Home,200,OK,Teste de Carga - 250 usuarios 1-36,text,true,,4757,120,250,250,https://www.blazedemo.com/,343,0,0
1774386548327,260,1 - Acessar Home,200,OK,Teste de Carga - 250 usuarios 1-93,text,true,,4757,120,250,250,https://www.blazedemo.com/,247,0,0
1774386548275,312,3 - Comprar Passagem,200,OK,Teste de Carga - 250 usuarios 1-100,text,true,,6719,420,250,250,https://www.blazedemo.com/purchase.php,290,0,0
1774386548279,311,2 - Escolher Voo,200,OK,Teste de Carga - 250 usuarios 1-177,text,true,,7381,250,250,250,https://www.blazedemo.com/reserve.php,292,0,0
1774386548331,261,2 - Escolher Voo,200,OK,Teste de Carga - 250 usuarios 1-215,text,true,,7381,250,250,250,https://www.blazedemo.com/reserve.php,240,0,0
1774386548229,366,3 - Comprar Passagem,200,OK,Teste de Carga - 250 usuarios 1-130,text,true,,6719,420,250,250,https://www.blazedemo.com/purchase.php,310,0,0
1774386548279,318,2 - Escolher Voo,200,OK,Teste de Carga - 250 usuarios 1-144,text,true,,7381,250,250,250,https://www.blazedemo.com/reserve.php,298,0,0
1774386548324,274,3 - Comprar Passagem,200,OK,Teste de Carga - 250 usuarios 1-63,text,true,,6719,420,250,250,https://www.blazedemo.com/purchase.php,263,0,0
1774386548302,298,2 - Escolher Voo,200,OK,Teste de Carga - 250 usuarios 1-238,text,true,,7381,250,250,250,https://www.blazedemo.com/reserve.php,277,0,0
1774386548129,471,2 - Escolher Voo,200,OK,Teste de Carga - 250 usuarios 1-126,text,true,,7381,250,250,250,https://www.blazedemo.com/reserve.php,451,0,0
1774386544733,3867,1 - Acessar Home,200,OK,Teste de Carga - 250 usuarios 1-72,text,true,,4757,120,250,250,https://www.blazedemo.com/,3857,0,0
1774386548296,310,2 - Escolher Voo,200,OK,Teste de Carga - 250 usuarios 1-84,text,true,,7381,250,250,250,https://www.blazedemo.com/reserve.php,290,0,0
1774386545745,2862,2 - Escolher Voo,200,OK,Teste de Carga - 250 usuarios 1-141,text,true,,7381,250,250,250,https://www.blazedemo.com/reserve.php,2843,0,0
1774386544272,4336,3 - Comprar Passagem,200,OK,Teste de Carga - 250 usuarios 1-123,text,true,,6719,420,250,250,https://www.blazedemo.com/purchase.php,4170,0,0
1774386548299,311,2 - Escolher Voo,200,OK,Teste de Carga - 250 usuarios 1-97,text,true,,7381,250,250,250,https://www.blazedemo.com/reserve.php,292,0,0
1774386548025,588,3 - Comprar Passagem,200,OK,Teste de Carga - 250 usuarios 1-205,text,true,,6719,420,250,250,https://www.blazedemo.com/purchase.php,577,0,0
1774386548270,345,3 - Comprar Passagem,200,OK,Teste de Carga - 250 usuarios 1-149,text,true,,6719,420,250,250,https://www.blazedemo.com/purchase.php,332,0,0
1774386548228,387,3 - Comprar Passagem,200,OK,Teste de Carga - 250 usuarios 1-228,text,true,,6719,420,250,250,https://www.blazedemo.com/purchase.php,372,0,0
1774386547259,1365,3 - Comprar Passagem,200,OK,Teste de Carga - 250 usuarios 1-138,text,true,,6719,420,250,250,https://www.blazedemo.com/purchase.php,1219,0,0
1774386548237,387,1 - Acessar Home,200,OK,Teste de Carga - 250 usuarios 1-240,text,true,,4757,120,250,250,https://www.blazedemo.com/,375,0,0
1774386548190,445,1 - Acessar Home,200,OK,Teste de Carga - 250 usuarios 1-44,text,true,,4757,120,250,250,https://www.blazedemo.com/,432,0,0
1774386548360,275,2 - Escolher Voo,200,OK,Teste de Carga - 250 usuarios 1-82,text,true,,7381,250,250,250,https://www.blazedemo.com/reserve.php,254,0,0
1774386548238,399,2 - Escolher Voo,200,OK,Teste de Carga - 250 usuarios 1-45,text,true,,7381,250,250,250,https://www.blazedemo.com/reserve.php,377,0,0
1774386548257,386,2 - Escolher Voo,200,OK,Teste de Carga - 250 usuarios 1-64,text,true,,7381,250,250,250,https://www.blazedemo.com/reserve.php,367,0,0
1774386548370,278,1 - Acessar Home,200,OK,Teste de Carga - 250 usuarios 1-113,text,true,,4757,120,250,250,https://www.blazedemo.com/,266,0,0
1774386548351,302,3 - Comprar Passagem,200,OK,Teste de Carga - 250 usuarios 1-90,text,true,,6719,420,250,250,https://www.blazedemo.com/purchase.php,291,0,0
1774386548410,253,3 - Comprar Passagem,200,OK,Teste de Carga - 250 usuarios 1-204,text,true,,6719,420,250,250,https://www.blazedemo.com/purchase.php,242,0,0
1774386548222,442,1 - Acessar Home,200,OK,Teste de Carga - 250 usuarios 1-164,text,true,,4757,120,250,250,https://www.blazedemo.com/,428,0,0
1774386548400,266,1 - Acessar Home,200,OK,Teste de Carga - 250 usuarios 1-106,text,true,,4757,120,250,250,https://www.blazedemo.com/,255,0,0
1774386548340,328,2 - Escolher Voo,200,OK,Teste de Carga - 250 usuarios 1-226,text,true,,7381,250,250,250,https://www.blazedemo.com/reserve.php,305,0,0
1774386544787,3880,3 - Comprar Passagem,200,OK,Teste de Carga - 250 usuarios 1-98,text,true,,6719,420,250,250,https://www.blazedemo.com/purchase.php,3868,0,0
1774386548344,325,2 - Escolher Voo,200,OK,Teste de Carga - 250 usuarios 1-246,text,true,,7381,250,250,250,https://www.blazedemo.com/reserve.php,306,0,0
1774386544562,4113,2 - Escolher Voo,200,OK,Teste de Carga - 250 usuarios 1-108,text,true,,7381,250,250,250,https://www.blazedemo.com/reserve.php,4092,0,0
1774386548309,374,2 - Escolher Voo,200,OK,Teste de Carga - 250 usuarios 1-54,text,true,,7381,250,250,250,https://www.blazedemo.com/reserve.php,353,0,0
1774386548333,352,3 - Comprar Passagem,200,OK,Teste de Carga - 250 usuarios 1-103,text,true,,6719,420,250,250,https://www.blazedemo.com/purchase.php,341,0,0
1774386545764,2922,2 - Escolher Voo,200,OK,Teste de Carga - 250 usuarios 1-57,text,true,,7381,250,250,250,https://www.blazedemo.com/reserve.php,2902,0,0
1774386548359,329,3 - Comprar Passagem,200,OK,Teste de Carga - 250 usuarios 1-181,text,true,,6719,420,250,250,https://www.blazedemo.com/purchase.php,314,0,0
1774386547806,884,1 - Acessar Home,200,OK,Teste de Carga - 250 usuarios 1-105,text,true,,4757,120,250,250,https://www.blazedemo.com/,877,0,0
1774386548446,244,1 - Acessar Home,200,OK,Teste de Carga - 250 usuarios 1-249,text,true,,4757,120,250,250,https://www.blazedemo.com/,237,0,0
1774386548410,283,2 - Escolher Voo,200,OK,Teste de Carga - 250 usuarios 1-65,text,true,,7381,250,250,250,https://www.blazedemo.com/reserve.php,263,0,0
1774386548399,301,3 - Comprar Passagem,200,OK,Teste de Carga - 250 usuarios 1-153,text,true,,6719,420,250,250,https://www.blazedemo.com/purchase.php,289,0,0
1774386544854,3846,1 - Acessar Home,200,OK,Teste de Carga - 250 usuarios 1-188,text,true,,4757,120,250,250,https://www.blazedemo.com/,3835,0,0
1774386548445,257,2 - Escolher Voo,200,OK,Teste de Carga - 250 usuarios 1-41,text,true,,7381,250,250,250,https://www.blazedemo.com/reserve.php,240,0,0
1774386548401,306,3 - Comprar Passagem,200,OK,Teste de Carga - 250 usuarios 1-193,text,true,,6719,420,250,250,https://www.blazedemo.com/purchase.php,294,0,0
1774386548460,253,1 - Acessar Home,200,OK,Teste de Carga - 250 usuarios 1-101,text,true,,4757,120,250,250,https://www.blazedemo.com/,240,0,0
1774386544814,3900,2 - Escolher Voo,200,OK,Teste de Carga - 250 usuarios 1-10,text,true,,7381,250,250,250,https://www.blazedemo.com/reserve.php,3878,0,0
1774386548424,293,3 - Comprar Passagem,200,OK,Teste de Carga - 250 usuarios 1-187,text,true,,6719,420,250,250,https://www.blazedemo.com/purchase.php,281,0,0
1774386548228,489,3 - Comprar Passagem,200,OK,Teste de Carga - 250 usuarios 1-80,text,true,,6719,420,250,250,https://www.blazedemo.com/purchase.php,477,0,0
1774386548062,658,2 - Escolher Voo,200,OK,Teste de Carga - 250 usuarios 1-88,text,true,,7381,250,250,250,https://www.blazedemo.com/reserve.php,637,0,0
1774386548451,277,3 - Comprar Passagem,200,OK,Teste de Carga - 250 usuarios 1-203,text,true,,6719,420,250,250,https://www.blazedemo.com/purchase.php,264,0,0
1774386548353,376,1 - Acessar Home,200,OK,Teste de Carga - 250 usuarios 1-192,text,true,,4757,120,250,250,https://www.blazedemo.com/,362,0,0
1774386548479,251,1 - Acessar Home,200,OK,Teste de Carga - 250 usuarios 1-245,text,true,,4757,120,250,250,https://www.blazedemo.com/,239,0,0
1774386548501,243,2 - Escolher Voo,200,OK,Teste de Carga - 250 usuarios 1-95,text,true,,7381,250,250,250,https://www.blazedemo.com/reserve.php,223,0,0
1774386548427,319,2 - Escolher Voo,200,OK,Teste de Carga - 250 usuarios 1-247,text,true,,7381,250,250,250,https://www.blazedemo.com/reserve.php,301,0,0
1774386548504,249,3 - Comprar Passagem,200,OK,Teste de Carga - 250 usuarios 1-210,text,true,,6719,420,250,250,https://www.blazedemo.com/purchase.php,237,0,0
1774386548455,300,1 - Acessar Home,200,OK,Teste de Carga - 250 usuarios 1-248,text,true,,4757,120,250,250,https://www.blazedemo.com/,288,0,0
1774386548429,331,3 - Comprar Passagem,200,OK,Teste de Carga - 250 usuarios 1-133,text,true,,6719,420,250,250,https://www.blazedemo.com/purchase.php,319,0,0
1774386544756,4004,1 - Acessar Home,200,OK,Teste de Carga - 250 usuarios 1-220,text,true,,4757,120,250,250,https://www.blazedemo.com/,3991,0,0
1774386548497,269,3 - Comprar Passagem,200,OK,Teste de Carga - 250 usuarios 1-145,text,true,,6719,420,250,250,https://www.blazedemo.com/purchase.php,257,0,0
1774386548499,269,2 - Escolher Voo,200,OK,Teste de Carga - 250 usuarios 1-71,text,true,,7381,250,250,250,https://www.blazedemo.com/reserve.php,248,0,0
1774386548465,306,1 - Acessar Home,200,OK,Teste de Carga - 250 usuarios 1-139,text,true,,4757,120,250,250,https://www.blazedemo.com/,294,0,0
1774386548419,352,2 - Escolher Voo,200,OK,Teste de Carga - 250 usuarios 1-225,text,true,,7381,250,250,250,https://www.blazedemo.com/reserve.php,331,0,0
1774386548443,333,2 - Escolher Voo,200,OK,Teste de Carga - 250 usuarios 1-118,text,true,,7381,250,250,250,https://www.blazedemo.com/reserve.php,312,0,0
1774386548430,348,2 - Escolher Voo,200,OK,Teste de Carga - 250 usuarios 1-107,text,true,,7381,250,250,250,https://www.blazedemo.com/reserve.php,328,0,0
1774386545028,3755,2 - Escolher Voo,200,OK,Teste de Carga - 250 usuarios 1-216,text,true,,7381,250,250,250,https://www.blazedemo.com/reserve.php,3736,0,0
1774386548462,328,2 - Escolher Voo,200,OK,Teste de Carga - 250 usuarios 1-214,text,true,,7381,250,250,250,https://www.blazedemo.com/reserve.php,308,0,0
1774386548496,295,1 - Acessar Home,200,OK,Teste de Carga - 250 usuarios 1-136,text,true,,4757,120,250,250,https://www.blazedemo.com/,283,0,0
1774386548536,257,2 - Escolher Voo,200,OK,Teste de Carga - 250 usuarios 1-8,text,true,,7381,250,250,250,https://www.blazedemo.com/reserve.php,237,0,0
1774386548526,269,3 - Comprar Passagem,200,OK,Teste de Carga - 250 usuarios 1-194,text,true,,6719,420,250,250,https://www.blazedemo.com/purchase.php,254,0,0
1774386547806,990,1 - Acessar Home,200,OK,Teste de Carga - 250 usuarios 1-132,text,true,,4757,120,250,250,https://www.blazedemo.com/,978,0,0
1774386548499,301,2 - Escolher Voo,200,OK,Teste de Carga - 250 usuarios 1-134,text,true,,7381,250,250,250,https://www.blazedemo.com/reserve.php,281,0,0
1774386548477,325,2 - Escolher Voo,200,OK,Teste de Carga - 250 usuarios 1-40,text,true,,7381,250,250,250,https://www.blazedemo.com/reserve.php,304,0,0
1774386548484,319,2 - Escolher Voo,200,OK,Teste de Carga - 250 usuarios 1-18,text,true,,7381,250,250,250,https://www.blazedemo.com/reserve.php,302,0,0
1774386548432,375,3 - Comprar Passagem,200,OK,Teste de Carga - 250 usuarios 1-79,text,true,,6719,420,250,250,https://www.blazedemo.com/purchase.php,258,0,0
1774386545828,2979,2 - Escolher Voo,200,OK,Teste de Carga - 250 usuarios 1-52,text,true,,7381,250,250,250,https://www.blazedemo.com/reserve.php,2964,0,0
1774386548522,286,3 - Comprar Passagem,200,OK,Teste de Carga - 250 usuarios 1-174,text,true,,6719,420,250,250,https://www.blazedemo.com/purchase.php,269,0,0
1774386548531,278,3 - Comprar Passagem,200,OK,Teste de Carga - 250 usuarios 1-224,text,true,,6719,420,250,250,https://www.blazedemo.com/purchase.php,260,0,0
1774386545101,3709,1 - Acessar Home,200,OK,Teste de Carga - 250 usuarios 1-221,text,true,,4757,120,250,250,https://www.blazedemo.com/,3697,0,0
1774386544979,3832,3 - Comprar Passagem,200,OK,Teste de Carga - 250 usuarios 1-191,text,true,,6719,420,250,250,https://www.blazedemo.com/purchase.php,3815,0,0
1774386548294,520,1 - Acessar Home,200,OK,Teste de Carga - 250 usuarios 1-59,text,true,,4757,120,250,250,https://www.blazedemo.com/,508,0,0
1774386548473,345,3 - Comprar Passagem,200,OK,Teste de Carga - 250 usuarios 1-35,text,true,,6719,420,250,250,https://www.blazedemo.com/purchase.php,332,0,0
1774386548342,479,1 - Acessar Home,200,OK,Teste de Carga - 250 usuarios 1-96,text,true,,4757,120,250,250,https://www.blazedemo.com/,468,0,0
1774386548565,257,2 - Escolher Voo,200,OK,Teste de Carga - 250 usuarios 1-120,text,true,,7381,250,250,250,https://www.blazedemo.com/reserve.php,237,0,0
1774386548460,368,2 - Escolher Voo,200,OK,Teste de Carga - 250 usuarios 1-135,text,true,,7381,250,250,250,https://www.blazedemo.com/reserve.php,347,0,0
1774386548300,535,2 - Escolher Voo,200,OK,Teste de Carga - 250 usuarios 1-243,text,true,,7381,250,250,250,https://www.blazedemo.com/reserve.php,509,0,0
1774386548496,340,2 - Escolher Voo,200,OK,Teste de Carga - 250 usuarios 1-48,text,true,,7381,250,250,250,https://www.blazedemo.com/reserve.php,321,0,0
1774386548590,248,3 - Comprar Passagem,200,OK,Teste de Carga - 250 usuarios 1-177,text,true,,6719,420,250,250,https://www.blazedemo.com/purchase.php,235,0,0
1774386548565,281,1 - Acessar Home,200,OK,Teste de Carga - 250 usuarios 1-200,text,true,,4757,120,250,250,https://www.blazedemo.com/,269,0,0
1774386544962,3888,3 - Comprar Passagem,200,OK,Teste de Carga - 250 usuarios 1-4,text,true,,6719,420,250,250,https://www.blazedemo.com/purchase.php,3876,0,0
1774386548564,292,2 - Escolher Voo,200,OK,Teste de Carga - 250 usuarios 1-206,text,true,,7381,250,250,250,https://www.blazedemo.com/reserve.php,271,0,0
1774386548615,246,1 - Acessar Home,200,OK,Teste de Carga - 250 usuarios 1-228,text,true,,4757,120,250,250,https://www.blazedemo.com/,235,0,0
1774386548563,300,3 - Comprar Passagem,200,OK,Teste de Carga - 250 usuarios 1-66,text,true,,6719,420,250,250,https://www.blazedemo.com/purchase.php,288,0,0
1774386548534,337,1 - Acessar Home,200,OK,Teste de Carga - 250 usuarios 1-147,text,true,,4757,120,250,250,https://www.blazedemo.com/,325,0,0
1774386548600,274,3 - Comprar Passagem,200,OK,Teste de Carga - 250 usuarios 1-126,text,true,,6719,420,250,250,https://www.blazedemo.com/purchase.php,262,0,0
1774386548519,356,2 - Escolher Voo,200,OK,Teste de Carga - 250 usuarios 1-115,text,true,,7381,250,250,250,https://www.blazedemo.com/reserve.php,339,0,0
1774386548592,283,3 - Comprar Passagem,200,OK,Teste de Carga - 250 usuarios 1-215,text,true,,6719,420,250,250,https://www.blazedemo.com/purchase.php,267,0,0
1774386547811,1067,1 - Acessar Home,200,OK,Teste de Carga - 250 usuarios 1-75,text,true,,4757,120,250,250,https://www.blazedemo.com/,1056,0,0
1774386548607,274,3 - Comprar Passagem,200,OK,Teste de Carga - 250 usuarios 1-141,text,true,,6719,420,250,250,https://www.blazedemo.com/purchase.php,262,0,0
1774386548569,318,2 - Escolher Voo,200,OK,Teste de Carga - 250 usuarios 1-122,text,true,,7381,250,250,250,https://www.blazedemo.com/reserve.php,297,0,0
1774386548557,332,3 - Comprar Passagem,200,OK,Teste de Carga - 250 usuarios 1-111,text,true,,6719,420,250,250,https://www.blazedemo.com/purchase.php,320,0,0
1774386548615,279,1 - Acessar Home,200,OK,Teste de Carga - 250 usuarios 1-149,text,true,,4757,120,250,250,https://www.blazedemo.com/,267,0,0
1774386548624,271,2 - Escolher Voo,200,OK,Teste de Carga - 250 usuarios 1-240,text,true,,7381,250,250,250,https://www.blazedemo.com/reserve.php,250,0,0
1774386545842,3053,1 - Acessar Home,200,OK,Teste de Carga - 250 usuarios 1-60,text,true,,4757,120,250,250,https://www.blazedemo.com/,3041,0,0
1774386548537,361,1 - Acessar Home,200,OK,Teste de Carga - 250 usuarios 1-102,text,true,,4757,120,250,250,https://www.blazedemo.com/,349,0,0
1774386545297,3606,2 - Escolher Voo,200,OK,Teste de Carga - 250 usuarios 1-155,text,true,,7381,250,250,250,https://www.blazedemo.com/reserve.php,3586,0,0
1774386548597,307,3 - Comprar Passagem,200,OK,Teste de Carga - 250 usuarios 1-144,text,true,,6719,420,250,250,https://www.blazedemo.com/purchase.php,291,0,0
1774386548635,270,3 - Comprar Passagem,200,OK,Teste de Carga - 250 usuarios 1-82,text,true,,6719,420,250,250,https://www.blazedemo.com/purchase.php,253,0,0
1774386548565,341,2 - Escolher Voo,200,OK,Teste de Carga - 250 usuarios 1-1,text,true,,7381,250,250,250,https://www.blazedemo.com/reserve.php,324,0,0
1774386548653,255,1 - Acessar Home,200,OK,Teste de Carga - 250 usuarios 1-90,text,true,,4757,120,250,250,https://www.blazedemo.com/,244,0,0
1774386548666,245,2 - Escolher Voo,200,OK,Teste de Carga - 250 usuarios 1-106,text,true,,7381,250,250,250,https://www.blazedemo.com/reserve.php,224,0,0
1774386548648,272,2 - Escolher Voo,200,OK,Teste de Carga - 250 usuarios 1-113,text,true,,7381,250,250,250,https://www.blazedemo.com/reserve.php,254,0,0
1774386545111,3810,2 - Escolher Voo,200,OK,Teste de Carga - 250 usuarios 1-50,text,true,,7381,250,250,250,https://www.blazedemo.com/reserve.php,3790,0,0
1774386548664,258,2 - Escolher Voo,200,OK,Teste de Carga - 250 usuarios 1-164,text,true,,7381,250,250,250,https://www.blazedemo.com/reserve.php,242,0,0
1774386545372,3551,1 - Acessar Home,200,OK,Teste de Carga - 250 usuarios 1-156,text,true,,4757,120,250,250,https://www.blazedemo.com/,3540,0,0
1774386548351,586,2 - Escolher Voo,200,OK,Teste de Carga - 250 usuarios 1-170,text,true,,7381,250,250,250,https://www.blazedemo.com/reserve.php,566,0,0
1774386548610,328,3 - Comprar Passagem,200,OK,Teste de Carga - 250 usuarios 1-97,text,true,,6719,420,250,250,https://www.blazedemo.com/purchase.php,315,0,0
1774386548643,299,3 - Comprar Passagem,200,OK,Teste de Carga - 250 usuarios 1-64,text,true,,6719,420,250,250,https://www.blazedemo.com/purchase.php,282,0,0
1774386548635,315,2 - Escolher Voo,200,OK,Teste de Carga - 250 usuarios 1-44,text,true,,7381,250,250,250,https://www.blazedemo.com/reserve.php,294,0,0
1774386548359,591,1 - Acessar Home,200,OK,Teste de Carga - 250 usuarios 1-85,text,true,,4757,120,250,250,https://www.blazedemo.com/,580,0,0
1774386548718,237,1 - Acessar Home,200,OK,Teste de Carga - 250 usuarios 1-187,text,true,,4757,120,250,250,https://www.blazedemo.com/,225,0,0
1774386544992,3962,2 - Escolher Voo,200,OK,Teste de Carga - 250 usuarios 1-19,text,true,,7381,250,250,250,https://www.blazedemo.com/reserve.php,3948,0,0
1774386548676,280,3 - Comprar Passagem,200,OK,Teste de Carga - 250 usuarios 1-108,text,true,,6719,420,250,250,https://www.blazedemo.com/purchase.php,268,0,0
1774386548587,371,2 - Escolher Voo,200,OK,Teste de Carga - 250 usuarios 1-93,text,true,,7381,250,250,250,https://www.blazedemo.com/reserve.php,351,0,0
1774386548637,323,3 - Comprar Passagem,200,OK,Teste de Carga - 250 usuarios 1-45,text,true,,6719,420,250,250,https://www.blazedemo.com/purchase.php,312,0,0
1774386548668,294,3 - Comprar Passagem,200,OK,Teste de Carga - 250 usuarios 1-226,text,true,,6719,420,250,250,https://www.blazedemo.com/purchase.php,282,0,0
1774386548598,371,1 - Acessar Home,200,OK,Teste de Carga - 250 usuarios 1-63,text,true,,4757,120,250,250,https://www.blazedemo.com/,357,0,0
1774386548669,308,3 - Comprar Passagem,200,OK,Teste de Carga - 250 usuarios 1-246,text,true,,6719,420,250,250,https://www.blazedemo.com/purchase.php,292,0,0
1774386548691,290,2 - Escolher Voo,200,OK,Teste de Carga - 250 usuarios 1-249,text,true,,7381,250,250,250,https://www.blazedemo.com/reserve.php,269,0,0
1774386548702,282,3 - Comprar Passagem,200,OK,Teste de Carga - 250 usuarios 1-41,text,true,,6719,420,250,250,https://www.blazedemo.com/purchase.php,270,0,0
1774386548715,271,3 - Comprar Passagem,200,OK,Teste de Carga - 250 usuarios 1-10,text,true,,6719,420,250,250,https://www.blazedemo.com/purchase.php,255,0,0
1774386548720,269,3 - Comprar Passagem,200,OK,Teste de Carga - 250 usuarios 1-88,text,true,,6719,420,250,250,https://www.blazedemo.com/purchase.php,252,0,0
1774386546003,2988,2 - Escolher Voo,200,OK,Teste de Carga - 250 usuarios 1-53,text,true,,7381,250,250,250,https://www.blazedemo.com/reserve.php,2971,0,0
1774386548668,324,1 - Acessar Home,200,OK,Teste de Carga - 250 usuarios 1-98,text,true,,4757,120,250,250,https://www.blazedemo.com/,312,0,0
1774386547952,1042,3 - Comprar Passagem,200,OK,Teste de Carga - 250 usuarios 1-146,text,true,,6719,420,250,250,https://www.blazedemo.com/purchase.php,1030,0,0
1774386548728,270,1 - Acessar Home,200,OK,Teste de Carga - 250 usuarios 1-203,text,true,,4757,120,250,250,https://www.blazedemo.com/,258,0,0
1774386548606,399,3 - Comprar Passagem,200,OK,Teste de Carga - 250 usuarios 1-84,text,true,,6719,420,250,250,https://www.blazedemo.com/purchase.php,386,0,0
1774386548755,256,2 - Escolher Voo,200,OK,Teste de Carga - 250 usuarios 1-248,text,true,,7381,250,250,250,https://www.blazedemo.com/reserve.php,235,0,0
1774386548663,351,1 - Acessar Home,200,OK,Teste de Carga - 250 usuarios 1-204,text,true,,4757,120,250,250,https://www.blazedemo.com/,339,0,0
1774386548760,256,1 - Acessar Home,200,OK,Teste de Carga - 250 usuarios 1-133,text,true,,4757,120,250,250,https://www.blazedemo.com/,246,0,0
1774386548746,270,3 - Comprar Passagem,200,OK,Teste de Carga - 250 usuarios 1-247,text,true,,6719,420,250,250,https://www.blazedemo.com/purchase.php,258,0,0
1774386548766,255,1 - Acessar Home,200,OK,Teste de Carga - 250 usuarios 1-145,text,true,,4757,120,250,250,https://www.blazedemo.com/,243,0,0
1774386548687,335,3 - Comprar Passagem,200,OK,Teste de Carga - 250 usuarios 1-57,text,true,,6719,420,250,250,https://www.blazedemo.com/purchase.php,323,0,0
1774386548753,271,1 - Acessar Home,200,OK,Teste de Carga - 250 usuarios 1-210,text,true,,4757,120,250,250,https://www.blazedemo.com/,259,0,0
1774386545425,3602,2 - Escolher Voo,200,OK,Teste de Carga - 250 usuarios 1-29,text,true,,7381,250,250,250,https://www.blazedemo.com/reserve.php,3582,0,0
1774386545163,3866,2 - Escolher Voo,200,OK,Teste de Carga - 250 usuarios 1-165,text,true,,7381,250,250,250,https://www.blazedemo.com/reserve.php,3845,0,0
1774386548795,237,1 - Acessar Home,200,OK,Teste de Carga - 250 usuarios 1-194,text,true,,4757,120,250,250,https://www.blazedemo.com/,225,0,0
1774386545075,3965,1 - Acessar Home,200,OK,Teste de Carga - 250 usuarios 1-39,text,true,,4757,120,250,250,https://www.blazedemo.com/,3954,0,0
1774386548744,299,3 - Comprar Passagem,200,OK,Teste de Carga - 250 usuarios 1-95,text,true,,6719,420,250,250,https://www.blazedemo.com/purchase.php,280,0,0
1774386548771,281,3 - Comprar Passagem,200,OK,Teste de Carga - 250 usuarios 1-225,text,true,,6719,420,250,250,https://www.blazedemo.com/purchase.php,269,0,0
1774386548707,350,1 - Acessar Home,200,OK,Teste de Carga - 250 usuarios 1-193,text,true,,4757,120,250,250,https://www.blazedemo.com/,338,0,0
1774386548768,292,3 - Comprar Passagem,200,OK,Teste de Carga - 250 usuarios 1-71,text,true,,6719,420,250,250,https://www.blazedemo.com/purchase.php,282,0,0
1774386548701,362,2 - Escolher Voo,200,OK,Teste de Carga - 250 usuarios 1-188,text,true,,7381,250,250,250,https://www.blazedemo.com/reserve.php,341,0,0
1774386548731,334,2 - Escolher Voo,200,OK,Teste de Carga - 250 usuarios 1-245,text,true,,7381,250,250,250,https://www.blazedemo.com/reserve.php,312,0,0
1774386548690,376,2 - Escolher Voo,200,OK,Teste de Carga - 250 usuarios 1-105,text,true,,7381,250,250,250,https://www.blazedemo.com/reserve.php,359,0,0
1774386548793,277,3 - Comprar Passagem,200,OK,Teste de Carga - 250 usuarios 1-8,text,true,,6719,420,250,250,https://www.blazedemo.com/purchase.php,264,0,0
1774386548814,260,2 - Escolher Voo,200,OK,Teste de Carga - 250 usuarios 1-59,text,true,,7381,250,250,250,https://www.blazedemo.com/reserve.php,241,0,0
1774386548729,349,2 - Escolher Voo,200,OK,Teste de Carga - 250 usuarios 1-192,text,true,,7381,250,250,250,https://www.blazedemo.com/reserve.php,329,0,0
1774386548771,311,2 - Escolher Voo,200,OK,Teste de Carga - 250 usuarios 1-139,text,true,,7381,250,250,250,https://www.blazedemo.com/reserve.php,295,0,0
1774386548809,277,1 - Acessar Home,200,OK,Teste de Carga - 250 usuarios 1-224,text,true,,4757,120,250,250,https://www.blazedemo.com/,265,0,0
1774386548778,308,3 - Comprar Passagem,200,OK,Teste de Carga - 250 usuarios 1-107,text,true,,6719,420,250,250,https://www.blazedemo.com/purchase.php,296,0,0
1774386548524,568,3 - Comprar Passagem,200,OK,Teste de Carga - 250 usuarios 1-143,text,true,,6719,420,250,250,https://www.blazedemo.com/purchase.php,557,0,0
1774386548761,331,2 - Escolher Voo,200,OK,Teste de Carga - 250 usuarios 1-220,text,true,,7381,250,250,250,https://www.blazedemo.com/reserve.php,311,0,0
1774386548851,245,1 - Acessar Home,200,OK,Teste de Carga - 250 usuarios 1-4,text,true,,4757,120,250,250,https://www.blazedemo.com/,234,0,0
1774386545460,3637,3 - Comprar Passagem,200,OK,Teste de Carga - 250 usuarios 1-142,text,true,,6719,420,250,250,https://www.blazedemo.com/purchase.php,3625,0,0
1774386548811,291,2 - Escolher Voo,200,OK,Teste de Carga - 250 usuarios 1-221,text,true,,7381,250,250,250,https://www.blazedemo.com/reserve.php,270,0,0
1774386546049,3055,3 - Comprar Passagem,200,OK,Teste de Carga - 250 usuarios 1-5,text,true,,6719,420,250,250,https://www.blazedemo.com/purchase.php,3042,0,0
1774386548821,284,2 - Escolher Voo,200,OK,Teste de Carga - 250 usuarios 1-96,text,true,,7381,250,250,250,https://www.blazedemo.com/reserve.php,264,0,0
1774386548784,328,3 - Comprar Passagem,200,OK,Teste de Carga - 250 usuarios 1-216,text,true,,6719,420,250,250,https://www.blazedemo.com/purchase.php,316,0,0
1774386547990,1122,1 - Acessar Home,200,OK,Teste de Carga - 250 usuarios 1-175,text,true,,4757,120,250,250,https://www.blazedemo.com/,1110,0,0
1774386548791,327,2 - Escolher Voo,200,OK,Teste de Carga - 250 usuarios 1-136,text,true,,7381,250,250,250,https://www.blazedemo.com/reserve.php,307,0,0
1774386548861,257,2 - Escolher Voo,200,OK,Teste de Carga - 250 usuarios 1-228,text,true,,7381,250,250,250,https://www.blazedemo.com/reserve.php,237,0,0
1774386548856,262,3 - Comprar Passagem,200,OK,Teste de Carga - 250 usuarios 1-206,text,true,,6719,420,250,250,https://www.blazedemo.com/purchase.php,246,0,0
1774386548803,319,3 - Comprar Passagem,200,OK,Teste de Carga - 250 usuarios 1-18,text,true,,6719,420,250,250,https://www.blazedemo.com/purchase.php,307,0,0
1774386547977,1147,1 - Acessar Home,200,OK,Teste de Carga - 250 usuarios 1-61,text,true,,4757,120,250,250,https://www.blazedemo.com/,1021,0,0
1774386548790,339,3 - Comprar Passagem,200,OK,Teste de Carga - 250 usuarios 1-214,text,true,,6719,420,250,250,https://www.blazedemo.com/purchase.php,322,0,0
1774386548776,362,3 - Comprar Passagem,200,OK,Teste de Carga - 250 usuarios 1-118,text,true,,6719,420,250,250,https://www.blazedemo.com/purchase.php,351,0,0
1774386548863,276,1 - Acessar Home,200,OK,Teste de Carga - 250 usuarios 1-66,text,true,,4757,120,250,250,https://www.blazedemo.com/,265,0,0
1774386548875,266,3 - Comprar Passagem,200,OK,Teste de Carga - 250 usuarios 1-115,text,true,,6719,420,250,250,https://www.blazedemo.com/purchase.php,255,0,0
1774386548887,256,3 - Comprar Passagem,200,OK,Teste de Carga - 250 usuarios 1-122,text,true,,6719,420,250,250,https://www.blazedemo.com/purchase.php,246,0,0
1774386548575,568,2 - Escolher Voo,200,OK,Teste de Carga - 250 usuarios 1-78,text,true,,7381,250,250,250,https://www.blazedemo.com/reserve.php,548,0,0
1774386548822,327,3 - Comprar Passagem,200,OK,Teste de Carga - 250 usuarios 1-120,text,true,,6719,420,250,250,https://www.blazedemo.com/purchase.php,315,0,0
1774386545200,3948,3 - Comprar Passagem,200,OK,Teste de Carga - 250 usuarios 1-117,text,true,,6719,420,250,250,https://www.blazedemo.com/purchase.php,3936,0,0
1774386548875,275,1 - Acessar Home,200,OK,Teste de Carga - 250 usuarios 1-215,text,true,,4757,120,250,250,https://www.blazedemo.com/,263,0,0
1774386545162,3988,2 - Escolher Voo,200,OK,Teste de Carga - 250 usuarios 1-185,text,true,,7381,250,250,250,https://www.blazedemo.com/reserve.php,3967,0,0
1774386548878,277,2 - Escolher Voo,200,OK,Teste de Carga - 250 usuarios 1-75,text,true,,7381,250,250,250,https://www.blazedemo.com/reserve.php,258,0,0
1774386548828,339,3 - Comprar Passagem,200,OK,Teste de Carga - 250 usuarios 1-135,text,true,,6719,420,250,250,https://www.blazedemo.com/purchase.php,326,0,0
1774386548898,270,2 - Escolher Voo,200,OK,Teste de Carga - 250 usuarios 1-102,text,true,,7381,250,250,250,https://www.blazedemo.com/reserve.php,250,0,0
1774386545580,3589,1 - Acessar Home,200,OK,Teste de Carga - 250 usuarios 1-171,text,true,,4757,120,250,250,https://www.blazedemo.com/,3577,0,0
1774386546138,3031,1 - Acessar Home,200,OK,Teste de Carga - 250 usuarios 1-162,text,true,,4757,120,250,250,https://www.blazedemo.com/,3020,0,0
1774386548819,354,1 - Acessar Home,200,OK,Teste de Carga - 250 usuarios 1-35,text,true,,4757,120,250,250,https://www.blazedemo.com/,342,0,0
1774386548924,257,2 - Escolher Voo,200,OK,Teste de Carga - 250 usuarios 1-156,text,true,,7381,250,250,250,https://www.blazedemo.com/reserve.php,238,0,0
1774386548807,378,1 - Acessar Home,200,OK,Teste de Carga - 250 usuarios 1-79,text,true,,4757,120,250,250,https://www.blazedemo.com/,367,0,0
1774386548796,393,2 - Escolher Voo,200,OK,Teste de Carga - 250 usuarios 1-132,text,true,,7381,250,250,250,https://www.blazedemo.com/reserve.php,380,0,0
1774386548802,387,3 - Comprar Passagem,200,OK,Teste de Carga - 250 usuarios 1-40,text,true,,6719,420,250,250,https://www.blazedemo.com/purchase.php,375,0,0
1774386548908,286,2 - Escolher Voo,200,OK,Teste de Carga - 250 usuarios 1-90,text,true,,7381,250,250,250,https://www.blazedemo.com/reserve.php,265,0,0
1774386548895,300,3 - Comprar Passagem,200,OK,Teste de Carga - 250 usuarios 1-240,text,true,,6719,420,250,250,https://www.blazedemo.com/purchase.php,288,0,0
1774386548950,248,2 - Escolher Voo,200,OK,Teste de Carga - 250 usuarios 1-85,text,true,,7381,250,250,250,https://www.blazedemo.com/reserve.php,228,0,0
1774386548800,399,3 - Comprar Passagem,200,OK,Teste de Carga - 250 usuarios 1-134,text,true,,6719,420,250,250,https://www.blazedemo.com/purchase.php,387,0,0
1774386545229,3969,1 - Acessar Home,200,OK,Teste de Carga - 250 usuarios 1-81,text,true,,4757,120,250,250,https://www.blazedemo.com/,3957,0,0
1774386548895,312,2 - Escolher Voo,200,OK,Teste de Carga - 250 usuarios 1-60,text,true,,7381,250,250,250,https://www.blazedemo.com/reserve.php,291,0,0
1774386548938,272,1 - Acessar Home,200,OK,Teste de Carga - 250 usuarios 1-97,text,true,,4757,120,250,250,https://www.blazedemo.com/,262,0,0
1774386548904,307,3 - Comprar Passagem,200,OK,Teste de Carga - 250 usuarios 1-155,text,true,,6719,420,250,250,https://www.blazedemo.com/purchase.php,295,0,0
1774386548937,278,3 - Comprar Passagem,200,OK,Teste de Carga - 250 usuarios 1-170,text,true,,6719,420,250,250,https://www.blazedemo.com/purchase.php,266,0,0
1774386548962,253,1 - Acessar Home,200,OK,Teste de Carga - 250 usuarios 1-226,text,true,,4757,120,250,250,https://www.blazedemo.com/,241,0,0
1774386548835,384,3 - Comprar Passagem,200,OK,Teste de Carga - 250 usuarios 1-243,text,true,,6719,420,250,250,https://www.blazedemo.com/purchase.php,372,0,0
1774386548808,413,1 - Acessar Home,200,OK,Teste de Carga - 250 usuarios 1-174,text,true,,4757,120,250,250,https://www.blazedemo.com/,401,0,0
1774386548226,997,3 - Comprar Passagem,200,OK,Teste de Carga - 250 usuarios 1-179,text,true,,6719,420,250,250,https://www.blazedemo.com/purchase.php,985,0,0
1774386548922,303,3 - Comprar Passagem,200,OK,Teste de Carga - 250 usuarios 1-50,text,true,,6719,420,250,250,https://www.blazedemo.com/purchase.php,291,0,0
1774386545591,3635,1 - Acessar Home,200,OK,Teste de Carga - 250 usuarios 1-202,text,true,,4757,120,250,250,https://www.blazedemo.com/,3623,0,0
1774386548942,284,1 - Acessar Home,200,OK,Teste de Carga - 250 usuarios 1-64,text,true,,4757,120,250,250,https://www.blazedemo.com/,272,0,0
1774386548905,334,1 - Acessar Home,200,OK,Teste de Carga - 250 usuarios 1-82,text,true,,4757,120,250,250,https://www.blazedemo.com/,323,0,0
1774386548984,255,1 - Acessar Home,200,OK,Teste de Carga - 250 usuarios 1-41,text,true,,4757,120,250,250,https://www.blazedemo.com/,244,0,0
1774386548881,359,1 - Acessar Home,200,OK,Teste de Carga - 250 usuarios 1-141,text,true,,4757,120,250,250,https://www.blazedemo.com/,346,0,0
1774386548846,399,2 - Escolher Voo,200,OK,Teste de Carga - 250 usuarios 1-200,text,true,,7381,250,250,250,https://www.blazedemo.com/reserve.php,379,0,0
1774386546174,3074,3 - Comprar Passagem,200,OK,Teste de Carga - 250 usuarios 1-77,text,true,,6719,420,250,250,https://www.blazedemo.com/purchase.php,3061,0,0
1774386548981,272,3 - Comprar Passagem,200,OK,Teste de Carga - 250 usuarios 1-249,text,true,,6719,420,250,250,https://www.blazedemo.com/purchase.php,260,0,0
1774386548600,653,3 - Comprar Passagem,200,OK,Teste de Carga - 250 usuarios 1-238,text,true,,6719,420,250,250,https://www.blazedemo.com/purchase.php,641,0,0
1774386548989,264,1 - Acessar Home,200,OK,Teste de Carga - 250 usuarios 1-88,text,true,,4757,120,250,250,https://www.blazedemo.com/,253,0,0
1774386548977,277,1 - Acessar Home,200,OK,Teste de Carga - 250 usuarios 1-246,text,true,,4757,120,250,250,https://www.blazedemo.com/,265,0,0
1774386545208,4046,1 - Acessar Home,200,OK,Teste de Carga - 250 usuarios 1-169,text,true,,4757,120,250,250,https://www.blazedemo.com/,4034,0,0
1774386545412,3847,2 - Escolher Voo,200,OK,Teste de Carga - 250 usuarios 1-94,text,true,,7381,250,250,250,https://www.blazedemo.com/reserve.php,3827,0,0
1774386548718,550,1 - Acessar Home,200,OK,Teste de Carga - 250 usuarios 1-80,text,true,,4757,120,250,250,https://www.blazedemo.com/,538,0,0
1774386549016,253,2 - Escolher Voo,200,OK,Teste de Carga - 250 usuarios 1-133,text,true,,7381,250,250,250,https://www.blazedemo.com/reserve.php,233,0,0
1774386548960,317,1 - Acessar Home,200,OK,Teste de Carga - 250 usuarios 1-45,text,true,,4757,120,250,250,https://www.blazedemo.com/,304,0,0
1774386548808,469,3 - Comprar Passagem,200,OK,Teste de Carga - 250 usuarios 1-52,text,true,,6719,420,250,250,https://www.blazedemo.com/purchase.php,457,0,0
1774386548986,302,1 - Acessar Home,200,OK,Teste de Carga - 250 usuarios 1-10,text,true,,4757,120,250,250,https://www.blazedemo.com/,291,0,0
1774386549021,268,2 - Escolher Voo,200,OK,Teste de Carga - 250 usuarios 1-145,text,true,,7381,250,250,250,https://www.blazedemo.com/reserve.php,248,0,0
1774386546247,3043,1 - Acessar Home,200,OK,Teste de Carga - 250 usuarios 1-49,text,true,,4757,120,250,250,https://www.blazedemo.com/,3032,0,0
1774386548955,335,3 - Comprar Passagem,200,OK,Teste de Carga - 250 usuarios 1-19,text,true,,6719,420,250,250,https://www.blazedemo.com/purchase.php,324,0,0
1774386545597,3701,1 - Acessar Home,200,OK,Teste de Carga - 250 usuarios 1-173,text,true,,4757,120,250,250,https://www.blazedemo.com/,3689,0,0
1774386548894,410,2 - Escolher Voo,200,OK,Teste de Carga - 250 usuarios 1-149,text,true,,7381,250,250,250,https://www.blazedemo.com/reserve.php,393,0,0
1774386549016,292,1 - Acessar Home,200,OK,Teste de Carga - 250 usuarios 1-247,text,true,,4757,120,250,250,https://www.blazedemo.com/,282,0,0
1774386549057,257,2 - Escolher Voo,200,OK,Teste de Carga - 250 usuarios 1-193,text,true,,7381,250,250,250,https://www.blazedemo.com/reserve.php,235,0,0
1774386549052,262,1 - Acessar Home,200,OK,Teste de Carga - 250 usuarios 1-225,text,true,,4757,120,250,250,https://www.blazedemo.com/,247,0,0
1774386548955,364,2 - Escolher Voo,200,OK,Teste de Carga - 250 usuarios 1-187,text,true,,7381,250,250,250,https://www.blazedemo.com/reserve.php,347,0,0
1774386548263,1059,2 - Escolher Voo,200,OK,Teste de Carga - 250 usuarios 1-2,text,true,,7381,250,250,250,https://www.blazedemo.com/reserve.php,1039,0,0
1774386549024,298,2 - Escolher Voo,200,OK,Teste de Carga - 250 usuarios 1-210,text,true,,7381,250,250,250,https://www.blazedemo.com/reserve.php,278,0,0
1774386548958,365,3 - Comprar Passagem,200,OK,Teste de Carga - 250 usuarios 1-93,text,true,,6719,420,250,250,https://www.blazedemo.com/purchase.php,353,0,0
1774386549029,294,3 - Comprar Passagem,200,OK,Teste de Carga - 250 usuarios 1-29,text,true,,6719,420,250,250,https://www.blazedemo.com/purchase.php,282,0,0
1774386545694,3629,2 - Escolher Voo,200,OK,Teste de Carga - 250 usuarios 1-234,text,true,,7381,250,250,250,https://www.blazedemo.com/reserve.php,3606,0,0
1774386545700,3624,1 - Acessar Home,200,OK,Teste de Carga - 250 usuarios 1-56,text,true,,4757,120,250,250,https://www.blazedemo.com/,3612,0,0
1774386548956,373,1 - Acessar Home,200,OK,Teste de Carga - 250 usuarios 1-108,text,true,,4757,120,250,250,https://www.blazedemo.com/,359,0,0
1774386549060,271,1 - Acessar Home,200,OK,Teste de Carga - 250 usuarios 1-71,text,true,,4757,120,250,250,https://www.blazedemo.com/,258,0,0
1774386549086,253,1 - Acessar Home,200,OK,Teste de Carga - 250 usuarios 1-107,text,true,,4757,120,250,250,https://www.blazedemo.com/,241,0,0
1774386549005,336,1 - Acessar Home,200,OK,Teste de Carga - 250 usuarios 1-84,text,true,,4757,120,250,250,https://www.blazedemo.com/,324,0,0
1774386549011,332,3 - Comprar Passagem,200,OK,Teste de Carga - 250 usuarios 1-248,text,true,,6719,420,250,250,https://www.blazedemo.com/purchase.php,316,0,0
1774386549022,327,1 - Acessar Home,200,OK,Teste de Carga - 250 usuarios 1-57,text,true,,4757,120,250,250,https://www.blazedemo.com/,314,0,0
1774386549065,285,3 - Comprar Passagem,200,OK,Teste de Carga - 250 usuarios 1-245,text,true,,6719,420,250,250,https://www.blazedemo.com/purchase.php,272,0,0
1774386546307,3043,1 - Acessar Home,200,OK,Teste de Carga - 250 usuarios 1-3,text,true,,4757,120,250,250,https://www.blazedemo.com/,3031,0,0
1774386548920,431,3 - Comprar Passagem,200,OK,Teste de Carga - 250 usuarios 1-113,text,true,,6719,420,250,250,https://www.blazedemo.com/purchase.php,415,0,0
1774386548911,446,3 - Comprar Passagem,200,OK,Teste de Carga - 250 usuarios 1-106,text,true,,6719,420,250,250,https://www.blazedemo.com/purchase.php,433,0,0
1774386549078,284,3 - Comprar Passagem,200,OK,Teste de Carga - 250 usuarios 1-192,text,true,,6719,420,250,250,https://www.blazedemo.com/purchase.php,267,0,0
1774386545250,4122,3 - Comprar Passagem,200,OK,Teste de Carga - 250 usuarios 1-32,text,true,,6719,420,250,250,https://www.blazedemo.com/purchase.php,4110,0,0
1774386549096,281,2 - Escolher Voo,200,OK,Teste de Carga - 250 usuarios 1-4,text,true,,7381,250,250,250,https://www.blazedemo.com/reserve.php,261,0,0
1774386548991,390,3 - Comprar Passagem,200,OK,Teste de Carga - 250 usuarios 1-53,text,true,,6719,420,250,250,https://www.blazedemo.com/purchase.php,378,0,0
1774386545641,3740,1 - Acessar Home,200,OK,Teste de Carga - 250 usuarios 1-230,text,true,,4757,120,250,250,https://www.blazedemo.com/,3728,0,0
1774386549138,248,1 - Acessar Home,200,OK,Teste de Carga - 250 usuarios 1-118,text,true,,4757,120,250,250,https://www.blazedemo.com/,237,0,0
1774386549112,276,2 - Escolher Voo,200,OK,Teste de Carga - 250 usuarios 1-175,text,true,,7381,250,250,250,https://www.blazedemo.com/reserve.php,256,0,0
1774386548922,467,3 - Comprar Passagem,200,OK,Teste de Carga - 250 usuarios 1-164,text,true,,6719,420,250,250,https://www.blazedemo.com/purchase.php,450,0,0
1774386549092,298,3 - Comprar Passagem,200,OK,Teste de Carga - 250 usuarios 1-220,text,true,,6719,420,250,250,https://www.blazedemo.com/purchase.php,281,0,0
1774386549149,241,1 - Acessar Home,200,OK,Teste de Carga - 250 usuarios 1-117,text,true,,4757,120,250,250,https://www.blazedemo.com/,229,0,0
1774386545783,3620,1 - Acessar Home,200,OK,Teste de Carga - 250 usuarios 1-242,text,true,,4757,120,250,250,https://www.blazedemo.com/,3608,0,0
1774386549041,364,2 - Escolher Voo,200,OK,Teste de Carga - 250 usuarios 1-39,text,true,,7381,250,250,250,https://www.blazedemo.com/reserve.php,344,0,0
1774386549118,288,3 - Comprar Passagem,200,OK,Teste de Carga - 250 usuarios 1-136,text,true,,6719,420,250,250,https://www.blazedemo.com/purchase.php,275,0,0
1774386546583,2824,2 - Escolher Voo,200,OK,Teste de Carga - 250 usuarios 1-127,text,true,,7381,250,250,250,https://www.blazedemo.com/reserve.php,2803,0,0
1774386549155,259,3 - Comprar Passagem,200,OK,Teste de Carga - 250 usuarios 1-75,text,true,,6719,420,250,250,https://www.blazedemo.com/purchase.php,243,0,0
1774386549118,297,3 - Comprar Passagem,200,OK,Teste de Carga - 250 usuarios 1-228,text,true,,6719,420,250,250,https://www.blazedemo.com/purchase.php,285,0,0
1774386549102,315,3 - Comprar Passagem,200,OK,Teste de Carga - 250 usuarios 1-221,text,true,,6719,420,250,250,https://www.blazedemo.com/purchase.php,303,0,0
1774386549092,327,1 - Acessar Home,200,OK,Teste de Carga - 250 usuarios 1-143,text,true,,4757,120,250,250,https://www.blazedemo.com/,316,0,0
1774386545865,3562,3 - Comprar Passagem,200,OK,Teste de Carga - 250 usuarios 1-233,text,true,,6719,420,250,250,https://www.blazedemo.com/purchase.php,3550,0,0
1774386549195,236,1 - Acessar Home,200,OK,Teste de Carga - 250 usuarios 1-240,text,true,,4757,120,250,250,https://www.blazedemo.com/,225,0,0
1774386548994,439,1 - Acessar Home,200,OK,Teste de Carga - 250 usuarios 1-146,text,true,,4757,120,250,250,https://www.blazedemo.com/,428,0,0
1774386548424,1009,2 - Escolher Voo,200,OK,Teste de Carga - 250 usuarios 1-219,text,true,,7381,250,250,250,https://www.blazedemo.com/reserve.php,990,0,0
1774386548836,604,3 - Comprar Passagem,200,OK,Teste de Carga - 250 usuarios 1-48,text,true,,6719,420,250,250,https://www.blazedemo.com/purchase.php,589,0,0
1774386549149,292,1 - Acessar Home,200,OK,Teste de Carga - 250 usuarios 1-120,text,true,,4757,120,250,250,https://www.blazedemo.com/,279,0,0
1774386549169,273,2 - Escolher Voo,200,OK,Teste de Carga - 250 usuarios 1-171,text,true,,7381,250,250,250,https://www.blazedemo.com/reserve.php,252,0,0
1774386549168,275,3 - Comprar Passagem,200,OK,Teste de Carga - 250 usuarios 1-102,text,true,,6719,420,250,250,https://www.blazedemo.com/purchase.php,263,0,0
1774386549139,306,2 - Escolher Voo,200,OK,Teste de Carga - 250 usuarios 1-66,text,true,,7381,250,250,250,https://www.blazedemo.com/reserve.php,286,0,0
1774386549144,312,3 - Comprar Passagem,200,OK,Teste de Carga - 250 usuarios 1-78,text,true,,6719,420,250,250,https://www.blazedemo.com/purchase.php,300,0,0
1774386549194,263,3 - Comprar Passagem,200,OK,Teste de Carga - 250 usuarios 1-90,text,true,,6719,420,250,250,https://www.blazedemo.com/purchase.php,250,0,0
1774386549030,428,3 - Comprar Passagem,200,OK,Teste de Carga - 250 usuarios 1-165,text,true,,6719,420,250,250,https://www.blazedemo.com/purchase.php,415,0,0
1774386549185,273,2 - Escolher Voo,200,OK,Teste de Carga - 250 usuarios 1-79,text,true,,7381,250,250,250,https://www.blazedemo.com/reserve.php,252,0,0
1774386549129,334,1 - Acessar Home,200,OK,Teste de Carga - 250 usuarios 1-214,text,true,,4757,120,250,250,https://www.blazedemo.com/,322,0,0
1774386549098,374,1 - Acessar Home,200,OK,Teste de Carga - 250 usuarios 1-142,text,true,,4757,120,250,250,https://www.blazedemo.com/,363,0,0
1774386546875,2598,2 - Escolher Voo,200,OK,Teste de Carga - 250 usuarios 1-25,text,true,,7381,250,250,250,https://www.blazedemo.com/reserve.php,2576,0,0
1774386549151,323,3 - Comprar Passagem,200,OK,Teste de Carga - 250 usuarios 1-185,text,true,,6719,420,250,250,https://www.blazedemo.com/purchase.php,311,0,0
1774386549112,363,1 - Acessar Home,200,OK,Teste de Carga - 250 usuarios 1-216,text,true,,4757,120,250,250,https://www.blazedemo.com/,352,0,0
1774386549219,258,1 - Acessar Home,200,OK,Teste de Carga - 250 usuarios 1-243,text,true,,4757,120,250,250,https://www.blazedemo.com/,245,0,0
1774386549189,294,1 - Acessar Home,200,OK,Teste de Carga - 250 usuarios 1-40,text,true,,4757,120,250,250,https://www.blazedemo.com/,282,0,0
1774386548838,645,1 - Acessar Home,200,OK,Teste de Carga - 250 usuarios 1-177,text,true,,4757,120,250,250,https://www.blazedemo.com/,633,0,0
1774386549215,270,1 - Acessar Home,200,OK,Teste de Carga - 250 usuarios 1-170,text,true,,4757,120,250,250,https://www.blazedemo.com/,259,0,0
1774386545402,4083,3 - Comprar Passagem,200,OK,Teste de Carga - 250 usuarios 1-239,text,true,,6719,420,250,250,https://www.blazedemo.com/purchase.php,4067,0,0
1774386549189,300,3 - Comprar Passagem,200,OK,Teste de Carga - 250 usuarios 1-132,text,true,,6719,420,250,250,https://www.blazedemo.com/purchase.php,288,0,0
1774386549150,342,2 - Escolher Voo,200,OK,Teste de Carga - 250 usuarios 1-215,text,true,,7381,250,250,250,https://www.blazedemo.com/reserve.php,321,0,0
1774386549167,325,1 - Acessar Home,200,OK,Teste de Carga - 250 usuarios 1-135,text,true,,4757,120,250,250,https://www.blazedemo.com/,313,0,0
1774386549014,482,2 - Escolher Voo,200,OK,Teste de Carga - 250 usuarios 1-204,text,true,,7381,250,250,250,https://www.blazedemo.com/reserve.php,461,0,0
1774386545780,3716,2 - Escolher Voo,200,OK,Teste de Carga - 250 usuarios 1-235,text,true,,7381,250,250,250,https://www.blazedemo.com/reserve.php,3695,0,0
1774386549240,258,2 - Escolher Voo,200,OK,Teste de Carga - 250 usuarios 1-82,text,true,,7381,250,250,250,https://www.blazedemo.com/reserve.php,238,0,0
1774386545910,3589,2 - Escolher Voo,200,OK,Teste de Carga - 250 usuarios 1-22,text,true,,7381,250,250,250,https://www.blazedemo.com/reserve.php,3568,0,0
1774386549254,255,2 - Escolher Voo,200,OK,Teste de Carga - 250 usuarios 1-246,text,true,,7381,250,250,250,https://www.blazedemo.com/reserve.php,235,0,0
1774386545855,3658,2 - Escolher Voo,200,OK,Teste de Carga - 250 usuarios 1-201,text,true,,7381,250,250,250,https://www.blazedemo.com/reserve.php,3638,0,0
1774386549143,372,1 - Acessar Home,200,OK,Teste de Carga - 250 usuarios 1-122,text,true,,4757,120,250,250,https://www.blazedemo.com/,360,0,0
1774386546182,3339,1 - Acessar Home,200,OK,Teste de Carga - 250 usuarios 1-89,text,true,,4757,120,250,250,https://www.blazedemo.com/,3328,0,0
1774386549225,304,1 - Acessar Home,200,OK,Teste de Carga - 250 usuarios 1-50,text,true,,4757,120,250,250,https://www.blazedemo.com/,292,0,0
1774386548504,1026,1 - Acessar Home,200,OK,Teste de Carga - 250 usuarios 1-232,text,true,,4757,120,250,250,https://www.blazedemo.com/,1014,0,0
1774386549211,323,1 - Acessar Home,200,OK,Teste de Carga - 250 usuarios 1-155,text,true,,4757,120,250,250,https://www.blazedemo.com/,310,0,0
1774386549221,313,2 - Escolher Voo,200,OK,Teste de Carga - 250 usuarios 1-174,text,true,,7381,250,250,250,https://www.blazedemo.com/reserve.php,273,0,0
1774386549277,262,2 - Escolher Voo,200,OK,Teste de Carga - 250 usuarios 1-45,text,true,,7381,250,250,250,https://www.blazedemo.com/reserve.php,240,0,0
1774386546967,2573,3 - Comprar Passagem,200,OK,Teste de Carga - 250 usuarios 1-209,text,true,,6719,420,250,250,https://www.blazedemo.com/purchase.php,2560,0,0
1774386549199,344,2 - Escolher Voo,200,OK,Teste de Carga - 250 usuarios 1-81,text,true,,7381,250,250,250,https://www.blazedemo.com/reserve.php,325,0,0
1774386549268,277,2 - Escolher Voo,200,OK,Teste de Carga - 250 usuarios 1-80,text,true,,7381,250,250,250,https://www.blazedemo.com/reserve.php,256,0,0
1774386549290,259,1 - Acessar Home,200,OK,Teste de Carga - 250 usuarios 1-19,text,true,,4757,120,250,250,https://www.blazedemo.com/,246,0,0
1774386549082,477,3 - Comprar Passagem,200,OK,Teste de Carga - 250 usuarios 1-139,text,true,,6719,420,250,250,https://www.blazedemo.com/purchase.php,465,0,0
1774386549210,351,2 - Escolher Voo,200,OK,Teste de Carga - 250 usuarios 1-97,text,true,,7381,250,250,250,https://www.blazedemo.com/reserve.php,330,0,0
1774386549304,267,3 - Comprar Passagem,200,OK,Teste de Carga - 250 usuarios 1-149,text,true,,6719,420,250,250,https://www.blazedemo.com/purchase.php,255,0,0
1774386548587,988,1 - Acessar Home,200,OK,Teste de Carga - 250 usuarios 1-100,text,true,,4757,120,250,250,https://www.blazedemo.com/,974,0,0
1774386549289,286,3 - Comprar Passagem,200,OK,Teste de Carga - 250 usuarios 1-145,text,true,,6719,420,250,250,https://www.blazedemo.com/purchase.php,277,0,0
1774386549290,285,2 - Escolher Voo,200,OK,Teste de Carga - 250 usuarios 1-49,text,true,,7381,250,250,250,https://www.blazedemo.com/reserve.php,266,0,0
1774386549314,264,3 - Comprar Passagem,200,OK,Teste de Carga - 250 usuarios 1-193,text,true,,6719,420,250,250,https://www.blazedemo.com/purchase.php,252,0,0
1774386549324,262,2 - Escolher Voo,200,OK,Teste de Carga - 250 usuarios 1-56,text,true,,7381,250,250,250,https://www.blazedemo.com/reserve.php,241,0,0
1774386549324,263,1 - Acessar Home,200,OK,Teste de Carga - 250 usuarios 1-93,text,true,,4757,120,250,250,https://www.blazedemo.com/,251,0,0
1774386549288,300,2 - Escolher Voo,200,OK,Teste de Carga - 250 usuarios 1-10,text,true,,7381,250,250,250,https://www.blazedemo.com/reserve.php,279,0,0
1774386549032,560,2 - Escolher Voo,200,OK,Teste de Carga - 250 usuarios 1-194,text,true,,7381,250,250,250,https://www.blazedemo.com/reserve.php,539,0,0
1774386549314,282,2 - Escolher Voo,200,OK,Teste de Carga - 250 usuarios 1-225,text,true,,7381,250,250,250,https://www.blazedemo.com/reserve.php,269,0,0
1774386546987,2613,2 - Escolher Voo,200,OK,Teste de Carga - 250 usuarios 1-112,text,true,,7381,250,250,250,https://www.blazedemo.com/reserve.php,2592,0,0
1774386549329,276,2 - Escolher Voo,200,OK,Teste de Carga - 250 usuarios 1-108,text,true,,7381,250,250,250,https://www.blazedemo.com/reserve.php,255,0,0
1774386549270,342,3 - Comprar Passagem,200,OK,Teste de Carga - 250 usuarios 1-133,text,true,,6719,420,250,250,https://www.blazedemo.com/purchase.php,330,0,0
1774386549227,386,2 - Escolher Voo,200,OK,Teste de Carga - 250 usuarios 1-202,text,true,,7381,250,250,250,https://www.blazedemo.com/reserve.php,366,0,0
1774386549253,362,1 - Acessar Home,200,OK,Teste de Carga - 250 usuarios 1-249,text,true,,4757,120,250,250,https://www.blazedemo.com/,351,0,0
1774386545413,4204,2 - Escolher Voo,200,OK,Teste de Carga - 250 usuarios 1-152,text,true,,7381,250,250,250,https://www.blazedemo.com/reserve.php,4184,0,0
1774386545859,3761,3 - Comprar Passagem,200,OK,Teste de Carga - 250 usuarios 1-237,text,true,,6719,420,250,250,https://www.blazedemo.com/purchase.php,3749,0,0
1774386546167,3455,3 - Comprar Passagem,200,OK,Teste de Carga - 250 usuarios 1-208,text,true,,6719,420,250,250,https://www.blazedemo.com/purchase.php,3443,0,0
1774386549322,301,3 - Comprar Passagem,200,OK,Teste de Carga - 250 usuarios 1-2,text,true,,6719,420,250,250,https://www.blazedemo.com/purchase.php,289,0,0
1774386549319,313,3 - Comprar Passagem,200,OK,Teste de Carga - 250 usuarios 1-187,text,true,,6719,420,250,250,https://www.blazedemo.com/purchase.php,300,0,0
1774386549331,302,2 - Escolher Voo,200,OK,Teste de Carga - 250 usuarios 1-71,text,true,,7381,250,250,250,https://www.blazedemo.com/reserve.php,282,0,0
1774386549308,326,2 - Escolher Voo,200,OK,Teste de Carga - 250 usuarios 1-247,text,true,,7381,250,250,250,https://www.blazedemo.com/reserve.php,305,0,0
1774386549277,365,1 - Acessar Home,200,OK,Teste de Carga - 250 usuarios 1-52,text,true,,4757,120,250,250,https://www.blazedemo.com/,354,0,0
1774386548578,1073,2 - Escolher Voo,200,OK,Teste de Carga - 250 usuarios 1-36,text,true,,7381,250,250,250,https://www.blazedemo.com/reserve.php,1053,0,0
1774386546991,2662,2 - Escolher Voo,200,OK,Teste de Carga - 250 usuarios 1-121,text,true,,7381,250,250,250,https://www.blazedemo.com/reserve.php,2641,0,0
1774386549253,402,1 - Acessar Home,200,OK,Teste de Carga - 250 usuarios 1-238,text,true,,4757,120,250,250,https://www.blazedemo.com/,389,0,0
1774386546392,3263,2 - Escolher Voo,200,OK,Teste de Carga - 250 usuarios 1-24,text,true,,7381,250,250,250,https://www.blazedemo.com/reserve.php,3243,0,0
1774386546160,3500,3 - Comprar Passagem,200,OK,Teste de Carga - 250 usuarios 1-199,text,true,,6719,420,250,250,https://www.blazedemo.com/purchase.php,3488,0,0
1774386545449,4211,1 - Acessar Home,200,OK,Teste de Carga - 250 usuarios 1-27,text,true,,4757,120,250,250,https://www.blazedemo.com/,4199,0,0
1774386549324,338,3 - Comprar Passagem,200,OK,Teste de Carga - 250 usuarios 1-234,text,true,,6719,420,250,250,https://www.blazedemo.com/purchase.php,326,0,0
1774386549350,313,1 - Acessar Home,200,OK,Teste de Carga - 250 usuarios 1-245,text,true,,4757,120,250,250,https://www.blazedemo.com/,301,0,0
1774386549357,308,1 - Acessar Home,200,OK,Teste de Carga - 250 usuarios 1-106,text,true,,4757,120,250,250,https://www.blazedemo.com/,297,0,0
1774386549431,234,2 - Escolher Voo,200,OK,Teste de Carga - 250 usuarios 1-240,text,true,,7381,250,250,250,https://www.blazedemo.com/reserve.php,217,0,0
1774386549403,262,2 - Escolher Voo,200,OK,Teste de Carga - 250 usuarios 1-242,text,true,,7381,250,250,250,https://www.blazedemo.com/reserve.php,245,0,0
1774386549043,626,1 - Acessar Home,200,OK,Teste de Carga - 250 usuarios 1-95,text,true,,4757,120,250,250,https://www.blazedemo.com/,614,0,0
1774386549352,318,1 - Acessar Home,200,OK,Teste de Carga - 250 usuarios 1-113,text,true,,4757,120,250,250,https://www.blazedemo.com/,306,0,0
1774386549322,348,3 - Comprar Passagem,200,OK,Teste de Carga - 250 usuarios 1-210,text,true,,6719,420,250,250,https://www.blazedemo.com/purchase.php,331,0,0
1774386549414,258,1 - Acessar Home,200,OK,Teste de Carga - 250 usuarios 1-75,text,true,,4757,120,250,250,https://www.blazedemo.com/,244,0,0
1774386549377,296,3 - Comprar Passagem,200,OK,Teste de Carga - 250 usuarios 1-4,text,true,,6719,420,250,250,https://www.blazedemo.com/purchase.php,284,0,0
1774386548609,1064,1 - Acessar Home,200,OK,Teste de Carga - 250 usuarios 1-123,text,true,,4757,120,250,250,https://www.blazedemo.com/,973,0,0
1774386549255,421,2 - Escolher Voo,200,OK,Teste de Carga - 250 usuarios 1-169,text,true,,7381,250,250,250,https://www.blazedemo.com/reserve.php,406,0,0
1774386546278,3402,3 - Comprar Passagem,200,OK,Teste de Carga - 250 usuarios 1-163,text,true,,6719,420,250,250,https://www.blazedemo.com/purchase.php,3392,0,0
1774386548595,1086,1 - Acessar Home,200,OK,Teste de Carga - 250 usuarios 1-130,text,true,,4757,120,250,250,https://www.blazedemo.com/,1074,0,0
1774386549441,249,2 - Escolher Voo,200,OK,Teste de Carga - 250 usuarios 1-120,text,true,,7381,250,250,250,https://www.blazedemo.com/reserve.php,226,0,0
1774386549227,465,2 - Escolher Voo,200,OK,Teste de Carga - 250 usuarios 1-64,text,true,,7381,250,250,250,https://www.blazedemo.com/reserve.php,444,0,0
1774386546386,3307,3 - Comprar Passagem,200,OK,Teste de Carga - 250 usuarios 1-218,text,true,,6719,420,250,250,https://www.blazedemo.com/purchase.php,3295,0,0
1774386549349,345,2 - Escolher Voo,200,OK,Teste de Carga - 250 usuarios 1-57,text,true,,7381,250,250,250,https://www.blazedemo.com/reserve.php,324,0,0
1774386549442,260,3 - Comprar Passagem,200,OK,Teste de Carga - 250 usuarios 1-171,text,true,,6719,420,250,250,https://www.blazedemo.com/purchase.php,248,0,0
1774386549419,289,2 - Escolher Voo,200,OK,Teste de Carga - 250 usuarios 1-143,text,true,,7381,250,250,250,https://www.blazedemo.com/reserve.php,268,0,0
1774386547125,2583,1 - Acessar Home,200,OK,Teste de Carga - 250 usuarios 1-69,text,true,,4757,120,250,250,https://www.blazedemo.com/,2571,0,0
1774386549390,325,1 - Acessar Home,200,OK,Teste de Carga - 250 usuarios 1-220,text,true,,4757,120,250,250,https://www.blazedemo.com/,313,0,0
1774386549350,368,2 - Escolher Voo,200,OK,Teste de Carga - 250 usuarios 1-3,text,true,,7381,250,250,250,https://www.blazedemo.com/reserve.php,348,0,0
1774386549458,262,1 - Acessar Home,200,OK,Teste de Carga - 250 usuarios 1-165,text,true,,4757,120,250,250,https://www.blazedemo.com/,250,0,0
1774386549240,488,2 - Escolher Voo,200,OK,Teste de Carga - 250 usuarios 1-141,text,true,,7381,250,250,250,https://www.blazedemo.com/reserve.php,473,0,0
1774386549483,256,2 - Escolher Voo,200,OK,Teste de Carga - 250 usuarios 1-40,text,true,,7381,250,250,250,https://www.blazedemo.com/reserve.php,235,0,0
1774386549487,252,1 - Acessar Home,200,OK,Teste de Carga - 250 usuarios 1-239,text,true,,4757,120,250,250,https://www.blazedemo.com/,240,0,0
1774386545657,4088,2 - Escolher Voo,200,OK,Teste de Carga - 250 usuarios 1-110,text,true,,7381,250,250,250,https://www.blazedemo.com/reserve.php,4071,0,0
1774386549416,331,1 - Acessar Home,200,OK,Teste de Carga - 250 usuarios 1-228,text,true,,4757,120,250,250,https://www.blazedemo.com/,318,0,0
1774386549458,289,3 - Comprar Passagem,200,OK,Teste de Carga - 250 usuarios 1-79,text,true,,6719,420,250,250,https://www.blazedemo.com/purchase.php,276,0,0
1774386547163,2588,1 - Acessar Home,200,OK,Teste de Carga - 250 usuarios 1-87,text,true,,4757,120,250,250,https://www.blazedemo.com/,2576,0,0
1774386549253,501,2 - Escolher Voo,200,OK,Teste de Carga - 250 usuarios 1-88,text,true,,7381,250,250,250,https://www.blazedemo.com/reserve.php,480,0,0
1774386549417,338,1 - Acessar Home,200,OK,Teste de Carga - 250 usuarios 1-221,text,true,,4757,120,250,250,https://www.blazedemo.com/,326,0,0
1774386549388,369,3 - Comprar Passagem,200,OK,Teste de Carga - 250 usuarios 1-175,text,true,,6719,420,250,250,https://www.blazedemo.com/purchase.php,355,0,0
1774386549440,318,1 - Acessar Home,200,OK,Teste de Carga - 250 usuarios 1-48,text,true,,4757,120,250,250,https://www.blazedemo.com/,306,0,0
1774386549477,283,2 - Escolher Voo,200,OK,Teste de Carga - 250 usuarios 1-243,text,true,,7381,250,250,250,https://www.blazedemo.com/reserve.php,263,0,0
1774386548905,856,1 - Acessar Home,200,OK,Teste de Carga - 250 usuarios 1-144,text,true,,4757,120,250,250,https://www.blazedemo.com/,845,0,0
1774386549427,337,1 - Acessar Home,200,OK,Teste de Carga - 250 usuarios 1-233,text,true,,4757,120,250,250,https://www.blazedemo.com/,327,0,0
1774386549298,469,2 - Escolher Voo,200,OK,Teste de Carga - 250 usuarios 1-173,text,true,,7381,250,250,250,https://www.blazedemo.com/reserve.php,448,0,0
1774386549498,273,3 - Comprar Passagem,200,OK,Teste de Carga - 250 usuarios 1-82,text,true,,6719,420,250,250,https://www.blazedemo.com/purchase.php,261,0,0
1774386549169,606,2 - Escolher Voo,200,OK,Teste de Carga - 250 usuarios 1-162,text,true,,7381,250,250,250,https://www.blazedemo.com/reserve.php,589,0,0
1774386549381,400,2 - Escolher Voo,200,OK,Teste de Carga - 250 usuarios 1-230,text,true,,7381,250,250,250,https://www.blazedemo.com/reserve.php,383,0,0
1774386549433,350,3 - Comprar Passagem,200,OK,Teste de Carga - 250 usuarios 1-219,text,true,,6719,420,250,250,https://www.blazedemo.com/purchase.php,338,0,0
1774386549473,312,2 - Escolher Voo,200,OK,Teste de Carga - 250 usuarios 1-142,text,true,,7381,250,250,250,https://www.blazedemo.com/reserve.php,292,0,0
1774386546397,3399,1 - Acessar Home,200,OK,Teste de Carga - 250 usuarios 1-178,text,true,,4757,120,250,250,https://www.blazedemo.com/,3389,0,0
1774386548906,890,3 - Comprar Passagem,200,OK,Teste de Carga - 250 usuarios 1-1,text,true,,6719,420,250,250,https://www.blazedemo.com/purchase.php,874,0,0
1774386549457,341,1 - Acessar Home,200,OK,Teste de Carga - 250 usuarios 1-90,text,true,,4757,120,250,250,https://www.blazedemo.com/,329,0,0
1774386549473,327,3 - Comprar Passagem,200,OK,Teste de Carga - 250 usuarios 1-25,text,true,,6719,420,250,250,https://www.blazedemo.com/purchase.php,316,0,0
1774386549509,292,3 - Comprar Passagem,200,OK,Teste de Carga - 250 usuarios 1-246,text,true,,6719,420,250,250,https://www.blazedemo.com/purchase.php,280,0,0
1774386549373,428,1 - Acessar Home,200,OK,Teste de Carga - 250 usuarios 1-32,text,true,,4757,120,250,250,https://www.blazedemo.com/,416,0,0
1774386549475,331,2 - Escolher Voo,200,OK,Teste de Carga - 250 usuarios 1-216,text,true,,7381,250,250,250,https://www.blazedemo.com/reserve.php,311,0,0
1774386546423,3388,2 - Escolher Voo,200,OK,Teste de Carga - 250 usuarios 1-189,text,true,,7381,250,250,250,https://www.blazedemo.com/reserve.php,3369,0,0
1774386545686,4131,3 - Comprar Passagem,200,OK,Teste de Carga - 250 usuarios 1-119,text,true,,6719,420,250,250,https://www.blazedemo.com/purchase.php,4118,0,0
1774386549530,288,2 - Escolher Voo,200,OK,Teste de Carga - 250 usuarios 1-232,text,true,,7381,250,250,250,https://www.blazedemo.com/reserve.php,268,0,0
1774386549433,388,2 - Escolher Voo,200,OK,Teste de Carga - 250 usuarios 1-146,text,true,,7381,250,250,250,https://www.blazedemo.com/reserve.php,367,0,0
1774386549592,229,3 - Comprar Passagem,200,OK,Teste de Carga - 250 usuarios 1-194,text,true,,6719,420,250,250,https://www.blazedemo.com/purchase.php,217,0,0
1774386549463,364,2 - Escolher Voo,200,OK,Teste de Carga - 250 usuarios 1-214,text,true,,7381,250,250,250,https://www.blazedemo.com/reserve.php,343,0,0
1774386547213,2614,3 - Comprar Passagem,200,OK,Teste de Carga - 250 usuarios 1-114,text,true,,6719,420,250,250,https://www.blazedemo.com/purchase.php,2598,0,0
1774386549571,264,1 - Acessar Home,200,OK,Teste de Carga - 250 usuarios 1-149,text,true,,4757,120,250,250,https://www.blazedemo.com/,252,0,0
1774386546464,3374,1 - Acessar Home,200,OK,Teste de Carga - 250 usuarios 1-124,text,true,,4757,120,250,250,https://www.blazedemo.com/,3360,0,0
1774386549513,329,3 - Comprar Passagem,200,OK,Teste de Carga - 250 usuarios 1-201,text,true,,6719,420,250,250,https://www.blazedemo.com/purchase.php,313,0,0
1774386549540,304,1 - Acessar Home,200,OK,Teste de Carga - 250 usuarios 1-209,text,true,,4757,120,250,250,https://www.blazedemo.com/,292,0,0
1774386549339,513,2 - Escolher Voo,200,OK,Teste de Carga - 250 usuarios 1-107,text,true,,7381,250,250,250,https://www.blazedemo.com/reserve.php,496,0,0
1774386545714,4143,1 - Acessar Home,200,OK,Teste de Carga - 250 usuarios 1-198,text,true,,4757,120,250,250,https://www.blazedemo.com/,4131,0,0
1774386546464,3396,3 - Comprar Passagem,200,OK,Teste de Carga - 250 usuarios 1-12,text,true,,6719,420,250,250,https://www.blazedemo.com/purchase.php,3380,0,0
1774386546515,3353,1 - Acessar Home,200,OK,Teste de Carga - 250 usuarios 1-11,text,true,,4757,120,250,250,https://www.blazedemo.com/,3341,0,0
1774386549198,675,3 - Comprar Passagem,200,OK,Teste de Carga - 250 usuarios 1-85,text,true,,6719,420,250,250,https://www.blazedemo.com/purchase.php,663,0,0
1774386547442,2433,3 - Comprar Passagem,200,OK,Teste de Carga - 250 usuarios 1-241,text,true,,6719,420,250,250,https://www.blazedemo.com/purchase.php,2416,0,0
1774386549496,382,3 - Comprar Passagem,200,OK,Teste de Carga - 250 usuarios 1-204,text,true,,6719,420,250,250,https://www.blazedemo.com/purchase.php,370,0,0
1774386549615,263,2 - Escolher Voo,200,OK,Teste de Carga - 250 usuarios 1-249,text,true,,7381,250,250,250,https://www.blazedemo.com/reserve.php,243,0,0
1774386549549,332,2 - Escolher Voo,200,OK,Teste de Carga - 250 usuarios 1-19,text,true,,7381,250,250,250,https://www.blazedemo.com/reserve.php,311,0,0
1774386549515,370,2 - Escolher Voo,200,OK,Teste de Carga - 250 usuarios 1-122,text,true,,7381,250,250,250,https://www.blazedemo.com/reserve.php,350,0,0
1774386549474,413,1 - Acessar Home,200,OK,Teste de Carga - 250 usuarios 1-185,text,true,,4757,120,250,250,https://www.blazedemo.com/,402,0,0
1774386549443,446,1 - Acessar Home,200,OK,Teste de Carga - 250 usuarios 1-102,text,true,,4757,120,250,250,https://www.blazedemo.com/,438,0,0
1774386549122,770,1 - Acessar Home,200,OK,Teste de Carga - 250 usuarios 1-18,text,true,,4757,120,250,250,https://www.blazedemo.com/,758,0,0
1774386549613,283,3 - Comprar Passagem,200,OK,Teste de Carga - 250 usuarios 1-202,text,true,,6719,420,250,250,https://www.blazedemo.com/purchase.php,271,0,0
1774386549600,297,3 - Comprar Passagem,200,OK,Teste de Carga - 250 usuarios 1-112,text,true,,6719,420,250,250,https://www.blazedemo.com/purchase.php,285,0,0
1774386549492,408,3 - Comprar Passagem,200,OK,Teste de Carga - 250 usuarios 1-215,text,true,,6719,420,250,250,https://www.blazedemo.com/purchase.php,395,0,0
1774386546555,3345,2 - Escolher Voo,200,OK,Teste de Carga - 250 usuarios 1-168,text,true,,7381,250,250,250,https://www.blazedemo.com/reserve.php,3325,0,0
1774386549596,308,3 - Comprar Passagem,200,OK,Teste de Carga - 250 usuarios 1-225,text,true,,6719,420,250,250,https://www.blazedemo.com/purchase.php,296,0,0
1774386549635,276,3 - Comprar Passagem,200,OK,Teste de Carga - 250 usuarios 1-247,text,true,,6719,420,250,250,https://www.blazedemo.com/purchase.php,265,0,0
1774386549662,250,1 - Acessar Home,200,OK,Teste de Carga - 250 usuarios 1-234,text,true,,4757,120,250,250,https://www.blazedemo.com/,238,0,0
1774386549207,705,3 - Comprar Passagem,200,OK,Teste de Carga - 250 usuarios 1-60,text,true,,6719,420,250,250,https://www.blazedemo.com/purchase.php,693,0,0
1774386549575,341,1 - Acessar Home,200,OK,Teste de Carga - 250 usuarios 1-145,text,true,,4757,120,250,250,https://www.blazedemo.com/,329,0,0
1774386549545,373,3 - Comprar Passagem,200,OK,Teste de Carga - 250 usuarios 1-80,text,true,,6719,420,250,250,https://www.blazedemo.com/purchase.php,361,0,0
1774386549575,346,2 - Escolher Voo,200,OK,Teste de Carga - 250 usuarios 1-100,text,true,,7381,250,250,250,https://www.blazedemo.com/reserve.php,330,0,0
1774386549588,346,3 - Comprar Passagem,200,OK,Teste de Carga - 250 usuarios 1-10,text,true,,6719,420,250,250,https://www.blazedemo.com/purchase.php,333,0,0
1774386549575,374,3 - Comprar Passagem,200,OK,Teste de Carga - 250 usuarios 1-49,text,true,,6719,420,250,250,https://www.blazedemo.com/purchase.php,359,0,0
1774386549642,309,2 - Escolher Voo,200,OK,Teste de Carga - 250 usuarios 1-52,text,true,,7381,250,250,250,https://www.blazedemo.com/reserve.php,289,0,0
1774386547531,2425,1 - Acessar Home,200,OK,Teste de Carga - 250 usuarios 1-186,text,true,,4757,120,250,250,https://www.blazedemo.com/,2414,0,0
1774386549534,424,2 - Escolher Voo,200,OK,Teste de Carga - 250 usuarios 1-155,text,true,,7381,250,250,250,https://www.blazedemo.com/reserve.php,404,0,0
1774386549485,473,2 - Escolher Voo,200,OK,Teste de Carga - 250 usuarios 1-170,text,true,,7381,250,250,250,https://www.blazedemo.com/reserve.php,453,0,0
1774386549692,267,3 - Comprar Passagem,200,OK,Teste de Carga - 250 usuarios 1-64,text,true,,6719,420,250,250,https://www.blazedemo.com/purchase.php,254,0,0
1774386549405,555,3 - Comprar Passagem,200,OK,Teste de Carga - 250 usuarios 1-39,text,true,,6719,420,250,250,https://www.blazedemo.com/purchase.php,543,0,0
1774386549715,248,2 - Escolher Voo,200,OK,Teste de Carga - 250 usuarios 1-220,text,true,,7381,250,250,250,https://www.blazedemo.com/reserve.php,229,0,0
1774386549612,352,1 - Acessar Home,200,OK,Teste de Carga - 250 usuarios 1-133,text,true,,4757,120,250,250,https://www.blazedemo.com/,338,0,0
1774386549655,327,3 - Comprar Passagem,200,OK,Teste de Carga - 250 usuarios 1-24,text,true,,6719,420,250,250,https://www.blazedemo.com/purchase.php,315,0,0
1774386549623,360,1 - Acessar Home,200,OK,Teste de Carga - 250 usuarios 1-2,text,true,,4757,120,250,250,https://www.blazedemo.com/,348,0,0
1774386549660,324,1 - Acessar Home,200,OK,Teste de Carga - 250 usuarios 1-199,text,true,,4757,120,250,250,https://www.blazedemo.com/,312,0,0
1774386549690,294,3 - Comprar Passagem,200,OK,Teste de Carga - 250 usuarios 1-120,text,true,,6719,420,250,250,https://www.blazedemo.com/purchase.php,282,0,0
1774386547531,2455,3 - Comprar Passagem,200,OK,Teste de Carga - 250 usuarios 1-7,text,true,,6719,420,250,250,https://www.blazedemo.com/purchase.php,2439,0,0
1774386546533,3455,3 - Comprar Passagem,200,OK,Teste de Carga - 250 usuarios 1-211,text,true,,6719,420,250,250,https://www.blazedemo.com/purchase.php,3442,0,0
1774386545844,4145,2 - Escolher Voo,200,OK,Teste de Carga - 250 usuarios 1-131,text,true,,7381,250,250,250,https://www.blazedemo.com/reserve.php,4125,0,0
1774386549341,654,2 - Escolher Voo,200,OK,Teste de Carga - 250 usuarios 1-84,text,true,,7381,250,250,250,https://www.blazedemo.com/reserve.php,633,0,0
1774386549324,672,1 - Acessar Home,200,OK,Teste de Carga - 250 usuarios 1-29,text,true,,4757,120,250,250,https://www.blazedemo.com/,665,0,0
1774386549492,507,2 - Escolher Voo,200,OK,Teste de Carga - 250 usuarios 1-135,text,true,,7381,250,250,250,https://www.blazedemo.com/reserve.php,486,0,0
1774386549663,336,2 - Escolher Voo,200,OK,Teste de Carga - 250 usuarios 1-245,text,true,,7381,250,250,250,https://www.blazedemo.com/reserve.php,318,0,0
1774386546060,3941,2 - Escolher Voo,200,OK,Teste de Carga - 250 usuarios 1-6,text,true,,7381,250,250,250,https://www.blazedemo.com/reserve.php,3921,0,0
1774386549561,444,3 - Comprar Passagem,200,OK,Teste de Carga - 250 usuarios 1-97,text,true,,6719,420,250,250,https://www.blazedemo.com/purchase.php,432,0,0
1774386549665,343,3 - Comprar Passagem,200,OK,Teste de Carga - 250 usuarios 1-240,text,true,,6719,420,250,250,https://www.blazedemo.com/purchase.php,326,0,0
1774386549676,332,3 - Comprar Passagem,200,OK,Teste de Carga - 250 usuarios 1-169,text,true,,6719,420,250,250,https://www.blazedemo.com/purchase.php,320,0,0
1774386549386,631,2 - Escolher Voo,200,OK,Teste de Carga - 250 usuarios 1-118,text,true,,7381,250,250,250,https://www.blazedemo.com/reserve.php,614,0,0
1774386549669,348,2 - Escolher Voo,200,OK,Teste de Carga - 250 usuarios 1-95,text,true,,7381,250,250,250,https://www.blazedemo.com/reserve.php,327,0,0
1774386546593,3433,2 - Escolher Voo,200,OK,Teste de Carga - 250 usuarios 1-55,text,true,,7381,250,250,250,https://www.blazedemo.com/reserve.php,3412,0,0
1774386549539,489,3 - Comprar Passagem,200,OK,Teste de Carga - 250 usuarios 1-45,text,true,,6719,420,250,250,https://www.blazedemo.com/purchase.php,478,0,0
1774386549708,321,3 - Comprar Passagem,200,OK,Teste de Carga - 250 usuarios 1-143,text,true,,6719,420,250,250,https://www.blazedemo.com/purchase.php,310,0,0
1774386549751,279,2 - Escolher Voo,200,OK,Teste de Carga - 250 usuarios 1-87,text,true,,7381,250,250,250,https://www.blazedemo.com/reserve.php,259,0,0
1774386549681,350,2 - Escolher Voo,200,OK,Teste de Carga - 250 usuarios 1-130,text,true,,7381,250,250,250,https://www.blazedemo.com/reserve.php,330,0,0
1774386549665,368,3 - Comprar Passagem,200,OK,Teste de Carga - 250 usuarios 1-242,text,true,,6719,420,250,250,https://www.blazedemo.com/purchase.php,354,0,0
1774386546619,3421,1 - Acessar Home,200,OK,Teste de Carga - 250 usuarios 1-30,text,true,,4757,120,250,250,https://www.blazedemo.com/,3409,0,0
1774386549655,386,2 - Escolher Voo,200,OK,Teste de Carga - 250 usuarios 1-238,text,true,,7381,250,250,250,https://www.blazedemo.com/reserve.php,366,0,0
1774386549694,352,3 - Comprar Passagem,200,OK,Teste de Carga - 250 usuarios 1-57,text,true,,6719,420,250,250,https://www.blazedemo.com/purchase.php,340,0,0
1774386546552,3494,1 - Acessar Home,200,OK,Teste de Carga - 250 usuarios 1-167,text,true,,4757,120,250,250,https://www.blazedemo.com/,3483,0,0
1774386549781,266,3 - Comprar Passagem,200,OK,Teste de Carga - 250 usuarios 1-230,text,true,,6719,420,250,250,https://www.blazedemo.com/purchase.php,254,0,0
1774386549543,511,3 - Comprar Passagem,200,OK,Teste de Carga - 250 usuarios 1-81,text,true,,6719,420,250,250,https://www.blazedemo.com/purchase.php,499,0,0
1774386549775,288,3 - Comprar Passagem,200,OK,Teste de Carga - 250 usuarios 1-162,text,true,,6719,420,250,250,https://www.blazedemo.com/purchase.php,276,0,0
1774386549672,392,2 - Escolher Voo,200,OK,Teste de Carga - 250 usuarios 1-75,text,true,,7381,250,250,250,https://www.blazedemo.com/reserve.php,375,0,0
1774386549245,820,3 - Comprar Passagem,200,OK,Teste de Carga - 250 usuarios 1-200,text,true,,6719,420,250,250,https://www.blazedemo.com/purchase.php,807,0,0
1774386549406,660,1 - Acessar Home,200,OK,Teste de Carga - 250 usuarios 1-136,text,true,,4757,120,250,250,https://www.blazedemo.com/,648,0,0
1774386549673,393,1 - Acessar Home,200,OK,Teste de Carga - 250 usuarios 1-4,text,true,,4757,120,250,250,https://www.blazedemo.com/,381,0,0
1774386549821,254,1 - Acessar Home,200,OK,Teste de Carga - 250 usuarios 1-194,text,true,,4757,120,250,250,https://www.blazedemo.com/,241,0,0
1774386547838,2238,2 - Escolher Voo,200,OK,Teste de Carga - 250 usuarios 1-231,text,true,,7381,250,250,250,https://www.blazedemo.com/reserve.php,2219,0,0
1774386549456,625,1 - Acessar Home,200,OK,Teste de Carga - 250 usuarios 1-78,text,true,,4757,120,250,250,https://www.blazedemo.com/,613,0,0
1774386546610,3478,2 - Escolher Voo,200,OK,Teste de Carga - 250 usuarios 1-207,text,true,,7381,250,250,250,https://www.blazedemo.com/reserve.php,3457,0,0
1774386549827,269,1 - Acessar Home,200,OK,Teste de Carga - 250 usuarios 1-114,text,true,,4757,120,250,250,https://www.blazedemo.com/,258,0,0
1774386549496,601,3 - Comprar Passagem,200,OK,Teste de Carga - 250 usuarios 1-235,text,true,,6719,420,250,250,https://www.blazedemo.com/purchase.php,582,0,0
1774386549796,303,1 - Acessar Home,200,OK,Teste de Carga - 250 usuarios 1-1,text,true,,4757,120,250,250,https://www.blazedemo.com/,291,0,0
1774386549693,407,1 - Acessar Home,200,OK,Teste de Carga - 250 usuarios 1-218,text,true,,4757,120,250,250,https://www.blazedemo.com/,396,0,0
1774386549760,343,3 - Comprar Passagem,200,OK,Teste de Carga - 250 usuarios 1-243,text,true,,6719,420,250,250,https://www.blazedemo.com/purchase.php,331,0,0
1774386549817,287,1 - Acessar Home,200,OK,Teste de Carga - 250 usuarios 1-119,text,true,,4757,120,250,250,https://www.blazedemo.com/,275,0,0
1774386549586,523,3 - Comprar Passagem,200,OK,Teste de Carga - 250 usuarios 1-56,text,true,,6719,420,250,250,https://www.blazedemo.com/purchase.php,512,0,0
1774386549739,371,2 - Escolher Voo,200,OK,Teste de Carga - 250 usuarios 1-239,text,true,,7381,250,250,250,https://www.blazedemo.com/reserve.php,350,0,0
1774386549798,315,2 - Escolher Voo,200,OK,Teste de Carga - 250 usuarios 1-90,text,true,,7381,250,250,250,https://www.blazedemo.com/reserve.php,294,0,0
1774386546611,3504,1 - Acessar Home,200,OK,Teste de Carga - 250 usuarios 1-17,text,true,,4757,120,250,250,https://www.blazedemo.com/,3492,0,0
1774386549670,446,1 - Acessar Home,200,OK,Teste de Carga - 250 usuarios 1-210,text,true,,4757,120,250,250,https://www.blazedemo.com/,434,0,0
1774386549761,356,2 - Escolher Voo,200,OK,Teste de Carga - 250 usuarios 1-144,text,true,,7381,250,250,250,https://www.blazedemo.com/reserve.php,336,0,0
1774386549835,282,2 - Escolher Voo,200,OK,Teste de Carga - 250 usuarios 1-149,text,true,,7381,250,250,250,https://www.blazedemo.com/reserve.php,263,0,0
1774386549521,598,2 - Escolher Voo,200,OK,Teste de Carga - 250 usuarios 1-89,text,true,,7381,250,250,250,https://www.blazedemo.com/reserve.php,575,0,0
1774386549796,325,2 - Escolher Voo,200,OK,Teste de Carga - 250 usuarios 1-178,text,true,,7381,250,250,250,https://www.blazedemo.com/reserve.php,306,0,0
1774386549445,681,3 - Comprar Passagem,200,OK,Teste de Carga - 250 usuarios 1-66,text,true,,6719,420,250,250,https://www.blazedemo.com/purchase.php,668,0,0
1774386549124,1009,2 - Escolher Voo,200,OK,Teste de Carga - 250 usuarios 1-61,text,true,,7381,250,250,250,https://www.blazedemo.com/reserve.php,914,0,0
1774386546129,4011,2 - Escolher Voo,200,OK,Teste de Carga - 250 usuarios 1-154,text,true,,7381,250,250,250,https://www.blazedemo.com/reserve.php,3990,0,0
1774386549801,346,1 - Acessar Home,200,OK,Teste de Carga - 250 usuarios 1-25,text,true,,4757,120,250,250,https://www.blazedemo.com/,334,0,0
1774386549857,291,2 - Escolher Voo,200,OK,Teste de Carga - 250 usuarios 1-198,text,true,,7381,250,250,250,https://www.blazedemo.com/reserve.php,272,0,0
1774386549904,250,1 - Acessar Home,200,OK,Teste de Carga - 250 usuarios 1-225,text,true,,4757,120,250,250,https://www.blazedemo.com/,238,0,0
1774386549764,396,2 - Escolher Voo,200,OK,Teste de Carga - 250 usuarios 1-233,text,true,,7381,250,250,250,https://www.blazedemo.com/reserve.php,374,0,0
1774386546776,3384,1 - Acessar Home,200,OK,Teste de Carga - 250 usuarios 1-172,text,true,,4757,120,250,250,https://www.blazedemo.com/,3371,0,0
1774386547986,2178,2 - Escolher Voo,200,OK,Teste de Carga - 250 usuarios 1-250,text,true,,7381,250,250,250,https://www.blazedemo.com/reserve.php,2158,0,0
1774386549767,402,3 - Comprar Passagem,200,OK,Teste de Carga - 250 usuarios 1-173,text,true,,6719,420,250,250,https://www.blazedemo.com/purchase.php,390,0,0
1774386549827,346,3 - Comprar Passagem,200,OK,Teste de Carga - 250 usuarios 1-214,text,true,,6719,420,250,250,https://www.blazedemo.com/purchase.php,333,0,0
1774386549755,420,2 - Escolher Voo,200,OK,Teste de Carga - 250 usuarios 1-221,text,true,,7381,250,250,250,https://www.blazedemo.com/reserve.php,400,0,0
1774386546289,3888,3 - Comprar Passagem,200,OK,Teste de Carga - 250 usuarios 1-190,text,true,,6719,420,250,250,https://www.blazedemo.com/purchase.php,3876,0,0
1774386549801,380,2 - Escolher Voo,200,OK,Teste de Carga - 250 usuarios 1-32,text,true,,7381,250,250,250,https://www.blazedemo.com/reserve.php,359,0,0
1774386549559,622,1 - Acessar Home,200,OK,Teste de Carga - 250 usuarios 1-139,text,true,,4757,120,250,250,https://www.blazedemo.com/,611,0,0
1774386549892,291,2 - Escolher Voo,200,OK,Teste de Carga - 250 usuarios 1-18,text,true,,7381,250,250,250,https://www.blazedemo.com/reserve.php,271,0,0
1774386549842,342,1 - Acessar Home,200,OK,Teste de Carga - 250 usuarios 1-201,text,true,,4757,120,250,250,https://www.blazedemo.com/,331,0,0
1774386546831,3365,1 - Acessar Home,200,OK,Teste de Carga - 250 usuarios 1-42,text,true,,4757,120,250,250,https://www.blazedemo.com/,3353,0,0
1774386549949,253,1 - Acessar Home,200,OK,Teste de Carga - 250 usuarios 1-49,text,true,,4757,120,250,250,https://www.blazedemo.com/,239,0,0
1774386549702,500,1 - Acessar Home,200,OK,Teste de Carga - 250 usuarios 1-171,text,true,,4757,120,250,250,https://www.blazedemo.com/,484,0,0
1774386549578,626,1 - Acessar Home,200,OK,Teste de Carga - 250 usuarios 1-193,text,true,,4757,120,250,250,https://www.blazedemo.com/,614,0,0
1774386549861,344,1 - Acessar Home,200,OK,Teste de Carga - 250 usuarios 1-12,text,true,,4757,120,250,250,https://www.blazedemo.com/,333,0,0
1774386546603,3607,3 - Comprar Passagem,200,OK,Teste de Carga - 250 usuarios 1-137,text,true,,6719,420,250,250,https://www.blazedemo.com/purchase.php,3599,0,0
1774386546641,3570,3 - Comprar Passagem,200,OK,Teste de Carga - 250 usuarios 1-70,text,true,,6719,420,250,250,https://www.blazedemo.com/purchase.php,3561,0,0
1774386549534,677,3 - Comprar Passagem,200,OK,Teste de Carga - 250 usuarios 1-174,text,true,,6719,420,250,250,https://www.blazedemo.com/purchase.php,668,0,0
1774386549653,560,3 - Comprar Passagem,200,OK,Teste de Carga - 250 usuarios 1-121,text,true,,6719,420,250,250,https://www.blazedemo.com/purchase.php,549,0,0
1774386549960,257,1 - Acessar Home,200,OK,Teste de Carga - 250 usuarios 1-39,text,true,,4757,120,250,250,https://www.blazedemo.com/,244,0,0
1774386549912,312,2 - Escolher Voo,200,OK,Teste de Carga - 250 usuarios 1-234,text,true,,7381,250,250,250,https://www.blazedemo.com/reserve.php,291,0,0
1774386549771,456,1 - Acessar Home,200,OK,Teste de Carga - 250 usuarios 1-82,text,true,,4757,120,250,250,https://www.blazedemo.com/,444,0,0
1774386549806,426,3 - Comprar Passagem,200,OK,Teste de Carga - 250 usuarios 1-216,text,true,,6719,420,250,250,https://www.blazedemo.com/purchase.php,410,0,0
1774386549958,275,3 - Comprar Passagem,200,OK,Teste de Carga - 250 usuarios 1-170,text,true,,6719,420,250,250,https://www.blazedemo.com/purchase.php,263,0,0
1774386549821,413,3 - Comprar Passagem,200,OK,Teste de Carga - 250 usuarios 1-146,text,true,,6719,420,250,250,https://www.blazedemo.com/purchase.php,402,0,0
1774386549661,574,2 - Escolher Voo,200,OK,Teste de Carga - 250 usuarios 1-27,text,true,,7381,250,250,250,https://www.blazedemo.com/reserve.php,560,0,0
1774386549665,571,2 - Escolher Voo,200,OK,Teste de Carga - 250 usuarios 1-106,text,true,,7381,250,250,250,https://www.blazedemo.com/reserve.php,551,0,0
1774386549963,274,3 - Comprar Passagem,200,OK,Teste de Carga - 250 usuarios 1-220,text,true,,6719,420,250,250,https://www.blazedemo.com/purchase.php,258,0,0
1774386549900,339,1 - Acessar Home,200,OK,Teste de Carga - 250 usuarios 1-215,text,true,,4757,120,250,250,https://www.blazedemo.com/,327,0,0
1774386549745,494,3 - Comprar Passagem,200,OK,Teste de Carga - 250 usuarios 1-110,text,true,,6719,420,250,250,https://www.blazedemo.com/purchase.php,483,0,0
1774386549951,290,3 - Comprar Passagem,200,OK,Teste de Carga - 250 usuarios 1-52,text,true,,6719,420,250,250,https://www.blazedemo.com/purchase.php,275,0,0
1774386549708,541,2 - Escolher Voo,200,OK,Teste de Carga - 250 usuarios 1-69,text,true,,7381,250,250,250,https://www.blazedemo.com/reserve.php,521,0,0
1774386549983,266,1 - Acessar Home,200,OK,Teste de Carga - 250 usuarios 1-24,text,true,,4757,120,250,250,https://www.blazedemo.com/,254,0,0
1774386549984,267,1 - Acessar Home,200,OK,Teste de Carga - 250 usuarios 1-120,text,true,,4757,120,250,250,https://www.blazedemo.com/,255,0,0
1774386546847,3414,1 - Acessar Home,200,OK,Teste de Carga - 250 usuarios 1-140,text,true,,4757,120,250,250,https://www.blazedemo.com/,3402,0,0
1774386549878,384,3 - Comprar Passagem,200,OK,Teste de Carga - 250 usuarios 1-249,text,true,,6719,420,250,250,https://www.blazedemo.com/purchase.php,373,0,0
1774386548223,2044,3 - Comprar Passagem,200,OK,Teste de Carga - 250 usuarios 1-150,text,true,,6719,420,250,250,https://www.blazedemo.com/purchase.php,2032,0,0
1774386549897,379,1 - Acessar Home,200,OK,Teste de Carga - 250 usuarios 1-112,text,true,,4757,120,250,250,https://www.blazedemo.com/,366,0,0
1774386546400,3880,3 - Comprar Passagem,200,OK,Teste de Carga - 250 usuarios 1-91,text,true,,6719,420,250,250,https://www.blazedemo.com/purchase.php,3868,0,0
1774386549747,535,1 - Acessar Home,200,OK,Teste de Carga - 250 usuarios 1-79,text,true,,4757,120,250,250,https://www.blazedemo.com/,523,0,0
1774386549605,679,3 - Comprar Passagem,200,OK,Teste de Carga - 250 usuarios 1-108,text,true,,6719,420,250,250,https://www.blazedemo.com/purchase.php,666,0,0
1774386549916,371,2 - Escolher Voo,200,OK,Teste de Carga - 250 usuarios 1-145,text,true,,7381,250,250,250,https://www.blazedemo.com/reserve.php,352,0,0
1774386546687,3601,1 - Acessar Home,200,OK,Teste de Carga - 250 usuarios 1-104,text,true,,4757,120,250,250,https://www.blazedemo.com/,3589,0,0
1774386549852,437,3 - Comprar Passagem,200,OK,Teste de Carga - 250 usuarios 1-107,text,true,,6719,420,250,250,https://www.blazedemo.com/purchase.php,425,0,0
1774386549889,401,2 - Escolher Voo,200,OK,Teste de Carga - 250 usuarios 1-102,text,true,,7381,250,250,250,https://www.blazedemo.com/reserve.php,381,0,0
1774386549651,641,3 - Comprar Passagem,200,OK,Teste de Carga - 250 usuarios 1-36,text,true,,6719,420,250,250,https://www.blazedemo.com/purchase.php,629,0,0
1774386546994,3310,1 - Acessar Home,200,OK,Teste de Carga - 250 usuarios 1-180,text,true,,4757,120,250,250,https://www.blazedemo.com/,3298,0,0
1774386550008,297,1 - Acessar Home,200,OK,Teste de Carga - 250 usuarios 1-169,text,true,,4757,120,250,250,https://www.blazedemo.com/,286,0,0
1774386549875,431,1 - Acessar Home,200,OK,Teste de Carga - 250 usuarios 1-241,text,true,,4757,120,250,250,https://www.blazedemo.com/,419,0,0
1774386549720,593,2 - Escolher Voo,200,OK,Teste de Carga - 250 usuarios 1-165,text,true,,7381,250,250,250,https://www.blazedemo.com/reserve.php,573,0,0
1774386549996,318,2 - Escolher Voo,200,OK,Teste de Carga - 250 usuarios 1-29,text,true,,7381,250,250,250,https://www.blazedemo.com/reserve.php,298,0,0
1774386549999,315,3 - Comprar Passagem,200,OK,Teste de Carga - 250 usuarios 1-245,text,true,,6719,420,250,250,https://www.blazedemo.com/purchase.php,303,0,0
1774386549918,398,1 - Acessar Home,200,OK,Teste de Carga - 250 usuarios 1-80,text,true,,4757,120,250,250,https://www.blazedemo.com/,386,0,0
1774386549757,563,1 - Acessar Home,200,OK,Teste de Carga - 250 usuarios 1-175,text,true,,4757,120,250,250,https://www.blazedemo.com/,551,0,0
1774386549959,367,1 - Acessar Home,200,OK,Teste de Carga - 250 usuarios 1-64,text,true,,4757,120,250,250,https://www.blazedemo.com/,355,0,0
1774386549987,348,1 - Acessar Home,200,OK,Teste de Carga - 250 usuarios 1-7,text,true,,4757,120,250,250,https://www.blazedemo.com/,337,0,0
1774386549887,453,2 - Escolher Voo,200,OK,Teste de Carga - 250 usuarios 1-185,text,true,,7381,250,249,249,https://www.blazedemo.com/reserve.php,436,0,0
1774386546448,3899,3 - Comprar Passagem,200,OK,Teste de Carga - 250 usuarios 1-244,text,true,,6719,420,249,249,https://www.blazedemo.com/purchase.php,3886,0,0
1774386549999,349,3 - Comprar Passagem,200,OK,Teste de Carga - 250 usuarios 1-135,text,true,,6719,420,249,249,https://www.blazedemo.com/purchase.php,337,0,0
1774386549844,506,2 - Escolher Voo,200,OK,Teste de Carga - 250 usuarios 1-209,text,true,,7381,250,249,249,https://www.blazedemo.com/reserve.php,487,0,0
1774386550026,328,3 - Comprar Passagem,200,OK,Teste de Carga - 250 usuarios 1-55,text,true,,6719,420,249,249,https://www.blazedemo.com/purchase.php,315,0,0
1774386549754,611,3 - Comprar Passagem,200,OK,Teste de Carga - 250 usuarios 1-88,text,true,,6719,420,249,249,https://www.blazedemo.com/purchase.php,598,0,0
1774386546532,3835,3 - Comprar Passagem,200,OK,Teste de Carga - 250 usuarios 1-116,text,true,,6719,420,249,249,https://www.blazedemo.com/purchase.php,3822,0,0
1774386549900,467,3 - Comprar Passagem,200,OK,Teste de Carga - 250 usuarios 1-168,text,true,,6719,420,249,249,https://www.blazedemo.com/purchase.php,451,0,0
1774386548229,2141,2 - Escolher Voo,200,OK,Teste de Carga - 250 usuarios 1-14,text,true,,7381,250,249,249,https://www.blazedemo.com/reserve.php,2122,0,0
1774386550008,367,1 - Acessar Home,200,OK,Teste de Carga - 250 usuarios 1-240,text,true,,4757,120,248,248,https://www.blazedemo.com/,357,0,0
1774386549983,393,2 - Escolher Voo,200,OK,Teste de Carga - 250 usuarios 1-2,text,true,,7381,250,248,248,https://www.blazedemo.com/reserve.php,374,0,0
1774386550096,284,2 - Escolher Voo,200,OK,Teste de Carga - 250 usuarios 1-114,text,true,,7381,250,247,247,https://www.blazedemo.com/reserve.php,268,0,0
1774386550119,262,3 - Comprar Passagem,200,OK,Teste de Carga - 250 usuarios 1-89,text,true,,6719,420,247,247,https://www.blazedemo.com/purchase.php,250,0,0
1774386549818,567,3 - Comprar Passagem,200,OK,Teste de Carga - 250 usuarios 1-232,text,true,,6719,420,247,247,https://www.blazedemo.com/purchase.php,556,0,0
1774386547207,3181,1 - Acessar Home,200,OK,Teste de Carga - 250 usuarios 1-68,text,true,,4757,120,247,247,https://www.blazedemo.com/,3168,0,0
1774386549885,503,3 - Comprar Passagem,200,OK,Teste de Carga - 250 usuarios 1-122,text,true,,6719,420,247,247,https://www.blazedemo.com/purchase.php,491,0,0
1774386549984,408,2 - Escolher Voo,200,OK,Teste de Carga - 250 usuarios 1-199,text,true,,7381,250,246,246,https://www.blazedemo.com/reserve.php,388,0,0
1774386549673,722,2 - Escolher Voo,200,OK,Teste de Carga - 250 usuarios 1-123,text,true,,7381,250,246,246,https://www.blazedemo.com/reserve.php,672,0,0
1774386546793,3606,1 - Acessar Home,200,OK,Teste de Carga - 250 usuarios 1-34,text,true,,4757,120,246,246,https://www.blazedemo.com/,3594,0,0
1774386546695,3704,2 - Escolher Voo,200,OK,Teste de Carga - 250 usuarios 1-148,text,true,,7381,250,245,245,https://www.blazedemo.com/reserve.php,3684,0,0
1774386549878,522,1 - Acessar Home,200,OK,Teste de Carga - 250 usuarios 1-204,text,true,,4757,120,245,245,https://www.blazedemo.com/,512,0,0
1774386549921,481,3 - Comprar Passagem,200,OK,Teste de Carga - 250 usuarios 1-100,text,true,,6719,420,245,245,https://www.blazedemo.com/purchase.php,464,0,0
1774386550029,378,1 - Acessar Home,200,OK,Teste de Carga - 250 usuarios 1-143,text,true,,4757,120,244,244,https://www.blazedemo.com/,367,0,0
1774386550075,335,2 - Escolher Voo,200,OK,Teste de Carga - 250 usuarios 1-194,text,true,,7381,250,244,244,https://www.blazedemo.com/reserve.php,315,0,0
1774386549670,741,2 - Escolher Voo,200,OK,Teste de Carga - 250 usuarios 1-113,text,true,,7381,250,244,244,https://www.blazedemo.com/reserve.php,721,0,0
1774386549681,736,1 - Acessar Home,200,OK,Teste de Carga - 250 usuarios 1-163,text,true,,4757,120,244,244,https://www.blazedemo.com/,723,0,0
1774386550046,373,1 - Acessar Home,200,OK,Teste de Carga - 250 usuarios 1-57,text,true,,4757,120,244,244,https://www.blazedemo.com/,360,0,0
1774386550041,379,3 - Comprar Passagem,200,OK,Teste de Carga - 250 usuarios 1-238,text,true,,6719,420,243,243,https://www.blazedemo.com/purchase.php,367,0,0
1774386547224,3197,2 - Escolher Voo,200,OK,Teste de Carga - 250 usuarios 1-26,text,true,,7381,250,243,243,https://www.blazedemo.com/reserve.php,3177,0,0
1774386550164,259,3 - Comprar Passagem,200,OK,Teste de Carga - 250 usuarios 1-250,text,true,,6719,420,242,242,https://www.blazedemo.com/purchase.php,247,0,0
1774386550001,422,3 - Comprar Passagem,200,OK,Teste de Carga - 250 usuarios 1-6,text,true,,6719,420,242,242,https://www.blazedemo.com/purchase.php,411,0,0
1774386550066,358,2 - Escolher Voo,200,OK,Teste de Carga - 250 usuarios 1-4,text,true,,7381,250,241,241,https://www.blazedemo.com/reserve.php,338,0,0
1774386549785,643,3 - Comprar Passagem,200,OK,Teste de Carga - 250 usuarios 1-142,text,true,,6719,420,240,240,https://www.blazedemo.com/purchase.php,628,0,0
1774386549881,550,3 - Comprar Passagem,200,OK,Teste de Carga - 250 usuarios 1-19,text,true,,6719,420,240,240,https://www.blazedemo.com/purchase.php,537,0,0
1774386550097,342,1 - Acessar Home,200,OK,Teste de Carga - 250 usuarios 1-235,text,true,,4757,120,239,239,https://www.blazedemo.com/,330,0,0
1774386549911,529,1 - Acessar Home,200,OK,Teste de Carga - 250 usuarios 1-247,text,true,,4757,120,239,239,https://www.blazedemo.com/,517,0,0
1774386550104,343,2 - Escolher Voo,200,OK,Teste de Carga - 250 usuarios 1-119,text,true,,7381,250,239,239,https://www.blazedemo.com/reserve.php,323,0,0
1774386549783,666,1 - Acessar Home,200,OK,Teste de Carga - 250 usuarios 1-219,text,true,,4757,120,238,238,https://www.blazedemo.com/,654,0,0
1774386548390,2059,3 - Comprar Passagem,200,OK,Teste de Carga - 250 usuarios 1-158,text,true,,6719,420,238,238,https://www.blazedemo.com/purchase.php,2046,0,0
1774386547136,3315,2 - Escolher Voo,200,OK,Teste de Carga - 250 usuarios 1-129,text,true,,7381,250,238,238,https://www.blazedemo.com/reserve.php,3299,0,0
1774386549995,457,3 - Comprar Passagem,200,OK,Teste de Carga - 250 usuarios 1-84,text,true,,6719,420,238,238,https://www.blazedemo.com/purchase.php,444,0,0
1774386550117,337,3 - Comprar Passagem,200,OK,Teste de Carga - 250 usuarios 1-149,text,true,,6719,420,236,236,https://www.blazedemo.com/purchase.php,325,0,0
1774386550181,287,2 - Escolher Voo,200,OK,Teste de Carga - 250 usuarios 1-139,text,true,,7381,250,235,235,https://www.blazedemo.com/reserve.php,279,0,0
1774386550081,394,2 - Escolher Voo,200,OK,Teste de Carga - 250 usuarios 1-78,text,true,,7381,250,234,234,https://www.blazedemo.com/reserve.php,374,0,0
1774386550211,265,1 - Acessar Home,200,OK,Teste de Carga - 250 usuarios 1-70,text,true,,4757,120,234,234,https://www.blazedemo.com/,253,0,0
1774386549912,569,1 - Acessar Home,200,OK,Teste de Carga - 250 usuarios 1-60,text,true,,4757,120,232,232,https://www.blazedemo.com/,557,0,0
1774386550113,370,3 - Comprar Passagem,200,OK,Teste de Carga - 250 usuarios 1-90,text,true,,6719,420,231,231,https://www.blazedemo.com/purchase.php,355,0,0
1774386549964,519,2 - Escolher Voo,200,OK,Teste de Carga - 250 usuarios 1-133,text,true,,7381,250,231,231,https://www.blazedemo.com/reserve.php,499,0,0
1774386550054,435,1 - Acessar Home,200,OK,Teste de Carga - 250 usuarios 1-81,text,true,,4757,120,229,229,https://www.blazedemo.com/,423,0,0
1774386550196,293,2 - Escolher Voo,200,OK,Teste de Carga - 250 usuarios 1-42,text,true,,7381,250,229,229,https://www.blazedemo.com/reserve.php,272,0,0
1774386547293,3198,1 - Acessar Home,200,OK,Teste de Carga - 250 usuarios 1-157,text,true,,4757,120,227,227,https://www.blazedemo.com/,3186,0,0
1774386550099,395,2 - Escolher Voo,200,OK,Teste de Carga - 250 usuarios 1-1,text,true,,7381,250,226,226,https://www.blazedemo.com/reserve.php,375,0,0
1774386550217,284,2 - Escolher Voo,200,OK,Teste de Carga - 250 usuarios 1-39,text,true,,7381,250,225,225,https://www.blazedemo.com/reserve.php,263,0,0
1774386550211,295,1 - Acessar Home,200,OK,Teste de Carga - 250 usuarios 1-137,text,true,,4757,120,224,224,https://www.blazedemo.com/,284,0,0
1774386546592,3919,1 - Acessar Home,200,OK,Teste de Carga - 250 usuarios 1-125,text,true,,4757,120,223,223,https://www.blazedemo.com/,3907,0,0
1774386550169,354,1 - Acessar Home,200,OK,Teste de Carga - 250 usuarios 1-173,text,true,,4757,120,222,222,https://www.blazedemo.com/,342,0,0
1774386550109,415,1 - Acessar Home,200,OK,Teste de Carga - 250 usuarios 1-56,text,true,,4757,120,222,222,https://www.blazedemo.com/,407,0,0
1774386550017,507,3 - Comprar Passagem,200,OK,Teste de Carga - 250 usuarios 1-95,text,true,,6719,420,222,222,https://www.blazedemo.com/purchase.php,495,0,0
1774386547305,3221,3 - Comprar Passagem,200,OK,Teste de Carga - 250 usuarios 1-183,text,true,,6719,420,219,219,https://www.blazedemo.com/purchase.php,3209,0,0
1774386550117,410,3 - Comprar Passagem,200,OK,Teste de Carga - 250 usuarios 1-144,text,true,,6719,420,218,218,https://www.blazedemo.com/purchase.php,398,0,0
1774386549958,574,3 - Comprar Passagem,200,OK,Teste de Carga - 250 usuarios 1-155,text,true,,6719,420,217,217,https://www.blazedemo.com/purchase.php,562,0,0
1774386547200,3342,3 - Comprar Passagem,200,OK,Teste de Carga - 250 usuarios 1-151,text,true,,6719,420,216,216,https://www.blazedemo.com/purchase.php,3330,0,0
1774386550028,515,1 - Acessar Home,200,OK,Teste de Carga - 250 usuarios 1-45,text,true,,4757,120,216,216,https://www.blazedemo.com/,502,0,0
1774386550065,483,1 - Acessar Home,200,OK,Teste de Carga - 250 usuarios 1-200,text,true,,4757,120,214,214,https://www.blazedemo.com/,469,0,0
1774386550103,447,1 - Acessar Home,200,OK,Teste de Carga - 250 usuarios 1-243,text,true,,4757,120,213,213,https://www.blazedemo.com/,435,0,0
1774386548392,2164,1 - Acessar Home,200,OK,Teste de Carga - 250 usuarios 1-227,text,true,,4757,120,212,212,https://www.blazedemo.com/,2152,0,0
1774386546607,3949,3 - Comprar Passagem,200,OK,Teste de Carga - 250 usuarios 1-13,text,true,,6719,420,212,212,https://www.blazedemo.com/purchase.php,3936,0,0
1774386550287,270,3 - Comprar Passagem,200,OK,Teste de Carga - 250 usuarios 1-145,text,true,,6719,420,210,210,https://www.blazedemo.com/purchase.php,258,0,0
1774386549896,662,1 - Acessar Home,200,OK,Teste de Carga - 250 usuarios 1-202,text,true,,4757,120,209,209,https://www.blazedemo.com/,650,0,0
1774386547289,3269,2 - Escolher Voo,200,OK,Teste de Carga - 250 usuarios 1-223,text,true,,7381,250,209,209,https://www.blazedemo.com/reserve.php,3248,0,0
1774386550249,314,3 - Comprar Passagem,200,OK,Teste de Carga - 250 usuarios 1-69,text,true,,6719,420,207,207,https://www.blazedemo.com/purchase.php,297,0,0
1774386550148,417,3 - Comprar Passagem,200,OK,Teste de Carga - 250 usuarios 1-198,text,true,,6719,420,206,206,https://www.blazedemo.com/purchase.php,404,0,0
1774386550313,254,3 - Comprar Passagem,200,OK,Teste de Carga - 250 usuarios 1-165,text,true,,6719,420,205,205,https://www.blazedemo.com/purchase.php,242,0,0
1774386550224,345,3 - Comprar Passagem,200,OK,Teste de Carga - 250 usuarios 1-234,text,true,,6719,420,204,204,https://www.blazedemo.com/purchase.php,333,0,0
1774386546667,3906,1 - Acessar Home,200,OK,Teste de Carga - 250 usuarios 1-109,text,true,,4757,120,203,203,https://www.blazedemo.com/,3893,0,0
1774386550202,374,2 - Escolher Voo,200,OK,Teste de Carga - 250 usuarios 1-49,text,true,,7381,250,202,202,https://www.blazedemo.com/reserve.php,354,0,0
1774386550236,341,3 - Comprar Passagem,200,OK,Teste de Carga - 250 usuarios 1-106,text,true,,6719,420,201,201,https://www.blazedemo.com/purchase.php,326,0,0
1774386550147,431,2 - Escolher Voo,200,OK,Teste de Carga - 250 usuarios 1-25,text,true,,7381,250,200,200,https://www.blazedemo.com/reserve.php,411,0,0
1774386550292,286,1 - Acessar Home,200,OK,Teste de Carga - 250 usuarios 1-36,text,true,,4757,120,200,200,https://www.blazedemo.com/,274,0,0
1774386550115,472,2 - Escolher Voo,200,OK,Teste de Carga - 250 usuarios 1-17,text,true,,7381,250,198,198,https://www.blazedemo.com/reserve.php,450,0,0
1774386549838,752,2 - Escolher Voo,200,OK,Teste de Carga - 250 usuarios 1-124,text,true,,7381,250,197,197,https://www.blazedemo.com/reserve.php,731,0,0
1774386550173,418,1 - Acessar Home,200,OK,Teste de Carga - 250 usuarios 1-214,text,true,,4757,120,196,196,https://www.blazedemo.com/,406,0,0
1774386547307,3296,1 - Acessar Home,200,OK,Teste de Carga - 250 usuarios 1-160,text,true,,4757,120,195,195,https://www.blazedemo.com/,3284,0,0
1774386550160,445,3 - Comprar Passagem,200,OK,Teste de Carga - 250 usuarios 1-233,text,true,,6719,420,194,194,https://www.blazedemo.com/purchase.php,433,0,0
1774386550030,578,3 - Comprar Passagem,200,OK,Teste de Carga - 250 usuarios 1-87,text,true,,6719,420,193,193,https://www.blazedemo.com/purchase.php,571,0,0
1774386550284,328,1 - Acessar Home,200,OK,Teste de Carga - 250 usuarios 1-108,text,true,,4757,120,192,192,https://www.blazedemo.com/,317,0,0
1774386550205,420,2 - Escolher Voo,200,OK,Teste de Carga - 250 usuarios 1-12,text,true,,7381,250,191,191,https://www.blazedemo.com/reserve.php,400,0,0
1774386549988,642,1 - Acessar Home,200,OK,Teste de Carga - 250 usuarios 1-211,text,true,,4757,120,190,190,https://www.blazedemo.com/,630,0,0
1774386550355,275,1 - Acessar Home,200,OK,Teste de Carga - 250 usuarios 1-55,text,true,,4757,120,190,190,https://www.blazedemo.com/,264,0,0
1774386550184,448,2 - Escolher Voo,200,OK,Teste de Carga - 250 usuarios 1-201,text,true,,7381,250,188,188,https://www.blazedemo.com/reserve.php,428,0,0
1774386547331,3303,1 - Acessar Home,200,OK,Teste de Carga - 250 usuarios 1-99,text,true,,4757,120,187,187,https://www.blazedemo.com/,3292,0,0
1774386548449,2187,1 - Acessar Home,200,OK,Teste de Carga - 250 usuarios 1-23,text,true,,4757,120,186,186,https://www.blazedemo.com/,2175,0,0
1774386550306,330,2 - Escolher Voo,200,OK,Teste de Carga - 250 usuarios 1-241,text,true,,7381,250,186,186,https://www.blazedemo.com/reserve.php,313,0,0
1774386550040,597,2 - Escolher Voo,200,OK,Teste de Carga - 250 usuarios 1-30,text,true,,7381,250,184,184,https://www.blazedemo.com/reserve.php,577,0,0
1774386550063,587,1 - Acessar Home,200,OK,Teste de Carga - 250 usuarios 1-162,text,true,,4757,120,183,183,https://www.blazedemo.com/,576,0,0
1774386550314,341,3 - Comprar Passagem,200,OK,Teste de Carga - 250 usuarios 1-29,text,true,,6719,420,182,182,https://www.blazedemo.com/purchase.php,325,0,0
1774386550076,579,3 - Comprar Passagem,200,OK,Teste de Carga - 250 usuarios 1-231,text,true,,6719,420,182,182,https://www.blazedemo.com/purchase.php,567,0,0
1774386550381,274,1 - Acessar Home,200,OK,Teste de Carga - 250 usuarios 1-89,text,true,,4757,120,182,182,https://www.blazedemo.com/,262,0,0
1774386550175,482,3 - Comprar Passagem,200,OK,Teste de Carga - 250 usuarios 1-221,text,true,,6719,420,179,179,https://www.blazedemo.com/purchase.php,469,0,0
1774386550282,379,2 - Escolher Voo,200,OK,Teste de Carga - 250 usuarios 1-79,text,true,,7381,250,178,178,https://www.blazedemo.com/reserve.php,359,0,0
1774386550204,458,2 - Escolher Voo,200,OK,Teste de Carga - 250 usuarios 1-193,text,true,,7381,250,177,177,https://www.blazedemo.com/reserve.php,437,0,0
1774386550005,657,1 - Acessar Home,200,OK,Teste de Carga - 250 usuarios 1-97,text,true,,4757,120,177,177,https://www.blazedemo.com/,646,0,0
1774386550411,263,3 - Comprar Passagem,200,OK,Teste de Carga - 250 usuarios 1-113,text,true,,6719,420,175,175,https://www.blazedemo.com/purchase.php,251,0,0
1774386550367,320,1 - Acessar Home,200,OK,Teste de Carga - 250 usuarios 1-116,text,true,,4757,120,174,174,https://www.blazedemo.com/,299,0,0
1774386550410,277,3 - Comprar Passagem,200,OK,Teste de Carga - 250 usuarios 1-194,text,true,,6719,420,174,174,https://www.blazedemo.com/purchase.php,260,0,0
1774386550276,411,2 - Escolher Voo,200,OK,Teste de Carga - 250 usuarios 1-112,text,true,,7381,250,174,174,https://www.blazedemo.com/reserve.php,387,0,0
1774386550428,260,1 - Acessar Home,200,OK,Teste de Carga - 250 usuarios 1-142,text,true,,4757,120,174,174,https://www.blazedemo.com/,247,0,0
1774386546869,3820,1 - Acessar Home,200,OK,Teste de Carga - 250 usuarios 1-176,text,true,,4757,120,170,170,https://www.blazedemo.com/,3808,0,0
1774386550116,573,2 - Escolher Voo,200,OK,Teste de Carga - 250 usuarios 1-210,text,true,,7381,250,170,170,https://www.blazedemo.com/reserve.php,552,0,0
1774386550233,457,1 - Acessar Home,200,OK,Teste de Carga - 250 usuarios 1-170,text,true,,4757,120,168,168,https://www.blazedemo.com/,444,0,0
1774386550033,657,1 - Acessar Home,200,OK,Teste de Carga - 250 usuarios 1-242,text,true,,4757,120,168,168,https://www.blazedemo.com/,653,0,0
1774386547342,3355,3 - Comprar Passagem,200,OK,Teste de Carga - 250 usuarios 1-9,text,true,,6719,420,166,166,https://www.blazedemo.com/purchase.php,3346,0,0
1774386550440,257,2 - Escolher Voo,200,OK,Teste de Carga - 250 usuarios 1-247,text,true,,7381,250,166,166,https://www.blazedemo.com/reserve.php,237,0,0
1774386550449,268,2 - Escolher Voo,200,OK,Teste de Carga - 250 usuarios 1-219,text,true,,7381,250,164,164,https://www.blazedemo.com/reserve.php,247,0,0
1774386550320,403,2 - Escolher Voo,200,OK,Teste de Carga - 250 usuarios 1-175,text,true,,7381,250,163,163,https://www.blazedemo.com/reserve.php,383,0,0
1774386547347,3379,3 - Comprar Passagem,200,OK,Teste de Carga - 250 usuarios 1-73,text,true,,6719,420,162,162,https://www.blazedemo.com/purchase.php,3367,0,0
1774386547639,3090,3 - Comprar Passagem,200,OK,Teste de Carga - 250 usuarios 1-128,text,true,,6719,420,161,161,https://www.blazedemo.com/purchase.php,3078,0,0
1774386550439,290,2 - Escolher Voo,200,OK,Teste de Carga - 250 usuarios 1-235,text,true,,7381,250,161,161,https://www.blazedemo.com/reserve.php,270,0,0
1774386548469,2265,2 - Escolher Voo,200,OK,Teste de Carga - 250 usuarios 1-43,text,true,,7381,250,159,159,https://www.blazedemo.com/reserve.php,2245,0,0
1774386550031,705,3 - Comprar Passagem,200,OK,Teste de Carga - 250 usuarios 1-130,text,true,,6719,420,158,158,https://www.blazedemo.com/purchase.php,692,0,0
1774386550017,722,3 - Comprar Passagem,200,OK,Teste de Carga - 250 usuarios 1-118,text,true,,6719,420,157,157,https://www.blazedemo.com/purchase.php,710,0,0
1774386550239,501,2 - Escolher Voo,200,OK,Teste de Carga - 250 usuarios 1-215,text,true,,7381,250,156,156,https://www.blazedemo.com/reserve.php,481,0,0
1774386550177,565,1 - Acessar Home,200,OK,Teste de Carga - 250 usuarios 1-190,text,true,,4757,120,155,155,https://www.blazedemo.com/,553,0,0
1774386550407,345,2 - Escolher Voo,200,OK,Teste de Carga - 250 usuarios 1-143,text,true,,7381,250,154,154,https://www.blazedemo.com/reserve.php,324,0,0
1774386550340,412,3 - Comprar Passagem,200,OK,Teste de Carga - 250 usuarios 1-185,text,true,,6719,420,154,154,https://www.blazedemo.com/purchase.php,402,0,0
1774386550110,642,3 - Comprar Passagem,200,OK,Teste de Carga - 250 usuarios 1-239,text,true,,6719,420,154,154,https://www.blazedemo.com/purchase.php,630,0,0
1774386550347,408,1 - Acessar Home,200,OK,Teste de Carga - 250 usuarios 1-244,text,true,,4757,120,151,151,https://www.blazedemo.com/,396,0,0
1774386546985,3772,3 - Comprar Passagem,200,OK,Teste de Carga - 250 usuarios 1-184,text,true,,6719,420,150,150,https://www.blazedemo.com/purchase.php,3760,0,0
1774386546968,3790,3 - Comprar Passagem,200,OK,Teste de Carga - 250 usuarios 1-212,text,true,,6719,420,149,149,https://www.blazedemo.com/purchase.php,3777,0,0
1774386550367,394,1 - Acessar Home,200,OK,Teste de Carga - 250 usuarios 1-168,text,true,,4757,120,148,148,https://www.blazedemo.com/,382,0,0
1774386550392,378,3 - Comprar Passagem,200,OK,Teste de Carga - 250 usuarios 1-199,text,true,,6719,420,147,147,https://www.blazedemo.com/purchase.php,359,0,0
1774386550365,410,1 - Acessar Home,200,OK,Teste de Carga - 250 usuarios 1-88,text,true,,4757,120,146,146,https://www.blazedemo.com/,405,0,0
1774386550399,380,3 - Comprar Passagem,200,OK,Teste de Carga - 250 usuarios 1-148,text,true,,6719,420,145,145,https://www.blazedemo.com/purchase.php,371,0,0
1774386550126,658,1 - Acessar Home,200,OK,Teste de Carga - 250 usuarios 1-66,text,true,,4757,120,144,144,https://www.blazedemo.com/,646,0,0
1774386550262,531,1 - Acessar Home,200,OK,Teste de Carga - 250 usuarios 1-249,text,true,,4757,120,143,143,https://www.blazedemo.com/,519,0,0
1774386550267,529,1 - Acessar Home,200,OK,Teste de Carga - 250 usuarios 1-150,text,true,,4757,120,142,142,https://www.blazedemo.com/,517,0,0
1774386550380,416,3 - Comprar Passagem,200,OK,Teste de Carga - 250 usuarios 1-114,text,true,,6719,420,142,142,https://www.blazedemo.com/purchase.php,405,0,0
1774386550385,417,1 - Acessar Home,200,OK,Teste de Carga - 250 usuarios 1-232,text,true,,4757,120,140,140,https://www.blazedemo.com/,402,0,0
1774386550066,737,2 - Escolher Voo,200,OK,Teste de Carga - 250 usuarios 1-136,text,true,,7381,250,139,139,https://www.blazedemo.com/reserve.php,717,0,0
1774386547681,3127,1 - Acessar Home,200,OK,Teste de Carga - 250 usuarios 1-46,text,true,,4757,120,138,138,https://www.blazedemo.com/,3115,0,0
1774386548507,2304,2 - Escolher Voo,200,OK,Teste de Carga - 250 usuarios 1-236,text,true,,7381,250,137,137,https://www.blazedemo.com/reserve.php,2284,0,0
1774386550305,506,2 - Escolher Voo,200,OK,Teste de Carga - 250 usuarios 1-169,text,true,,7381,250,137,137,https://www.blazedemo.com/reserve.php,486,0,0
1774386550375,438,2 - Escolher Voo,200,OK,Teste de Carga - 250 usuarios 1-240,text,true,,7381,250,135,135,https://www.blazedemo.com/reserve.php,423,0,0
1774386550234,579,1 - Acessar Home,200,OK,Teste de Carga - 250 usuarios 1-146,text,true,,4757,120,135,135,https://www.blazedemo.com/,567,0,0
1774386547419,3401,2 - Escolher Voo,200,OK,Teste de Carga - 250 usuarios 1-222,text,true,,7381,250,133,133,https://www.blazedemo.com/reserve.php,3380,0,0
1774386550388,436,1 - Acessar Home,200,OK,Teste de Carga - 250 usuarios 1-122,text,true,,4757,120,132,132,https://www.blazedemo.com/,425,0,0
1774386550160,683,2 - Escolher Voo,200,OK,Teste de Carga - 250 usuarios 1-172,text,true,,7381,250,131,131,https://www.blazedemo.com/reserve.php,663,0,0
1774386547664,3181,2 - Escolher Voo,200,OK,Teste de Carga - 250 usuarios 1-67,text,true,,7381,250,130,130,https://www.blazedemo.com/reserve.php,3161,0,0
1774386550288,564,2 - Escolher Voo,200,OK,Teste de Carga - 250 usuarios 1-104,text,true,,7381,250,129,129,https://www.blazedemo.com/reserve.php,549,0,0
1774386550251,603,2 - Escolher Voo,200,OK,Teste de Carga - 250 usuarios 1-120,text,true,,7381,250,128,128,https://www.blazedemo.com/reserve.php,587,0,0
1774386550154,704,2 - Escolher Voo,200,OK,Teste de Carga - 250 usuarios 1-225,text,true,,7381,250,127,127,https://www.blazedemo.com/reserve.php,684,0,0
1774386550134,745,3 - Comprar Passagem,200,OK,Teste de Carga - 250 usuarios 1-61,text,true,,6719,420,126,126,https://www.blazedemo.com/purchase.php,703,0,0
1774386548688,2204,1 - Acessar Home,200,OK,Teste de Carga - 250 usuarios 1-181,text,true,,4757,120,125,125,https://www.blazedemo.com/,2192,0,0
1774386550314,585,1 - Acessar Home,200,OK,Teste de Carga - 250 usuarios 1-245,text,true,,4757,120,124,124,https://www.blazedemo.com/,574,0,0
1774386550241,663,1 - Acessar Home,200,OK,Teste de Carga - 250 usuarios 1-52,text,true,,4757,120,123,123,https://www.blazedemo.com/,651,0,0
1774386547185,3734,3 - Comprar Passagem,200,OK,Teste de Carga - 250 usuarios 1-31,text,true,,6719,420,122,122,https://www.blazedemo.com/purchase.php,3716,0,0
1774386550249,671,2 - Escolher Voo,200,OK,Teste de Carga - 250 usuarios 1-24,text,true,,7381,250,122,122,https://www.blazedemo.com/reserve.php,650,0,0
1774386547449,3472,2 - Escolher Voo,200,OK,Teste de Carga - 250 usuarios 1-213,text,true,,7381,250,120,120,https://www.blazedemo.com/reserve.php,3451,0,0
1774386550350,596,3 - Comprar Passagem,200,OK,Teste de Carga - 250 usuarios 1-209,text,true,,6719,420,119,119,https://www.blazedemo.com/purchase.php,585,0,0
1774386550304,646,2 - Escolher Voo,200,OK,Teste de Carga - 250 usuarios 1-180,text,true,,7381,250,118,118,https://www.blazedemo.com/reserve.php,625,0,0
1774386547693,3259,1 - Acessar Home,200,OK,Teste de Carga - 250 usuarios 1-159,text,true,,4757,120,117,117,https://www.blazedemo.com/,3247,0,0
1774386547324,3632,1 - Acessar Home,200,OK,Teste de Carga - 250 usuarios 1-38,text,true,,4757,120,116,116,https://www.blazedemo.com/,3621,0,0
1774386550316,643,2 - Escolher Voo,200,OK,Teste de Carga - 250 usuarios 1-80,text,true,,7381,250,115,115,https://www.blazedemo.com/reserve.php,623,0,0
1774386547341,3628,1 - Acessar Home,200,OK,Teste de Carga - 250 usuarios 1-161,text,true,,4757,120,114,114,https://www.blazedemo.com/,3617,0,0
1774386550183,789,3 - Comprar Passagem,200,OK,Teste de Carga - 250 usuarios 1-18,text,true,,6719,420,113,113,https://www.blazedemo.com/purchase.php,777,0,0
1774386548693,2286,3 - Comprar Passagem,200,OK,Teste de Carga - 250 usuarios 1-65,text,true,,6719,420,112,112,https://www.blazedemo.com/purchase.php,2273,0,0
1774386550289,711,1 - Acessar Home,200,OK,Teste de Carga - 250 usuarios 1-107,text,true,,4757,120,111,111,https://www.blazedemo.com/,699,0,0
1774386548092,2914,2 - Escolher Voo,200,OK,Teste de Carga - 250 usuarios 1-182,text,true,,7381,250,110,110,https://www.blazedemo.com/reserve.php,2893,0,0
1774386547644,3366,1 - Acessar Home,200,OK,Teste de Carga - 250 usuarios 1-197,text,true,,4757,120,109,109,https://www.blazedemo.com/,3354,0,0
1774386550348,682,1 - Acessar Home,200,OK,Teste de Carga - 250 usuarios 1-135,text,true,,4757,120,108,108,https://www.blazedemo.com/,671,0,0
1774386550420,616,1 - Acessar Home,200,OK,Teste de Carga - 250 usuarios 1-238,text,true,,4757,120,107,107,https://www.blazedemo.com/,605,0,0
1774386550395,644,3 - Comprar Passagem,200,OK,Teste de Carga - 250 usuarios 1-123,text,true,,6719,420,106,106,https://www.blazedemo.com/purchase.php,615,0,0
1774386547408,3660,3 - Comprar Passagem,200,OK,Teste de Carga - 250 usuarios 1-166,text,true,,6719,420,105,105,https://www.blazedemo.com/purchase.php,3648,0,0
1774386548713,2359,2 - Escolher Voo,200,OK,Teste de Carga - 250 usuarios 1-101,text,true,,7381,250,104,104,https://www.blazedemo.com/reserve.php,2339,0,0
1774386548144,2931,2 - Escolher Voo,200,OK,Teste de Carga - 250 usuarios 1-51,text,true,,7381,250,103,103,https://www.blazedemo.com/reserve.php,2910,0,0
1774386547809,3286,3 - Comprar Passagem,200,OK,Teste de Carga - 250 usuarios 1-20,text,true,,6719,420,102,102,https://www.blazedemo.com/purchase.php,3272,0,0
1774386547446,3651,1 - Acessar Home,200,OK,Teste de Carga - 250 usuarios 1-58,text,true,,4757,120,101,101,https://www.blazedemo.com/,3639,0,0
1774386550261,843,2 - Escolher Voo,200,OK,Teste de Carga - 250 usuarios 1-140,text,true,,7381,250,100,100,https://www.blazedemo.com/reserve.php,823,0,0
1774386548871,2300,2 - Escolher Voo,200,OK,Teste de Carga - 250 usuarios 1-147,text,true,,7381,250,99,99,https://www.blazedemo.com/reserve.php,2281,0,0
1774386548389,2795,2 - Escolher Voo,200,OK,Teste de Carga - 250 usuarios 1-37,text,true,,7381,250,98,98,https://www.blazedemo.com/reserve.php,2774,0,0
1774386547534,3654,2 - Escolher Voo,200,OK,Teste de Carga - 250 usuarios 1-229,text,true,,7381,250,97,97,https://www.blazedemo.com/reserve.php,3634,0,0
1774386550423,786,1 - Acessar Home,200,OK,Teste de Carga - 250 usuarios 1-250,text,true,,4757,120,96,96,https://www.blazedemo.com/,773,0,0
1774386547876,3333,3 - Comprar Passagem,200,OK,Teste de Carga - 250 usuarios 1-62,text,true,,6719,420,96,96,https://www.blazedemo.com/purchase.php,3316,0,0
1774386547555,3660,2 - Escolher Voo,200,OK,Teste de Carga - 250 usuarios 1-92,text,true,,7381,250,94,94,https://www.blazedemo.com/reserve.php,3639,0,0
1774386548992,2272,2 - Escolher Voo,200,OK,Teste de Carga - 250 usuarios 1-98,text,true,,7381,250,93,93,https://www.blazedemo.com/reserve.php,2251,0,0
1774386548555,2737,3 - Comprar Passagem,200,OK,Teste de Carga - 250 usuarios 1-83,text,true,,6719,420,92,92,https://www.blazedemo.com/purchase.php,2725,0,0
1774386547743,3569,1 - Acessar Home,200,OK,Teste de Carga - 250 usuarios 1-196,text,true,,4757,120,91,91,https://www.blazedemo.com/,3556,0,0
1774386547893,3448,1 - Acessar Home,200,OK,Teste de Carga - 250 usuarios 1-28,text,true,,4757,120,90,90,https://www.blazedemo.com/,3438,0,0
1774386547945,3404,3 - Comprar Passagem,200,OK,Teste de Carga - 250 usuarios 1-47,text,true,,6719,420,89,89,https://www.blazedemo.com/purchase.php,3393,0,0
1774386549074,2289,3 - Comprar Passagem,200,OK,Teste de Carga - 250 usuarios 1-59,text,true,,6719,420,88,88,https://www.blazedemo.com/purchase.php,2277,0,0
1774386548613,2791,1 - Acessar Home,200,OK,Teste de Carga - 250 usuarios 1-205,text,true,,4757,120,87,87,https://www.blazedemo.com/,2779,0,0
1774386547981,3456,1 - Acessar Home,200,OK,Teste de Carga - 250 usuarios 1-15,text,true,,4757,120,86,86,https://www.blazedemo.com/,3444,0,0
1774386548216,3224,1 - Acessar Home,200,OK,Teste de Carga - 250 usuarios 1-76,text,true,,4757,120,85,85,https://www.blazedemo.com/,3212,0,0
1774386549105,2347,3 - Comprar Passagem,200,OK,Teste de Carga - 250 usuarios 1-96,text,true,,6719,420,84,84,https://www.blazedemo.com/purchase.php,2337,0,0
1774386548330,3142,3 - Comprar Passagem,200,OK,Teste de Carga - 250 usuarios 1-86,text,true,,6719,420,83,83,https://www.blazedemo.com/purchase.php,3131,0,0
1774386548683,2818,3 - Comprar Passagem,200,OK,Teste de Carga - 250 usuarios 1-54,text,true,,6719,420,82,82,https://www.blazedemo.com/purchase.php,2806,0,0
1774386549199,2336,1 - Acessar Home,200,OK,Teste de Carga - 250 usuarios 1-134,text,true,,4757,120,81,81,https://www.blazedemo.com/,2324,0,0
1774386548016,3542,2 - Escolher Voo,200,OK,Teste de Carga - 250 usuarios 1-21,text,true,,7381,250,80,80,https://www.blazedemo.com/reserve.php,3522,0,0
1774386548517,3044,2 - Escolher Voo,200,OK,Teste de Carga - 250 usuarios 1-16,text,true,,7381,250,79,79,https://www.blazedemo.com/reserve.php,3024,0,0
1774386548700,2900,1 - Acessar Home,200,OK,Teste de Carga - 250 usuarios 1-153,text,true,,4757,120,78,78,https://www.blazedemo.com/,2889,0,0
1774386549223,2388,1 - Acessar Home,200,OK,Teste de Carga - 250 usuarios 1-179,text,true,,4757,120,77,77,https://www.blazedemo.com/,2376,0,0
1774386548602,3050,2 - Escolher Voo,200,OK,Teste de Carga - 250 usuarios 1-72,text,true,,7381,250,76,76,https://www.blazedemo.com/reserve.php,3030,0,0
1774386548022,3649,3 - Comprar Passagem,200,OK,Teste de Carga - 250 usuarios 1-74,text,true,,6719,420,75,75,https://www.blazedemo.com/purchase.php,3636,0,0
1774386549381,2319,1 - Acessar Home,200,OK,Teste de Carga - 250 usuarios 1-53,text,true,,4757,120,74,74,https://www.blazedemo.com/,2307,0,0
1774386548889,2812,1 - Acessar Home,200,OK,Teste de Carga - 250 usuarios 1-111,text,true,,4757,120,74,74,https://www.blazedemo.com/,2801,0,0
1774386548950,2794,3 - Comprar Passagem,200,OK,Teste de Carga - 250 usuarios 1-44,text,true,,6719,420,72,72,https://www.blazedemo.com/purchase.php,2781,0,0
1774386548039,3755,1 - Acessar Home,200,OK,Teste de Carga - 250 usuarios 1-195,text,true,,4757,120,71,71,https://www.blazedemo.com/,3743,0,0
1774386549390,2414,2 - Escolher Voo,200,OK,Teste de Carga - 250 usuarios 1-117,text,true,,7381,250,70,70,https://www.blazedemo.com/reserve.php,2395,0,0
1774386548874,2943,1 - Acessar Home,200,OK,Teste de Carga - 250 usuarios 1-126,text,true,,4757,120,69,69,https://www.blazedemo.com/,2930,0,0
1774386549141,2695,1 - Acessar Home,200,OK,Teste de Carga - 250 usuarios 1-115,text,true,,4757,120,68,68,https://www.blazedemo.com/,2683,0,0
1774386549489,2386,1 - Acessar Home,200,OK,Teste de Carga - 250 usuarios 1-132,text,true,,4757,120,67,67,https://www.blazedemo.com/,2373,0,0
1774386548051,3840,1 - Acessar Home,200,OK,Teste de Carga - 250 usuarios 1-33,text,true,,4757,120,66,66,https://www.blazedemo.com/,3828,0,0
1774386548998,2932,2 - Escolher Voo,200,OK,Teste de Carga - 250 usuarios 1-203,text,true,,7381,250,65,65,https://www.blazedemo.com/reserve.php,2915,0,0
1774386549173,2784,2 - Escolher Voo,200,OK,Teste de Carga - 250 usuarios 1-35,text,true,,7381,250,64,64,https://www.blazedemo.com/reserve.php,2762,0,0
1774386549529,2433,2 - Escolher Voo,200,OK,Teste de Carga - 250 usuarios 1-50,text,true,,7381,250,63,63,https://www.blazedemo.com/reserve.php,2413,0,0
1774386548143,3856,1 - Acessar Home,200,OK,Teste de Carga - 250 usuarios 1-217,text,true,,4757,120,62,62,https://www.blazedemo.com/,3842,0,0
1774386549066,2956,3 - Comprar Passagem,200,OK,Teste de Carga - 250 usuarios 1-105,text,true,,6719,420,61,61,https://www.blazedemo.com/purchase.php,2943,0,0
1774386549747,2308,2 - Escolher Voo,200,OK,Teste de Carga - 250 usuarios 1-228,text,true,,7381,250,60,60,https://www.blazedemo.com/reserve.php,2288,0,0
1774386549739,2318,3 - Comprar Passagem,200,OK,Teste de Carga - 250 usuarios 1-40,text,true,,6719,420,59,59,https://www.blazedemo.com/purchase.php,2302,0,0
1774386549407,2666,3 - Comprar Passagem,200,OK,Teste de Carga - 250 usuarios 1-127,text,true,,6719,420,58,58,https://www.blazedemo.com/purchase.php,2653,0,0
1774386548685,3421,1 - Acessar Home,200,OK,Teste de Carga - 250 usuarios 1-103,text,true,,4757,120,57,57,https://www.blazedemo.com/,3410,0,0
1774386549063,3057,3 - Comprar Passagem,200,OK,Teste de Carga - 250 usuarios 1-188,text,true,,6719,420,56,56,https://www.blazedemo.com/purchase.php,3045,0,0
1774386549499,2653,3 - Comprar Passagem,200,OK,Teste de Carga - 250 usuarios 1-22,text,true,,6719,420,55,55,https://www.blazedemo.com/purchase.php,2641,0,0
1774386549989,2164,3 - Comprar Passagem,200,OK,Teste de Carga - 250 usuarios 1-131,text,true,,6719,420,54,54,https://www.blazedemo.com/purchase.php,2152,0,0
1774386550046,2121,2 - Escolher Voo,200,OK,Teste de Carga - 250 usuarios 1-167,text,true,,7381,250,53,53,https://www.blazedemo.com/reserve.php,2100,0,0
1774386548812,3401,1 - Acessar Home,200,OK,Teste de Carga - 250 usuarios 1-191,text,true,,4757,120,52,52,https://www.blazedemo.com/,3389,0,0
1774386549118,3098,1 - Acessar Home,200,OK,Teste de Carga - 250 usuarios 1-206,text,true,,4757,120,51,51,https://www.blazedemo.com/,3086,0,0
1774386550181,2092,3 - Comprar Passagem,200,OK,Teste de Carga - 250 usuarios 1-32,text,true,,6719,420,50,50,https://www.blazedemo.com/purchase.php,2081,0,0
1774386549618,2657,3 - Comprar Passagem,200,OK,Teste de Carga - 250 usuarios 1-152,text,true,,6719,420,49,49,https://www.blazedemo.com/purchase.php,2645,0,0
1774386550202,2074,2 - Escolher Voo,200,OK,Teste de Carga - 250 usuarios 1-171,text,true,,7381,250,48,48,https://www.blazedemo.com/reserve.php,2055,0,0
1774386549181,3144,3 - Comprar Passagem,200,OK,Teste de Carga - 250 usuarios 1-156,text,true,,6719,420,47,47,https://www.blazedemo.com/purchase.php,3132,0,0
1774386548969,3364,2 - Escolher Voo,200,OK,Teste de Carga - 250 usuarios 1-63,text,true,,7381,250,46,46,https://www.blazedemo.com/reserve.php,3344,0,0
1774386549728,2644,3 - Comprar Passagem,200,OK,Teste de Carga - 250 usuarios 1-141,text,true,,6719,420,45,45,https://www.blazedemo.com/purchase.php,2633,0,0
1774386550235,2141,3 - Comprar Passagem,200,OK,Teste de Carga - 250 usuarios 1-27,text,true,,6719,420,44,44,https://www.blazedemo.com/purchase.php,2129,0,0
1774386550228,2157,2 - Escolher Voo,200,OK,Teste de Carga - 250 usuarios 1-82,text,true,,7381,250,43,43,https://www.blazedemo.com/reserve.php,2137,0,0
1774386549240,3184,2 - Escolher Voo,200,OK,Teste de Carga - 250 usuarios 1-41,text,true,,7381,250,42,42,https://www.blazedemo.com/reserve.php,3163,0,0
1774386549070,3360,1 - Acessar Home,200,OK,Teste de Carga - 250 usuarios 1-8,text,true,,4757,120,41,41,https://www.blazedemo.com/,3348,0,0
1774386549758,2703,2 - Escolher Voo,200,OK,Teste de Carga - 250 usuarios 1-48,text,true,,7381,250,40,40,https://www.blazedemo.com/reserve.php,2684,0,0
1774386549389,3115,1 - Acessar Home,200,OK,Teste de Carga - 250 usuarios 1-164,text,true,,4757,120,39,39,https://www.blazedemo.com/,3103,0,0
1774386549934,2604,1 - Acessar Home,200,OK,Teste de Carga - 250 usuarios 1-10,text,true,,4757,120,38,38,https://www.blazedemo.com/,2593,0,0
1774386549086,3455,2 - Escolher Voo,200,OK,Teste de Carga - 250 usuarios 1-224,text,true,,7381,250,37,37,https://www.blazedemo.com/reserve.php,3435,0,0
1774386549483,3124,2 - Escolher Voo,200,OK,Teste de Carga - 250 usuarios 1-177,text,true,,7381,250,36,36,https://www.blazedemo.com/reserve.php,3104,0,0
1774386549104,3542,1 - Acessar Home,200,OK,Teste de Carga - 250 usuarios 1-5,text,true,,4757,120,35,35,https://www.blazedemo.com/,3530,0,0
1774386548624,4036,1 - Acessar Home,200,OK,Teste de Carga - 250 usuarios 1-138,text,true,,4757,120,34,34,https://www.blazedemo.com/,4019,0,0
1774386549633,3065,3 - Comprar Passagem,200,OK,Teste de Carga - 250 usuarios 1-71,text,true,,6719,420,33,33,https://www.blazedemo.com/purchase.php,3052,0,0
1774386550100,2631,2 - Escolher Voo,200,OK,Teste de Carga - 250 usuarios 1-218,text,true,,7381,250,32,32,https://www.blazedemo.com/reserve.php,2615,0,0
1774386549248,3504,1 - Acessar Home,200,OK,Teste de Carga - 250 usuarios 1-77,text,true,,4757,120,31,31,https://www.blazedemo.com/,3492,0,0
1774386549216,3560,2 - Escolher Voo,200,OK,Teste de Carga - 250 usuarios 1-226,text,true,,7381,250,30,30,https://www.blazedemo.com/reserve.php,3541,0,0
1774386549632,3165,1 - Acessar Home,200,OK,Teste de Carga - 250 usuarios 1-187,text,true,,4757,120,29,29,https://www.blazedemo.com/,3153,0,0
1774386550239,2583,1 - Acessar Home,200,OK,Teste de Carga - 250 usuarios 1-110,text,true,,4757,120,28,28,https://www.blazedemo.com/,2570,0,0
1774386549260,3641,3 - Comprar Passagem,200,OK,Teste de Carga - 250 usuarios 1-94,text,true,,6719,420,27,27,https://www.blazedemo.com/purchase.php,3629,0,0
1774386549343,3559,1 - Acessar Home,200,OK,Teste de Carga - 250 usuarios 1-248,text,true,,4757,120,27,27,https://www.blazedemo.com/,3547,0,0
1774386549718,3184,3 - Comprar Passagem,200,OK,Teste de Carga - 250 usuarios 1-3,text,true,,6719,420,27,27,https://www.blazedemo.com/purchase.php,3172,0,0
1774386550280,2669,1 - Acessar Home,200,OK,Teste de Carga - 250 usuarios 1-91,text,true,,4757,120,24,24,https://www.blazedemo.com/,2657,0,0
1774386549362,3648,1 - Acessar Home,200,OK,Teste de Carga - 250 usuarios 1-192,text,true,,4757,120,23,23,https://www.blazedemo.com/,3635,0,0
1774386549587,3425,2 - Escolher Voo,200,OK,Teste de Carga - 250 usuarios 1-93,text,true,,7381,250,22,22,https://www.blazedemo.com/reserve.php,3405,0,0
1774386549801,3220,1 - Acessar Home,200,OK,Teste de Carga - 250 usuarios 1-246,text,true,,4757,120,21,21,https://www.blazedemo.com/,3209,0,0
1774386550290,2779,3 - Comprar Passagem,200,OK,Teste de Carga - 250 usuarios 1-102,text,true,,6719,420,20,20,https://www.blazedemo.com/purchase.php,2767,0,0
1774386549811,3330,3 - Comprar Passagem,200,OK,Teste de Carga - 250 usuarios 1-189,text,true,,6719,420,19,19,https://www.blazedemo.com/purchase.php,3313,0,0
1774386549957,3184,2 - Escolher Voo,200,OK,Teste de Carga - 250 usuarios 1-186,text,true,,7381,250,19,19,https://www.blazedemo.com/reserve.php,3167,0,0
1774386549622,3550,1 - Acessar Home,200,OK,Teste de Carga - 250 usuarios 1-208,text,true,,4757,120,17,17,https://www.blazedemo.com/,3537,0,0
1774386549620,3564,1 - Acessar Home,200,OK,Teste de Carga - 250 usuarios 1-237,text,true,,4757,120,16,16,https://www.blazedemo.com/,3552,0,0
1774386549873,3311,1 - Acessar Home,200,OK,Teste de Carga - 250 usuarios 1-85,text,true,,4757,120,16,16,https://www.blazedemo.com/,3299,0,0
1774386550449,2737,1 - Acessar Home,200,OK,Teste de Carga - 250 usuarios 1-158,text,true,,4757,120,14,14,https://www.blazedemo.com/,2726,0,0
1774386550088,3184,3 - Comprar Passagem,200,OK,Teste de Carga - 250 usuarios 1-207,text,true,,6719,420,13,13,https://www.blazedemo.com/purchase.php,3173,0,0
1774386550064,3210,3 - Comprar Passagem,200,OK,Teste de Carga - 250 usuarios 1-75,text,true,,6719,420,12,12,https://www.blazedemo.com/purchase.php,3198,0,0
1774386549868,3461,2 - Escolher Voo,200,OK,Teste de Carga - 250 usuarios 1-11,text,true,,7381,250,11,11,https://www.blazedemo.com/reserve.php,3439,0,0
1774386550121,3222,3 - Comprar Passagem,200,OK,Teste de Carga - 250 usuarios 1-178,text,true,,6719,420,10,10,https://www.blazedemo.com/purchase.php,3208,0,0
1774386550047,3298,1 - Acessar Home,200,OK,Teste de Carga - 250 usuarios 1-230,text,true,,4757,120,9,9,https://www.blazedemo.com/,3287,0,0
1774386550213,3182,1 - Acessar Home,200,OK,Teste de Carga - 250 usuarios 1-121,text,true,,4757,120,8,8,https://www.blazedemo.com/,3170,0,0
1774386550140,3272,3 - Comprar Passagem,200,OK,Teste de Carga - 250 usuarios 1-154,text,true,,6719,420,7,7,https://www.blazedemo.com/purchase.php,3260,0,0
1774386550211,3274,1 - Acessar Home,200,OK,Teste de Carga - 250 usuarios 1-174,text,true,,4757,120,6,6,https://www.blazedemo.com/,3264,0,0
1774386550400,3094,2 - Escolher Voo,200,OK,Teste de Carga - 250 usuarios 1-204,text,true,,7381,250,5,5,https://www.blazedemo.com/reserve.php,3078,0,0
1774386550326,3184,2 - Escolher Voo,200,OK,Teste de Carga - 250 usuarios 1-64,text,true,,7381,250,4,4,https://www.blazedemo.com/reserve.php,3163,0,0
1774386550237,3273,1 - Acessar Home,200,OK,Teste de Carga - 250 usuarios 1-220,text,true,,4757,120,4,4,https://www.blazedemo.com/,3262,0,0
1774386550232,3317,1 - Acessar Home,200,OK,Teste de Carga - 250 usuarios 1-216,text,true,,4757,120,2,2,https://www.blazedemo.com/,3305,0,0
1774386550417,3213,2 - Escolher Voo,200,OK,Teste de Carga - 250 usuarios 1-163,text,true,,7381,250,1,1,https://www.blazedemo.com/reserve.php,3196,0,0
